0 0.927734 0.720703 0.923828 0.724609 0.923828 0.732422 0.929688 0.738281 0.939453 0.738281 0.943359 0.734375 0.943359 0.726562 0.939453 0.722656 0.937500 0.722656 0.935547 0.720703
0 0.277344 0.621094 0.273438 0.625000 0.273438 0.632812 0.277344 0.636719 0.287109 0.636719 0.291016 0.632812 0.291016 0.625000 0.287109 0.621094
0 0.466797 0.587891 0.464844 0.589844 0.460938 0.589844 0.457031 0.593750 0.457031 0.601562 0.460938 0.605469 0.462891 0.605469 0.466797 0.609375 0.466797 0.613281 0.468750 0.615234 0.466797 0.617188 0.458984 0.617188 0.457031 0.615234 0.447266 0.615234 0.443359 0.619141 0.443359 0.621094 0.439453 0.625000 0.433594 0.625000 0.431641 0.623047 0.431641 0.613281 0.427734 0.609375 0.419922 0.609375 0.416016 0.613281 0.416016 0.619141 0.414062 0.621094 0.414062 0.630859 0.417969 0.634766 0.423828 0.634766 0.433594 0.644531 0.447266 0.644531 0.449219 0.642578 0.466797 0.642578 0.470703 0.638672 0.470703 0.621094 0.468750 0.619141 0.470703 0.617188 0.478516 0.617188 0.482422 0.613281 0.482422 0.611328 0.484375 0.609375 0.496094 0.609375 0.498047 0.611328 0.498047 0.615234 0.501953 0.619141 0.509766 0.619141 0.513672 0.615234 0.513672 0.613281 0.517578 0.609375 0.517578 0.607422 0.519531 0.605469 0.521484 0.605469 0.525391 0.601562 0.525391 0.593750 0.521484 0.589844 0.494141 0.589844 0.490234 0.593750 0.488281 0.593750 0.482422 0.587891
0 0.509766 0.507812 0.507812 0.509766 0.505859 0.509766 0.501953 0.513672 0.501953 0.521484 0.505859 0.525391 0.505859 0.529297 0.503906 0.531250 0.490234 0.531250 0.484375 0.537109 0.484375 0.544922 0.488281 0.548828 0.490234 0.548828 0.494141 0.552734 0.505859 0.552734 0.509766 0.548828 0.509766 0.546875 0.513672 0.542969 0.515625 0.544922 0.515625 0.556641 0.519531 0.560547 0.541016 0.560547 0.544922 0.556641 0.548828 0.556641 0.554688 0.550781 0.556641 0.550781 0.558594 0.552734 0.570312 0.552734 0.572266 0.554688 0.572266 0.556641 0.570312 0.558594 0.558594 0.558594 0.556641 0.560547 0.554688 0.560547 0.548828 0.566406 0.542969 0.566406 0.539062 0.570312 0.539062 0.583984 0.542969 0.587891 0.552734 0.587891 0.562500 0.578125 0.564453 0.580078 0.564453 0.582031 0.568359 0.585938 0.576172 0.585938 0.583984 0.578125 0.583984 0.576172 0.585938 0.574219 0.585938 0.572266 0.587891 0.570312 0.587891 0.562500 0.589844 0.560547 0.593750 0.560547 0.597656 0.556641 0.597656 0.541016 0.593750 0.537109 0.568359 0.537109 0.566406 0.535156 0.566406 0.533203 0.560547 0.527344 0.550781 0.527344 0.546875 0.531250 0.546875 0.533203 0.539062 0.541016 0.537109 0.541016 0.533203 0.544922 0.531250 0.542969 0.531250 0.533203 0.535156 0.529297 0.535156 0.519531 0.529297 0.513672 0.529297 0.511719 0.525391 0.507812
0 0.566406 0.400391 0.562500 0.404297 0.562500 0.406250 0.560547 0.408203 0.560547 0.417969 0.564453 0.421875 0.576172 0.421875 0.578125 0.419922 0.580078 0.419922 0.583984 0.416016 0.583984 0.404297 0.580078 0.400391
0 0.558594 0.347656 0.554688 0.351562 0.554688 0.359375 0.558594 0.363281 0.560547 0.363281 0.564453 0.367188 0.566406 0.367188 0.570312 0.371094 0.576172 0.371094 0.578125 0.373047 0.578125 0.380859 0.582031 0.384766 0.589844 0.384766 0.593750 0.380859 0.593750 0.373047 0.589844 0.369141 0.583984 0.369141 0.582031 0.367188 0.582031 0.355469 0.578125 0.351562 0.574219 0.351562 0.572266 0.349609 0.570312 0.349609 0.568359 0.347656
0 0.611328 0.328125 0.607422 0.332031 0.607422 0.339844 0.609375 0.341797 0.609375 0.343750 0.619141 0.353516 0.634766 0.353516 0.638672 0.349609 0.638672 0.335938 0.634766 0.332031 0.625000 0.332031 0.621094 0.328125
0 0.558594 0.294922 0.554688 0.298828 0.554688 0.306641 0.558594 0.310547 0.566406 0.310547 0.570312 0.306641 0.570312 0.298828 0.566406 0.294922
0 0.533203 0.281250 0.529297 0.285156 0.529297 0.292969 0.533203 0.296875 0.541016 0.296875 0.544922 0.292969 0.544922 0.285156 0.541016 0.281250
0 0.667969 0.189453 0.666016 0.191406 0.662109 0.191406 0.656250 0.197266 0.652344 0.197266 0.644531 0.205078 0.644531 0.210938 0.640625 0.214844 0.638672 0.214844 0.634766 0.218750 0.634766 0.220703 0.632812 0.222656 0.632812 0.224609 0.630859 0.226562 0.630859 0.236328 0.626953 0.240234 0.626953 0.242188 0.623047 0.246094 0.621094 0.246094 0.617188 0.250000 0.617188 0.261719 0.621094 0.265625 0.628906 0.265625 0.632812 0.261719 0.634766 0.261719 0.638672 0.257812 0.638672 0.255859 0.642578 0.251953 0.642578 0.250000 0.644531 0.248047 0.650391 0.248047 0.652344 0.246094 0.658203 0.246094 0.660156 0.244141 0.662109 0.246094 0.662109 0.248047 0.666016 0.251953 0.683594 0.251953 0.687500 0.248047 0.687500 0.240234 0.683594 0.236328 0.683594 0.234375 0.681641 0.232422 0.681641 0.222656 0.687500 0.216797 0.687500 0.207031 0.679688 0.199219 0.679688 0.193359 0.675781 0.189453
0 0.000000 0.000000 0.000000 0.333984 0.001953 0.333984 0.003906 0.332031 0.005859 0.332031 0.007812 0.333984 0.007812 0.345703 0.009766 0.347656 0.009766 0.349609 0.011719 0.351562 0.011719 0.353516 0.013672 0.355469 0.015625 0.355469 0.017578 0.357422 0.019531 0.357422 0.021484 0.359375 0.054688 0.359375 0.056641 0.357422 0.072266 0.357422 0.074219 0.355469 0.083984 0.355469 0.085938 0.357422 0.085938 0.363281 0.087891 0.365234 0.087891 0.367188 0.089844 0.369141 0.089844 0.371094 0.087891 0.373047 0.085938 0.373047 0.083984 0.375000 0.082031 0.375000 0.080078 0.376953 0.078125 0.376953 0.076172 0.378906 0.076172 0.380859 0.074219 0.382812 0.072266 0.382812 0.066406 0.388672 0.064453 0.388672 0.062500 0.390625 0.060547 0.390625 0.058594 0.392578 0.046875 0.392578 0.044922 0.394531 0.042969 0.394531 0.041016 0.396484 0.039062 0.396484 0.037109 0.398438 0.037109 0.400391 0.035156 0.402344 0.035156 0.404297 0.031250 0.408203 0.011719 0.408203 0.009766 0.410156 0.007812 0.410156 0.005859 0.412109 0.003906 0.412109 0.001953 0.414062 0.001953 0.416016 0.000000 0.417969 0.000000 0.437500 0.001953 0.439453 0.001953 0.441406 0.003906 0.443359 0.005859 0.443359 0.007812 0.445312 0.009766 0.445312 0.011719 0.447266 0.058594 0.447266 0.060547 0.445312 0.062500 0.445312 0.064453 0.443359 0.066406 0.443359 0.068359 0.441406 0.070312 0.441406 0.072266 0.439453 0.074219 0.439453 0.076172 0.437500 0.078125 0.437500 0.080078 0.435547 0.080078 0.433594 0.082031 0.431641 0.082031 0.429688 0.083984 0.427734 0.087891 0.431641 0.087891 0.435547 0.089844 0.437500 0.089844 0.439453 0.091797 0.441406 0.091797 0.443359 0.093750 0.445312 0.095703 0.445312 0.097656 0.447266 0.099609 0.447266 0.101562 0.449219 0.134766 0.449219 0.136719 0.447266 0.142578 0.447266 0.144531 0.449219 0.144531 0.455078 0.142578 0.457031 0.109375 0.457031 0.107422 0.458984 0.105469 0.458984 0.103516 0.460938 0.099609 0.460938 0.097656 0.462891 0.095703 0.462891 0.093750 0.464844 0.091797 0.464844 0.085938 0.470703 0.082031 0.470703 0.080078 0.468750 0.074219 0.468750 0.072266 0.466797 0.037109 0.466797 0.035156 0.468750 0.033203 0.468750 0.031250 0.470703 0.029297 0.470703 0.021484 0.478516 0.019531 0.478516 0.017578 0.480469 0.015625 0.480469 0.013672 0.482422 0.011719 0.482422 0.009766 0.484375 0.007812 0.484375 0.003906 0.488281 0.001953 0.488281 0.000000 0.490234 0.000000 0.517578 0.001953 0.519531 0.003906 0.519531 0.005859 0.521484 0.007812 0.521484 0.009766 0.523438 0.027344 0.523438 0.029297 0.521484 0.031250 0.521484 0.033203 0.519531 0.035156 0.519531 0.041016 0.513672 0.042969 0.513672 0.044922 0.511719 0.046875 0.511719 0.050781 0.507812 0.052734 0.507812 0.054688 0.505859 0.064453 0.505859 0.066406 0.507812 0.068359 0.507812 0.070312 0.509766 0.072266 0.509766 0.074219 0.511719 0.070312 0.515625 0.070312 0.517578 0.068359 0.519531 0.068359 0.521484 0.066406 0.523438 0.066406 0.558594 0.068359 0.560547 0.068359 0.576172 0.066406 0.578125 0.046875 0.578125 0.044922 0.580078 0.042969 0.580078 0.041016 0.582031 0.039062 0.582031 0.037109 0.583984 0.037109 0.585938 0.035156 0.587891 0.035156 0.589844 0.033203 0.591797 0.033203 0.603516 0.031250 0.605469 0.031250 0.609375 0.029297 0.611328 0.029297 0.619141 0.023438 0.625000 0.021484 0.625000 0.019531 0.626953 0.003906 0.626953 0.001953 0.628906 0.000000 0.628906 0.000000 0.667969 0.001953 0.667969 0.003906 0.669922 0.015625 0.669922 0.017578 0.667969 0.019531 0.667969 0.021484 0.666016 0.027344 0.666016 0.029297 0.667969 0.027344 0.669922 0.027344 0.671875 0.025391 0.673828 0.025391 0.675781 0.023438 0.677734 0.023438 0.689453 0.025391 0.691406 0.025391 0.701172 0.027344 0.703125 0.027344 0.705078 0.025391 0.707031 0.015625 0.707031 0.013672 0.705078 0.011719 0.705078 0.009766 0.703125 0.003906 0.703125 0.001953 0.701172 0.000000 0.701172 0.000000 0.998047 0.998047 0.998047 0.998047 0.830078 0.996094 0.830078 0.992188 0.826172 0.990234 0.826172 0.986328 0.822266 0.984375 0.822266 0.982422 0.820312 0.980469 0.820312 0.978516 0.818359 0.972656 0.818359 0.970703 0.816406 0.968750 0.816406 0.966797 0.814453 0.968750 0.812500 0.968750 0.802734 0.964844 0.798828 0.957031 0.798828 0.953125 0.802734 0.945312 0.802734 0.941406 0.806641 0.941406 0.812500 0.939453 0.814453 0.937500 0.812500 0.935547 0.812500 0.933594 0.810547 0.931641 0.810547 0.929688 0.808594 0.927734 0.808594 0.925781 0.806641 0.919922 0.806641 0.917969 0.804688 0.900391 0.804688 0.898438 0.802734 0.898438 0.796875 0.894531 0.792969 0.886719 0.792969 0.882812 0.796875 0.882812 0.802734 0.880859 0.804688 0.878906 0.802734 0.875000 0.802734 0.873047 0.800781 0.869141 0.800781 0.867188 0.798828 0.863281 0.798828 0.861328 0.796875 0.859375 0.796875 0.857422 0.794922 0.855469 0.794922 0.853516 0.792969 0.851562 0.792969 0.843750 0.785156 0.841797 0.785156 0.837891 0.781250 0.835938 0.781250 0.833984 0.779297 0.837891 0.775391 0.837891 0.767578 0.833984 0.763672 0.826172 0.763672 0.822266 0.767578 0.816406 0.761719 0.814453 0.761719 0.810547 0.757812 0.810547 0.751953 0.806641 0.748047 0.798828 0.748047 0.794922 0.751953 0.757812 0.751953 0.755859 0.750000 0.751953 0.750000 0.750000 0.748047 0.744141 0.748047 0.742188 0.746094 0.738281 0.746094 0.736328 0.744141 0.730469 0.744141 0.728516 0.742188 0.724609 0.742188 0.722656 0.740234 0.716797 0.740234 0.714844 0.738281 0.714844 0.728516 0.710938 0.724609 0.703125 0.724609 0.699219 0.728516 0.699219 0.730469 0.697266 0.732422 0.695312 0.732422 0.691406 0.728516 0.689453 0.728516 0.687500 0.726562 0.685547 0.726562 0.683594 0.724609 0.679688 0.724609 0.677734 0.722656 0.671875 0.722656 0.669922 0.720703 0.662109 0.720703 0.660156 0.718750 0.656250 0.718750 0.654297 0.716797 0.648438 0.716797 0.646484 0.714844 0.640625 0.714844 0.638672 0.712891 0.636719 0.712891 0.634766 0.710938 0.632812 0.710938 0.630859 0.708984 0.628906 0.708984 0.626953 0.707031 0.625000 0.707031 0.623047 0.705078 0.621094 0.705078 0.619141 0.703125 0.613281 0.703125 0.611328 0.701172 0.609375 0.701172 0.607422 0.699219 0.605469 0.699219 0.603516 0.697266 0.599609 0.697266 0.597656 0.695312 0.595703 0.695312 0.593750 0.693359 0.591797 0.693359 0.587891 0.689453 0.585938 0.689453 0.582031 0.685547 0.580078 0.685547 0.578125 0.683594 0.576172 0.683594 0.574219 0.681641 0.574219 0.679688 0.576172 0.677734 0.578125 0.677734 0.580078 0.675781 0.580078 0.673828 0.582031 0.671875 0.582031 0.669922 0.583984 0.667969 0.585938 0.667969 0.587891 0.666016 0.587891 0.664062 0.589844 0.662109 0.591797 0.662109 0.593750 0.664062 0.603516 0.664062 0.607422 0.667969 0.609375 0.667969 0.611328 0.669922 0.613281 0.669922 0.615234 0.671875 0.632812 0.671875 0.634766 0.669922 0.636719 0.669922 0.638672 0.667969 0.640625 0.667969 0.642578 0.666016 0.642578 0.664062 0.644531 0.662109 0.644531 0.660156 0.646484 0.658203 0.648438 0.660156 0.648438 0.669922 0.650391 0.671875 0.650391 0.673828 0.652344 0.675781 0.652344 0.677734 0.654297 0.679688 0.656250 0.679688 0.658203 0.681641 0.660156 0.681641 0.662109 0.683594 0.679688 0.683594 0.681641 0.681641 0.683594 0.681641 0.685547 0.679688 0.687500 0.679688 0.689453 0.677734 0.726562 0.677734 0.728516 0.675781 0.730469 0.675781 0.732422 0.673828 0.734375 0.673828 0.736328 0.671875 0.736328 0.669922 0.738281 0.667969 0.738281 0.666016 0.740234 0.664062 0.740234 0.648438 0.744141 0.644531 0.744141 0.642578 0.751953 0.634766 0.753906 0.634766 0.755859 0.632812 0.755859 0.630859 0.757812 0.628906 0.757812 0.626953 0.759766 0.625000 0.759766 0.621094 0.761719 0.619141 0.779297 0.619141 0.781250 0.621094 0.781250 0.625000 0.779297 0.626953 0.779297 0.634766 0.777344 0.636719 0.777344 0.638672 0.775391 0.640625 0.775391 0.644531 0.773438 0.646484 0.773438 0.648438 0.769531 0.652344 0.769531 0.654297 0.767578 0.656250 0.767578 0.658203 0.765625 0.660156 0.765625 0.662109 0.763672 0.664062 0.763672 0.666016 0.761719 0.667969 0.761719 0.669922 0.759766 0.671875 0.759766 0.685547 0.761719 0.687500 0.761719 0.689453 0.763672 0.691406 0.763672 0.695312 0.761719 0.697266 0.761719 0.699219 0.759766 0.701172 0.759766 0.716797 0.761719 0.718750 0.761719 0.720703 0.763672 0.722656 0.763672 0.724609 0.765625 0.726562 0.767578 0.726562 0.769531 0.728516 0.771484 0.728516 0.773438 0.730469 0.785156 0.730469 0.787109 0.728516 0.789062 0.728516 0.791016 0.726562 0.796875 0.726562 0.798828 0.728516 0.800781 0.728516 0.802734 0.730469 0.804688 0.730469 0.806641 0.732422 0.861328 0.732422 0.863281 0.730469 0.867188 0.730469 0.869141 0.728516 0.871094 0.728516 0.873047 0.726562 0.884766 0.726562 0.886719 0.724609 0.892578 0.724609 0.894531 0.722656 0.896484 0.722656 0.898438 0.720703 0.900391 0.720703 0.902344 0.718750 0.919922 0.718750 0.921875 0.716797 0.939453 0.716797 0.941406 0.714844 0.943359 0.714844 0.945312 0.712891 0.947266 0.712891 0.949219 0.714844 0.949219 0.720703 0.953125 0.724609 0.962891 0.724609 0.964844 0.722656 0.966797 0.722656 0.968750 0.720703 0.970703 0.720703 0.972656 0.722656 0.972656 0.724609 0.970703 0.726562 0.968750 0.726562 0.964844 0.730469 0.960938 0.730469 0.957031 0.734375 0.957031 0.742188 0.958984 0.744141 0.958984 0.750000 0.955078 0.753906 0.955078 0.773438 0.960938 0.779297 0.964844 0.779297 0.966797 0.781250 0.966797 0.783203 0.970703 0.787109 0.978516 0.787109 0.982422 0.783203 0.982422 0.771484 0.976562 0.765625 0.972656 0.765625 0.970703 0.763672 0.970703 0.761719 0.972656 0.759766 0.982422 0.759766 0.990234 0.751953 0.992188 0.751953 0.996094 0.748047 0.996094 0.746094 0.998047 0.744141 0.998047 0.673828 0.994141 0.673828 0.990234 0.677734 0.990234 0.683594 0.986328 0.687500 0.982422 0.687500 0.980469 0.689453 0.976562 0.689453 0.966797 0.699219 0.966797 0.703125 0.964844 0.705078 0.960938 0.705078 0.958984 0.707031 0.957031 0.707031 0.955078 0.708984 0.953125 0.708984 0.951172 0.707031 0.951172 0.705078 0.953125 0.703125 0.953125 0.695312 0.955078 0.693359 0.955078 0.681641 0.957031 0.679688 0.958984 0.679688 0.960938 0.677734 0.962891 0.677734 0.964844 0.675781 0.964844 0.673828 0.966797 0.671875 0.966797 0.669922 0.968750 0.667969 0.968750 0.666016 0.974609 0.660156 0.976562 0.662109 0.978516 0.662109 0.980469 0.664062 0.998047 0.664062 0.998047 0.152344 0.996094 0.150391 0.982422 0.150391 0.980469 0.152344 0.978516 0.152344 0.976562 0.154297 0.916016 0.154297 0.912109 0.150391 0.914062 0.148438 0.914062 0.146484 0.916016 0.144531 0.916016 0.126953 0.917969 0.125000 0.931641 0.125000 0.933594 0.123047 0.958984 0.123047 0.960938 0.125000 0.992188 0.125000 0.994141 0.123047 0.996094 0.123047 0.998047 0.121094 0.998047 0.062500 0.988281 0.062500 0.986328 0.064453 0.984375 0.064453 0.982422 0.066406 0.980469 0.066406 0.970703 0.076172 0.964844 0.076172 0.962891 0.074219 0.962891 0.064453 0.964844 0.062500 0.974609 0.062500 0.976562 0.060547 0.978516 0.060547 0.980469 0.058594 0.982422 0.058594 0.984375 0.056641 0.984375 0.054688 0.986328 0.052734 0.986328 0.050781 0.992188 0.044922 0.994141 0.044922 0.996094 0.042969 0.998047 0.042969 0.998047 0.000000 0.759766 0.000000 0.759766 0.013672 0.763672 0.017578 0.765625 0.017578 0.769531 0.021484 0.777344 0.021484 0.783203 0.015625 0.791016 0.015625 0.792969 0.017578 0.791016 0.019531 0.791016 0.021484 0.783203 0.029297 0.783203 0.031250 0.781250 0.033203 0.781250 0.035156 0.779297 0.037109 0.779297 0.046875 0.777344 0.048828 0.759766 0.048828 0.757812 0.050781 0.750000 0.050781 0.748047 0.052734 0.746094 0.052734 0.744141 0.054688 0.742188 0.054688 0.738281 0.058594 0.738281 0.060547 0.736328 0.062500 0.736328 0.064453 0.734375 0.066406 0.734375 0.078125 0.736328 0.080078 0.736328 0.082031 0.738281 0.083984 0.738281 0.085938 0.740234 0.087891 0.742188 0.087891 0.744141 0.089844 0.746094 0.089844 0.748047 0.091797 0.753906 0.091797 0.755859 0.093750 0.755859 0.103516 0.757812 0.105469 0.757812 0.107422 0.751953 0.113281 0.751953 0.115234 0.750000 0.117188 0.750000 0.119141 0.748047 0.121094 0.748047 0.125000 0.746094 0.126953 0.742188 0.126953 0.740234 0.125000 0.718750 0.125000 0.716797 0.126953 0.714844 0.126953 0.712891 0.128906 0.710938 0.128906 0.708984 0.130859 0.707031 0.130859 0.705078 0.132812 0.705078 0.134766 0.703125 0.136719 0.703125 0.138672 0.701172 0.140625 0.701172 0.152344 0.703125 0.154297 0.703125 0.156250 0.705078 0.158203 0.705078 0.160156 0.707031 0.162109 0.708984 0.162109 0.710938 0.164062 0.712891 0.164062 0.714844 0.166016 0.732422 0.166016 0.734375 0.167969 0.732422 0.169922 0.732422 0.175781 0.730469 0.177734 0.730469 0.179688 0.724609 0.185547 0.724609 0.187500 0.722656 0.189453 0.722656 0.191406 0.716797 0.197266 0.716797 0.199219 0.714844 0.201172 0.714844 0.203125 0.712891 0.205078 0.712891 0.212891 0.710938 0.214844 0.710938 0.220703 0.708984 0.222656 0.708984 0.226562 0.707031 0.228516 0.707031 0.230469 0.703125 0.234375 0.703125 0.236328 0.701172 0.238281 0.701172 0.240234 0.699219 0.242188 0.699219 0.244141 0.697266 0.246094 0.697266 0.248047 0.695312 0.250000 0.695312 0.255859 0.691406 0.259766 0.691406 0.261719 0.689453 0.263672 0.689453 0.265625 0.687500 0.267578 0.687500 0.269531 0.685547 0.271484 0.685547 0.275391 0.683594 0.277344 0.683594 0.279297 0.681641 0.281250 0.681641 0.283203 0.679688 0.285156 0.679688 0.287109 0.669922 0.296875 0.667969 0.296875 0.664062 0.300781 0.664062 0.302734 0.656250 0.310547 0.656250 0.312500 0.654297 0.314453 0.654297 0.316406 0.652344 0.318359 0.652344 0.345703 0.650391 0.347656 0.646484 0.347656 0.642578 0.351562 0.642578 0.359375 0.640625 0.361328 0.634766 0.361328 0.632812 0.363281 0.630859 0.363281 0.628906 0.365234 0.625000 0.365234 0.621094 0.369141 0.621094 0.378906 0.619141 0.380859 0.609375 0.380859 0.605469 0.384766 0.605469 0.392578 0.609375 0.396484 0.626953 0.396484 0.632812 0.390625 0.632812 0.382812 0.634766 0.380859 0.650391 0.380859 0.652344 0.378906 0.656250 0.382812 0.656250 0.390625 0.654297 0.392578 0.654297 0.406250 0.652344 0.408203 0.652344 0.416016 0.646484 0.421875 0.644531 0.421875 0.642578 0.423828 0.640625 0.423828 0.638672 0.425781 0.636719 0.425781 0.634766 0.427734 0.630859 0.427734 0.628906 0.429688 0.625000 0.429688 0.623047 0.431641 0.621094 0.431641 0.619141 0.433594 0.617188 0.433594 0.615234 0.435547 0.615234 0.437500 0.613281 0.439453 0.613281 0.441406 0.611328 0.443359 0.611328 0.455078 0.613281 0.457031 0.613281 0.458984 0.615234 0.460938 0.615234 0.462891 0.617188 0.464844 0.619141 0.464844 0.621094 0.466797 0.623047 0.466797 0.625000 0.468750 0.626953 0.468750 0.628906 0.470703 0.626953 0.472656 0.626953 0.474609 0.625000 0.476562 0.625000 0.478516 0.623047 0.480469 0.621094 0.480469 0.619141 0.482422 0.617188 0.480469 0.617188 0.476562 0.613281 0.472656 0.611328 0.472656 0.609375 0.470703 0.605469 0.470703 0.603516 0.468750 0.603516 0.464844 0.597656 0.458984 0.574219 0.458984 0.568359 0.464844 0.566406 0.464844 0.562500 0.468750 0.562500 0.482422 0.566406 0.486328 0.568359 0.486328 0.570312 0.488281 0.591797 0.488281 0.593750 0.490234 0.613281 0.490234 0.615234 0.492188 0.615234 0.496094 0.613281 0.498047 0.613281 0.513672 0.615234 0.515625 0.615234 0.517578 0.617188 0.519531 0.617188 0.521484 0.619141 0.523438 0.621094 0.523438 0.623047 0.525391 0.621094 0.527344 0.621094 0.529297 0.619141 0.531250 0.619141 0.533203 0.617188 0.535156 0.617188 0.539062 0.613281 0.542969 0.613281 0.544922 0.611328 0.546875 0.611328 0.548828 0.609375 0.550781 0.607422 0.550781 0.605469 0.552734 0.605469 0.554688 0.603516 0.556641 0.603516 0.558594 0.601562 0.560547 0.601562 0.562500 0.599609 0.564453 0.599609 0.568359 0.597656 0.570312 0.597656 0.585938 0.593750 0.589844 0.591797 0.589844 0.589844 0.591797 0.587891 0.591797 0.582031 0.597656 0.580078 0.597656 0.576172 0.601562 0.574219 0.601562 0.570312 0.605469 0.570312 0.607422 0.566406 0.611328 0.566406 0.613281 0.564453 0.615234 0.564453 0.617188 0.562500 0.619141 0.560547 0.619141 0.558594 0.621094 0.558594 0.623047 0.556641 0.625000 0.556641 0.626953 0.554688 0.628906 0.554688 0.632812 0.552734 0.634766 0.552734 0.638672 0.550781 0.640625 0.548828 0.638672 0.548828 0.626953 0.544922 0.623047 0.535156 0.623047 0.531250 0.626953 0.523438 0.626953 0.519531 0.630859 0.519531 0.636719 0.515625 0.640625 0.515625 0.648438 0.519531 0.652344 0.533203 0.652344 0.535156 0.650391 0.541016 0.650391 0.542969 0.652344 0.542969 0.654297 0.541016 0.656250 0.541016 0.667969 0.542969 0.669922 0.542969 0.671875 0.544922 0.673828 0.542969 0.675781 0.500000 0.675781 0.498047 0.677734 0.496094 0.675781 0.490234 0.675781 0.488281 0.673828 0.478516 0.673828 0.476562 0.671875 0.470703 0.671875 0.468750 0.669922 0.457031 0.669922 0.449219 0.662109 0.447266 0.662109 0.445312 0.660156 0.437500 0.660156 0.435547 0.658203 0.431641 0.658203 0.429688 0.656250 0.410156 0.656250 0.404297 0.662109 0.404297 0.667969 0.402344 0.669922 0.371094 0.669922 0.369141 0.667969 0.369141 0.666016 0.367188 0.664062 0.367188 0.662109 0.365234 0.660156 0.365234 0.658203 0.363281 0.656250 0.361328 0.656250 0.359375 0.654297 0.357422 0.654297 0.355469 0.652344 0.339844 0.652344 0.337891 0.654297 0.335938 0.654297 0.333984 0.656250 0.332031 0.656250 0.330078 0.658203 0.306641 0.658203 0.304688 0.660156 0.300781 0.660156 0.298828 0.662109 0.294922 0.662109 0.292969 0.664062 0.291016 0.664062 0.289062 0.666016 0.287109 0.666016 0.285156 0.667969 0.285156 0.669922 0.281250 0.673828 0.271484 0.673828 0.269531 0.675781 0.267578 0.675781 0.265625 0.673828 0.263672 0.673828 0.261719 0.671875 0.259766 0.671875 0.257812 0.669922 0.242188 0.669922 0.240234 0.671875 0.238281 0.671875 0.236328 0.673828 0.234375 0.673828 0.232422 0.675781 0.232422 0.677734 0.228516 0.681641 0.224609 0.681641 0.222656 0.683594 0.216797 0.683594 0.214844 0.685547 0.210938 0.681641 0.210938 0.679688 0.208984 0.677734 0.208984 0.675781 0.207031 0.673828 0.205078 0.673828 0.203125 0.671875 0.201172 0.671875 0.199219 0.669922 0.175781 0.669922 0.173828 0.671875 0.146484 0.671875 0.144531 0.673828 0.140625 0.673828 0.138672 0.675781 0.125000 0.675781 0.121094 0.671875 0.121094 0.669922 0.119141 0.667969 0.117188 0.667969 0.113281 0.664062 0.113281 0.646484 0.115234 0.644531 0.117188 0.646484 0.119141 0.646484 0.121094 0.648438 0.125000 0.648438 0.126953 0.650391 0.130859 0.650391 0.132812 0.652344 0.166016 0.652344 0.167969 0.650391 0.169922 0.650391 0.171875 0.648438 0.173828 0.648438 0.175781 0.646484 0.177734 0.646484 0.179688 0.644531 0.179688 0.642578 0.181641 0.640625 0.181641 0.638672 0.183594 0.636719 0.207031 0.636719 0.208984 0.634766 0.210938 0.634766 0.212891 0.632812 0.214844 0.632812 0.218750 0.628906 0.218750 0.626953 0.220703 0.625000 0.220703 0.623047 0.222656 0.621094 0.222656 0.617188 0.224609 0.615234 0.224609 0.599609 0.222656 0.597656 0.222656 0.595703 0.220703 0.593750 0.220703 0.591797 0.218750 0.589844 0.216797 0.589844 0.214844 0.587891 0.212891 0.587891 0.210938 0.585938 0.199219 0.585938 0.197266 0.587891 0.195312 0.587891 0.193359 0.589844 0.191406 0.589844 0.189453 0.591797 0.189453 0.593750 0.185547 0.597656 0.181641 0.597656 0.179688 0.599609 0.177734 0.599609 0.175781 0.601562 0.173828 0.601562 0.171875 0.603516 0.171875 0.605469 0.169922 0.607422 0.160156 0.607422 0.158203 0.605469 0.158203 0.603516 0.160156 0.601562 0.160156 0.574219 0.162109 0.572266 0.162109 0.564453 0.164062 0.562500 0.164062 0.537109 0.166016 0.535156 0.169922 0.535156 0.171875 0.533203 0.173828 0.533203 0.175781 0.531250 0.177734 0.531250 0.179688 0.529297 0.179688 0.527344 0.181641 0.525391 0.181641 0.523438 0.183594 0.521484 0.183594 0.507812 0.181641 0.505859 0.181641 0.503906 0.179688 0.501953 0.179688 0.500000 0.175781 0.496094 0.175781 0.494141 0.173828 0.492188 0.173828 0.490234 0.171875 0.488281 0.171875 0.482422 0.169922 0.480469 0.169922 0.476562 0.171875 0.474609 0.173828 0.474609 0.175781 0.472656 0.177734 0.474609 0.179688 0.474609 0.181641 0.476562 0.195312 0.476562 0.199219 0.480469 0.201172 0.480469 0.203125 0.482422 0.205078 0.482422 0.207031 0.484375 0.222656 0.484375 0.224609 0.486328 0.230469 0.486328 0.232422 0.488281 0.246094 0.488281 0.248047 0.490234 0.251953 0.490234 0.253906 0.492188 0.261719 0.492188 0.263672 0.494141 0.265625 0.494141 0.267578 0.496094 0.269531 0.496094 0.271484 0.498047 0.273438 0.498047 0.275391 0.500000 0.283203 0.500000 0.287109 0.503906 0.287109 0.515625 0.285156 0.517578 0.281250 0.517578 0.277344 0.513672 0.275391 0.513672 0.273438 0.511719 0.271484 0.511719 0.269531 0.509766 0.242188 0.509766 0.240234 0.507812 0.240234 0.505859 0.234375 0.500000 0.232422 0.500000 0.230469 0.498047 0.228516 0.498047 0.226562 0.496094 0.212891 0.496094 0.210938 0.498047 0.208984 0.498047 0.207031 0.500000 0.205078 0.500000 0.203125 0.501953 0.203125 0.503906 0.201172 0.505859 0.201172 0.507812 0.199219 0.509766 0.199219 0.521484 0.201172 0.523438 0.201172 0.525391 0.203125 0.527344 0.203125 0.529297 0.207031 0.533203 0.207031 0.541016 0.208984 0.542969 0.208984 0.546875 0.210938 0.548828 0.210938 0.550781 0.212891 0.552734 0.212891 0.562500 0.214844 0.564453 0.214844 0.566406 0.216797 0.568359 0.216797 0.570312 0.218750 0.572266 0.220703 0.572266 0.222656 0.574219 0.224609 0.574219 0.226562 0.576172 0.238281 0.576172 0.240234 0.574219 0.242188 0.574219 0.244141 0.572266 0.246094 0.572266 0.248047 0.570312 0.248047 0.568359 0.250000 0.566406 0.250000 0.564453 0.251953 0.562500 0.251953 0.550781 0.253906 0.548828 0.269531 0.548828 0.273438 0.552734 0.275391 0.552734 0.277344 0.554688 0.279297 0.554688 0.281250 0.556641 0.300781 0.556641 0.302734 0.554688 0.304688 0.554688 0.306641 0.552734 0.308594 0.552734 0.310547 0.550781 0.310547 0.548828 0.312500 0.546875 0.312500 0.544922 0.314453 0.542969 0.314453 0.531250 0.312500 0.529297 0.314453 0.527344 0.316406 0.527344 0.318359 0.525391 0.320312 0.525391 0.322266 0.523438 0.324219 0.525391 0.324219 0.537109 0.326172 0.539062 0.326172 0.541016 0.328125 0.542969 0.328125 0.544922 0.330078 0.546875 0.332031 0.546875 0.333984 0.548828 0.335938 0.548828 0.337891 0.550781 0.343750 0.550781 0.345703 0.552734 0.347656 0.552734 0.349609 0.554688 0.351562 0.554688 0.353516 0.556641 0.359375 0.556641 0.361328 0.558594 0.359375 0.560547 0.359375 0.572266 0.357422 0.574219 0.333984 0.574219 0.330078 0.570312 0.328125 0.570312 0.326172 0.568359 0.324219 0.568359 0.322266 0.566406 0.310547 0.566406 0.308594 0.568359 0.304688 0.568359 0.302734 0.570312 0.300781 0.570312 0.298828 0.572266 0.296875 0.572266 0.289062 0.580078 0.289062 0.582031 0.287109 0.583984 0.287109 0.585938 0.285156 0.587891 0.285156 0.601562 0.287109 0.603516 0.287109 0.605469 0.289062 0.607422 0.289062 0.609375 0.291016 0.611328 0.292969 0.611328 0.294922 0.613281 0.296875 0.613281 0.298828 0.615234 0.310547 0.615234 0.312500 0.613281 0.314453 0.615234 0.316406 0.615234 0.318359 0.617188 0.330078 0.617188 0.332031 0.615234 0.333984 0.615234 0.335938 0.613281 0.347656 0.613281 0.349609 0.615234 0.351562 0.615234 0.353516 0.617188 0.357422 0.617188 0.359375 0.619141 0.361328 0.619141 0.363281 0.621094 0.365234 0.621094 0.367188 0.623047 0.378906 0.623047 0.380859 0.621094 0.382812 0.621094 0.384766 0.619141 0.386719 0.619141 0.388672 0.617188 0.388672 0.615234 0.390625 0.613281 0.390625 0.611328 0.392578 0.609375 0.392578 0.605469 0.394531 0.603516 0.394531 0.601562 0.396484 0.599609 0.396484 0.593750 0.398438 0.591797 0.398438 0.587891 0.400391 0.585938 0.402344 0.585938 0.404297 0.583984 0.406250 0.583984 0.408203 0.582031 0.410156 0.582031 0.414062 0.585938 0.414062 0.593750 0.417969 0.597656 0.419922 0.597656 0.421875 0.599609 0.431641 0.599609 0.435547 0.595703 0.435547 0.589844 0.437500 0.587891 0.439453 0.587891 0.441406 0.585938 0.443359 0.585938 0.445312 0.583984 0.447266 0.583984 0.449219 0.582031 0.451172 0.582031 0.453125 0.580078 0.455078 0.580078 0.462891 0.572266 0.462891 0.570312 0.464844 0.568359 0.470703 0.574219 0.476562 0.574219 0.478516 0.576172 0.490234 0.576172 0.492188 0.574219 0.494141 0.574219 0.498047 0.570312 0.498047 0.562500 0.490234 0.554688 0.482422 0.554688 0.478516 0.558594 0.472656 0.552734 0.472656 0.546875 0.474609 0.544922 0.474609 0.537109 0.476562 0.535156 0.478516 0.535156 0.480469 0.533203 0.480469 0.531250 0.482422 0.529297 0.482422 0.527344 0.484375 0.525391 0.484375 0.511719 0.482422 0.509766 0.482422 0.507812 0.480469 0.505859 0.480469 0.503906 0.478516 0.501953 0.476562 0.501953 0.474609 0.500000 0.474609 0.492188 0.476562 0.490234 0.476562 0.482422 0.478516 0.480469 0.482422 0.480469 0.484375 0.478516 0.488281 0.478516 0.490234 0.476562 0.525391 0.476562 0.527344 0.474609 0.529297 0.474609 0.531250 0.476562 0.527344 0.480469 0.527344 0.484375 0.523438 0.488281 0.523438 0.498047 0.527344 0.501953 0.533203 0.501953 0.537109 0.505859 0.539062 0.505859 0.539062 0.503906 0.544922 0.498047 0.552734 0.498047 0.552734 0.492188 0.550781 0.490234 0.550781 0.484375 0.548828 0.482422 0.548828 0.478516 0.544922 0.474609 0.535156 0.474609 0.533203 0.472656 0.535156 0.470703 0.535156 0.468750 0.537109 0.466797 0.537109 0.464844 0.539062 0.462891 0.539062 0.460938 0.541016 0.458984 0.546875 0.458984 0.550781 0.455078 0.550781 0.445312 0.546875 0.441406 0.539062 0.441406 0.537109 0.443359 0.535156 0.443359 0.533203 0.441406 0.531250 0.441406 0.529297 0.439453 0.527344 0.439453 0.525391 0.437500 0.507812 0.437500 0.505859 0.435547 0.501953 0.435547 0.500000 0.433594 0.488281 0.433594 0.486328 0.431641 0.486328 0.421875 0.484375 0.419922 0.484375 0.417969 0.482422 0.416016 0.482422 0.414062 0.480469 0.412109 0.478516 0.412109 0.476562 0.410156 0.474609 0.410156 0.472656 0.408203 0.458984 0.408203 0.457031 0.410156 0.455078 0.410156 0.453125 0.412109 0.451172 0.412109 0.449219 0.414062 0.449219 0.416016 0.447266 0.417969 0.445312 0.416016 0.445312 0.408203 0.447266 0.406250 0.447266 0.396484 0.449219 0.394531 0.449219 0.392578 0.455078 0.386719 0.455078 0.384766 0.457031 0.382812 0.457031 0.380859 0.460938 0.376953 0.462891 0.376953 0.464844 0.378906 0.466797 0.378906 0.468750 0.380859 0.470703 0.380859 0.472656 0.382812 0.474609 0.382812 0.476562 0.384766 0.478516 0.384766 0.482422 0.388672 0.482422 0.394531 0.484375 0.396484 0.484375 0.398438 0.486328 0.400391 0.486328 0.402344 0.488281 0.404297 0.490234 0.404297 0.492188 0.406250 0.494141 0.406250 0.496094 0.408203 0.507812 0.408203 0.509766 0.406250 0.511719 0.408203 0.511719 0.414062 0.517578 0.419922 0.517578 0.425781 0.521484 0.429688 0.531250 0.429688 0.535156 0.425781 0.539062 0.425781 0.544922 0.419922 0.546875 0.419922 0.550781 0.416016 0.550781 0.414062 0.552734 0.412109 0.552734 0.396484 0.550781 0.394531 0.550781 0.392578 0.546875 0.388672 0.546875 0.384766 0.542969 0.380859 0.529297 0.380859 0.527344 0.378906 0.527344 0.365234 0.525391 0.363281 0.525391 0.361328 0.523438 0.359375 0.523438 0.357422 0.521484 0.355469 0.519531 0.355469 0.517578 0.353516 0.515625 0.353516 0.513672 0.351562 0.507812 0.351562 0.505859 0.349609 0.503906 0.349609 0.501953 0.347656 0.496094 0.347656 0.494141 0.345703 0.492188 0.345703 0.490234 0.343750 0.486328 0.343750 0.482422 0.339844 0.480469 0.339844 0.478516 0.337891 0.476562 0.337891 0.474609 0.335938 0.449219 0.335938 0.447266 0.337891 0.445312 0.335938 0.445312 0.326172 0.443359 0.324219 0.443359 0.322266 0.441406 0.320312 0.441406 0.318359 0.439453 0.316406 0.443359 0.312500 0.445312 0.312500 0.451172 0.306641 0.457031 0.312500 0.464844 0.312500 0.468750 0.308594 0.468750 0.300781 0.466797 0.298828 0.470703 0.294922 0.472656 0.296875 0.472656 0.298828 0.476562 0.302734 0.484375 0.302734 0.488281 0.298828 0.488281 0.291016 0.484375 0.287109 0.488281 0.283203 0.488281 0.281250 0.490234 0.279297 0.490234 0.277344 0.492188 0.275391 0.492188 0.273438 0.494141 0.271484 0.496094 0.273438 0.496094 0.275391 0.498047 0.277344 0.498047 0.294922 0.496094 0.296875 0.496094 0.304688 0.498047 0.306641 0.498047 0.310547 0.501953 0.314453 0.501953 0.318359 0.505859 0.322266 0.507812 0.322266 0.511719 0.326172 0.511719 0.328125 0.515625 0.332031 0.515625 0.333984 0.519531 0.337891 0.519531 0.341797 0.527344 0.349609 0.542969 0.349609 0.544922 0.347656 0.550781 0.347656 0.558594 0.339844 0.583984 0.339844 0.587891 0.335938 0.589844 0.335938 0.597656 0.328125 0.597656 0.316406 0.593750 0.312500 0.580078 0.312500 0.572266 0.320312 0.570312 0.320312 0.566406 0.324219 0.562500 0.320312 0.552734 0.320312 0.546875 0.314453 0.533203 0.314453 0.531250 0.316406 0.527344 0.312500 0.525391 0.312500 0.523438 0.310547 0.523438 0.300781 0.519531 0.296875 0.515625 0.296875 0.513672 0.294922 0.513672 0.287109 0.517578 0.283203 0.519531 0.283203 0.521484 0.281250 0.523438 0.281250 0.525391 0.279297 0.527344 0.279297 0.529297 0.277344 0.531250 0.277344 0.533203 0.275391 0.535156 0.275391 0.537109 0.273438 0.542969 0.273438 0.546875 0.269531 0.546875 0.263672 0.548828 0.261719 0.554688 0.261719 0.558594 0.257812 0.562500 0.257812 0.564453 0.255859 0.566406 0.257812 0.566406 0.267578 0.572266 0.273438 0.587891 0.273438 0.591797 0.269531 0.593750 0.269531 0.595703 0.267578 0.597656 0.267578 0.599609 0.269531 0.607422 0.269531 0.611328 0.265625 0.611328 0.251953 0.605469 0.246094 0.611328 0.240234 0.611328 0.232422 0.613281 0.230469 0.615234 0.230469 0.621094 0.224609 0.621094 0.218750 0.623047 0.216797 0.623047 0.212891 0.625000 0.210938 0.625000 0.208984 0.626953 0.207031 0.626953 0.191406 0.623047 0.187500 0.613281 0.187500 0.607422 0.193359 0.605469 0.191406 0.595703 0.191406 0.589844 0.197266 0.589844 0.205078 0.591797 0.207031 0.585938 0.212891 0.585938 0.214844 0.582031 0.218750 0.582031 0.222656 0.580078 0.224609 0.574219 0.224609 0.570312 0.228516 0.568359 0.228516 0.562500 0.234375 0.562500 0.238281 0.560547 0.240234 0.556641 0.240234 0.554688 0.242188 0.552734 0.242188 0.550781 0.244141 0.548828 0.244141 0.546875 0.246094 0.537109 0.246094 0.533203 0.242188 0.539062 0.236328 0.539062 0.234375 0.544922 0.228516 0.544922 0.226562 0.546875 0.224609 0.546875 0.222656 0.548828 0.220703 0.548828 0.195312 0.546875 0.193359 0.546875 0.185547 0.544922 0.183594 0.544922 0.181641 0.542969 0.179688 0.542969 0.175781 0.541016 0.173828 0.541016 0.169922 0.542969 0.167969 0.544922 0.167969 0.546875 0.166016 0.560547 0.166016 0.562500 0.164062 0.564453 0.164062 0.566406 0.162109 0.568359 0.162109 0.570312 0.160156 0.572266 0.160156 0.574219 0.162109 0.576172 0.162109 0.578125 0.164062 0.623047 0.164062 0.625000 0.162109 0.626953 0.162109 0.628906 0.160156 0.630859 0.160156 0.634766 0.156250 0.636719 0.156250 0.638672 0.158203 0.640625 0.158203 0.642578 0.160156 0.644531 0.160156 0.646484 0.162109 0.648438 0.162109 0.650391 0.164062 0.664062 0.164062 0.666016 0.162109 0.683594 0.162109 0.685547 0.160156 0.687500 0.160156 0.689453 0.158203 0.691406 0.158203 0.693359 0.156250 0.693359 0.154297 0.695312 0.152344 0.695312 0.150391 0.697266 0.148438 0.697266 0.136719 0.695312 0.134766 0.695312 0.132812 0.693359 0.130859 0.693359 0.128906 0.687500 0.123047 0.687500 0.121094 0.685547 0.119141 0.687500 0.117188 0.689453 0.117188 0.693359 0.113281 0.697266 0.113281 0.699219 0.111328 0.701172 0.111328 0.703125 0.109375 0.705078 0.109375 0.707031 0.107422 0.707031 0.105469 0.708984 0.103516 0.708984 0.101562 0.710938 0.099609 0.710938 0.087891 0.708984 0.085938 0.708984 0.083984 0.707031 0.082031 0.707031 0.080078 0.705078 0.078125 0.703125 0.078125 0.701172 0.076172 0.699219 0.076172 0.697266 0.074219 0.683594 0.074219 0.681641 0.072266 0.681641 0.064453 0.683594 0.062500 0.685547 0.062500 0.689453 0.058594 0.701172 0.058594 0.703125 0.056641 0.705078 0.056641 0.707031 0.054688 0.708984 0.054688 0.710938 0.052734 0.712891 0.052734 0.714844 0.050781 0.716797 0.050781 0.718750 0.048828 0.720703 0.048828 0.722656 0.046875 0.722656 0.044922 0.724609 0.042969 0.724609 0.041016 0.726562 0.039062 0.726562 0.033203 0.728516 0.031250 0.728516 0.029297 0.730469 0.027344 0.730469 0.021484 0.732422 0.019531 0.732422 0.000000 0.363281 0.000000 0.363281 0.007812 0.365234 0.009766 0.365234 0.011719 0.367188 0.013672 0.367188 0.025391 0.365234 0.027344 0.365234 0.029297 0.363281 0.031250 0.363281 0.033203 0.361328 0.035156 0.361328 0.039062 0.357422 0.042969 0.357422 0.044922 0.349609 0.052734 0.347656 0.050781 0.347656 0.037109 0.345703 0.035156 0.345703 0.033203 0.343750 0.031250 0.343750 0.029297 0.341797 0.027344 0.339844 0.027344 0.337891 0.025391 0.335938 0.025391 0.333984 0.023438 0.324219 0.023438 0.322266 0.021484 0.322266 0.019531 0.324219 0.017578 0.324219 0.000000 0.281250 0.000000 0.279297 0.001953 0.271484 0.001953 0.269531 0.003906 0.267578 0.003906 0.265625 0.005859 0.263672 0.005859 0.261719 0.007812 0.259766 0.005859 0.259766 0.003906 0.255859 0.000000 0.154297 0.000000 0.152344 0.001953 0.146484 0.001953 0.144531 0.003906 0.142578 0.003906 0.140625 0.005859 0.138672 0.005859 0.136719 0.007812 0.134766 0.007812 0.130859 0.011719 0.128906 0.011719 0.126953 0.013672 0.125000 0.013672 0.117188 0.021484 0.117188 0.023438 0.115234 0.025391 0.115234 0.027344 0.113281 0.029297 0.113281 0.033203 0.111328 0.035156 0.111328 0.037109 0.109375 0.039062 0.107422 0.039062 0.105469 0.041016 0.103516 0.041016 0.101562 0.042969 0.101562 0.044922 0.099609 0.046875 0.099609 0.048828 0.095703 0.052734 0.085938 0.052734 0.083984 0.050781 0.083984 0.023438 0.082031 0.021484 0.082031 0.019531 0.080078 0.017578 0.080078 0.015625 0.078125 0.013672 0.078125 0.005859 0.076172 0.003906 0.076172 0.001953 0.074219 0.000000