0 0.074219 0.986328 0.072266 0.988281 0.070312 0.988281 0.068359 0.990234 0.066406 0.990234 0.064453 0.992188 0.064453 0.994141 0.062500 0.996094 0.062500 0.998047 0.111328 0.998047 0.111328 0.990234 0.109375 0.988281 0.107422 0.988281 0.105469 0.986328 0.095703 0.986328 0.093750 0.988281 0.083984 0.988281 0.082031 0.986328
0 0.300781 0.970703 0.296875 0.974609 0.283203 0.974609 0.277344 0.980469 0.271484 0.980469 0.269531 0.982422 0.267578 0.982422 0.263672 0.986328 0.263672 0.998047 0.347656 0.998047 0.347656 0.988281 0.345703 0.986328 0.330078 0.986328 0.326172 0.990234 0.324219 0.990234 0.320312 0.994141 0.318359 0.994141 0.316406 0.992188 0.316406 0.976562 0.312500 0.972656 0.310547 0.972656 0.308594 0.970703
0 0.208984 0.964844 0.207031 0.966797 0.207031 0.974609 0.208984 0.976562 0.214844 0.976562 0.216797 0.978516 0.216797 0.984375 0.218750 0.986328 0.226562 0.986328 0.228516 0.984375 0.228516 0.976562 0.226562 0.974609 0.220703 0.974609 0.218750 0.972656 0.218750 0.966797 0.216797 0.964844
0 0.242188 0.945312 0.240234 0.947266 0.240234 0.955078 0.242188 0.957031 0.240234 0.958984 0.232422 0.958984 0.230469 0.960938 0.230469 0.968750 0.232422 0.970703 0.240234 0.970703 0.242188 0.968750 0.242188 0.960938 0.240234 0.958984 0.242188 0.957031 0.250000 0.957031 0.251953 0.955078 0.251953 0.947266 0.250000 0.945312
0 0.349609 0.921875 0.343750 0.927734 0.343750 0.937500 0.347656 0.941406 0.355469 0.941406 0.357422 0.943359 0.355469 0.945312 0.351562 0.945312 0.349609 0.947266 0.347656 0.947266 0.345703 0.949219 0.343750 0.949219 0.341797 0.951172 0.341797 0.958984 0.343750 0.960938 0.353516 0.960938 0.355469 0.958984 0.357422 0.958984 0.359375 0.957031 0.365234 0.957031 0.369141 0.953125 0.371094 0.953125 0.373047 0.951172 0.373047 0.949219 0.384766 0.937500 0.386719 0.937500 0.388672 0.935547 0.388672 0.925781 0.386719 0.923828 0.359375 0.923828 0.357422 0.921875
0 0.298828 0.892578 0.292969 0.898438 0.289062 0.898438 0.285156 0.902344 0.285156 0.904297 0.283203 0.906250 0.283203 0.908203 0.277344 0.914062 0.275391 0.914062 0.273438 0.916016 0.273438 0.935547 0.275391 0.937500 0.302734 0.937500 0.304688 0.935547 0.306641 0.935547 0.308594 0.933594 0.312500 0.933594 0.314453 0.931641 0.318359 0.935547 0.326172 0.935547 0.330078 0.931641 0.330078 0.925781 0.333984 0.921875 0.333984 0.916016 0.335938 0.914062 0.335938 0.906250 0.333984 0.904297 0.326172 0.904297 0.322266 0.908203 0.320312 0.906250 0.320312 0.896484 0.318359 0.894531 0.316406 0.894531 0.314453 0.892578
0 0.250000 0.888672 0.248047 0.890625 0.248047 0.896484 0.244141 0.900391 0.242188 0.900391 0.240234 0.898438 0.240234 0.894531 0.238281 0.892578 0.230469 0.892578 0.228516 0.894531 0.222656 0.894531 0.220703 0.896484 0.220703 0.900391 0.218750 0.902344 0.216797 0.900391 0.210938 0.900391 0.205078 0.894531 0.191406 0.894531 0.189453 0.896484 0.187500 0.896484 0.185547 0.894531 0.175781 0.894531 0.160156 0.910156 0.160156 0.925781 0.156250 0.929688 0.154297 0.929688 0.152344 0.931641 0.152344 0.933594 0.140625 0.945312 0.138672 0.945312 0.132812 0.951172 0.130859 0.951172 0.128906 0.953125 0.128906 0.970703 0.130859 0.972656 0.130859 0.974609 0.132812 0.976562 0.132812 0.978516 0.138672 0.984375 0.138672 0.986328 0.140625 0.988281 0.140625 0.990234 0.142578 0.992188 0.144531 0.992188 0.146484 0.994141 0.146484 0.996094 0.148438 0.998047 0.169922 0.998047 0.173828 0.994141 0.177734 0.994141 0.179688 0.992188 0.181641 0.992188 0.189453 0.984375 0.191406 0.984375 0.193359 0.982422 0.195312 0.982422 0.197266 0.980469 0.197266 0.968750 0.195312 0.966797 0.185547 0.966797 0.181641 0.962891 0.181641 0.957031 0.183594 0.955078 0.185547 0.955078 0.187500 0.957031 0.195312 0.957031 0.199219 0.960938 0.207031 0.960938 0.210938 0.957031 0.210938 0.947266 0.208984 0.945312 0.197266 0.945312 0.195312 0.943359 0.181641 0.943359 0.175781 0.937500 0.177734 0.935547 0.195312 0.935547 0.197266 0.933594 0.199219 0.933594 0.203125 0.937500 0.212891 0.937500 0.214844 0.935547 0.214844 0.927734 0.218750 0.923828 0.218750 0.921875 0.220703 0.919922 0.222656 0.921875 0.222656 0.929688 0.224609 0.931641 0.232422 0.931641 0.234375 0.929688 0.234375 0.914062 0.236328 0.912109 0.251953 0.912109 0.253906 0.910156 0.257812 0.910156 0.259766 0.908203 0.261719 0.908203 0.265625 0.904297 0.267578 0.904297 0.269531 0.902344 0.273438 0.902344 0.275391 0.900391 0.277344 0.900391 0.279297 0.898438 0.279297 0.890625 0.277344 0.888672
0 0.308594 0.867188 0.306641 0.869141 0.306641 0.880859 0.308594 0.882812 0.310547 0.882812 0.312500 0.884766 0.330078 0.884766 0.332031 0.886719 0.332031 0.894531 0.333984 0.896484 0.333984 0.898438 0.335938 0.900391 0.341797 0.900391 0.343750 0.902344 0.355469 0.902344 0.361328 0.896484 0.363281 0.896484 0.365234 0.894531 0.365234 0.884766 0.363281 0.882812 0.361328 0.882812 0.353516 0.875000 0.341797 0.875000 0.337891 0.871094 0.328125 0.871094 0.326172 0.873047 0.320312 0.873047 0.318359 0.871094 0.318359 0.869141 0.316406 0.867188
0 0.261719 0.861328 0.259766 0.863281 0.257812 0.863281 0.251953 0.869141 0.251953 0.876953 0.253906 0.878906 0.261719 0.878906 0.263672 0.876953 0.265625 0.876953 0.267578 0.875000 0.269531 0.875000 0.271484 0.873047 0.271484 0.863281 0.269531 0.861328
0 0.380859 0.855469 0.375000 0.861328 0.375000 0.863281 0.373047 0.865234 0.371094 0.865234 0.369141 0.867188 0.367188 0.865234 0.367188 0.861328 0.365234 0.859375 0.357422 0.859375 0.355469 0.861328 0.355469 0.869141 0.357422 0.871094 0.365234 0.871094 0.367188 0.869141 0.369141 0.871094 0.369141 0.875000 0.371094 0.876953 0.384766 0.876953 0.388672 0.880859 0.396484 0.880859 0.398438 0.878906 0.398438 0.861328 0.396484 0.859375 0.396484 0.857422 0.394531 0.855469
0 0.326172 0.824219 0.324219 0.826172 0.324219 0.828125 0.320312 0.832031 0.320312 0.841797 0.322266 0.843750 0.332031 0.843750 0.333984 0.841797 0.333984 0.837891 0.335938 0.835938 0.337891 0.835938 0.339844 0.833984 0.339844 0.826172 0.337891 0.824219
0 0.429688 0.810547 0.423828 0.816406 0.423828 0.822266 0.417969 0.828125 0.417969 0.830078 0.416016 0.832031 0.416016 0.833984 0.410156 0.839844 0.410156 0.849609 0.412109 0.851562 0.419922 0.851562 0.423828 0.847656 0.425781 0.847656 0.427734 0.849609 0.439453 0.849609 0.443359 0.845703 0.445312 0.845703 0.447266 0.843750 0.447266 0.835938 0.445312 0.833984 0.437500 0.833984 0.435547 0.832031 0.435547 0.828125 0.437500 0.826172 0.443359 0.826172 0.445312 0.824219 0.445312 0.814453 0.441406 0.810547
0 0.277344 0.810547 0.273438 0.814453 0.273438 0.826172 0.277344 0.830078 0.277344 0.832031 0.279297 0.833984 0.281250 0.833984 0.283203 0.835938 0.285156 0.835938 0.287109 0.837891 0.281250 0.843750 0.277344 0.843750 0.275391 0.845703 0.275391 0.853516 0.281250 0.859375 0.283203 0.859375 0.285156 0.861328 0.300781 0.861328 0.302734 0.859375 0.308594 0.859375 0.316406 0.851562 0.316406 0.835938 0.312500 0.832031 0.312500 0.830078 0.314453 0.828125 0.314453 0.818359 0.308594 0.812500 0.289062 0.812500 0.287109 0.810547
0 0.365234 0.791016 0.361328 0.794922 0.355469 0.794922 0.353516 0.796875 0.353516 0.804688 0.351562 0.806641 0.351562 0.818359 0.353516 0.820312 0.361328 0.820312 0.363281 0.818359 0.363281 0.806641 0.367188 0.802734 0.369141 0.804688 0.369141 0.808594 0.371094 0.810547 0.378906 0.810547 0.380859 0.808594 0.380859 0.800781 0.378906 0.798828 0.376953 0.798828 0.375000 0.796875 0.375000 0.792969 0.373047 0.791016
0 0.417969 0.777344 0.416016 0.779297 0.414062 0.779297 0.408203 0.785156 0.392578 0.785156 0.390625 0.787109 0.390625 0.800781 0.396484 0.806641 0.416016 0.806641 0.417969 0.804688 0.417969 0.800781 0.423828 0.794922 0.427734 0.794922 0.429688 0.796875 0.431641 0.796875 0.433594 0.798828 0.445312 0.798828 0.447266 0.796875 0.447266 0.781250 0.445312 0.779297 0.437500 0.779297 0.433594 0.783203 0.431641 0.781250 0.431641 0.779297 0.429688 0.777344
0 0.529297 0.769531 0.525391 0.773438 0.523438 0.771484 0.515625 0.771484 0.513672 0.773438 0.513672 0.781250 0.515625 0.783203 0.523438 0.783203 0.527344 0.779297 0.529297 0.781250 0.537109 0.781250 0.539062 0.779297 0.539062 0.771484 0.537109 0.769531
0 0.718750 0.482422 0.716797 0.484375 0.716797 0.492188 0.718750 0.494141 0.722656 0.494141 0.724609 0.496094 0.724609 0.498047 0.726562 0.500000 0.742188 0.500000 0.746094 0.496094 0.748047 0.496094 0.750000 0.494141 0.750000 0.484375 0.748047 0.482422 0.740234 0.482422 0.738281 0.484375 0.732422 0.484375 0.730469 0.482422
0 0.818359 0.398438 0.816406 0.400391 0.810547 0.400391 0.808594 0.402344 0.808594 0.410156 0.810547 0.412109 0.824219 0.412109 0.826172 0.410156 0.828125 0.410156 0.830078 0.408203 0.830078 0.400391 0.828125 0.398438
0 0.017578 0.000000 0.007812 0.009766 0.007812 0.011719 0.005859 0.013672 0.005859 0.015625 0.000000 0.021484 0.000000 0.203125 0.001953 0.203125 0.003906 0.205078 0.029297 0.205078 0.031250 0.203125 0.039062 0.203125 0.042969 0.207031 0.042969 0.208984 0.046875 0.212891 0.048828 0.212891 0.050781 0.214844 0.052734 0.214844 0.054688 0.216797 0.068359 0.216797 0.070312 0.214844 0.074219 0.214844 0.076172 0.212891 0.078125 0.212891 0.080078 0.210938 0.082031 0.210938 0.089844 0.203125 0.091797 0.203125 0.093750 0.201172 0.093750 0.199219 0.095703 0.197266 0.097656 0.197266 0.099609 0.195312 0.099609 0.193359 0.101562 0.191406 0.101562 0.189453 0.103516 0.187500 0.103516 0.175781 0.101562 0.173828 0.101562 0.171875 0.099609 0.169922 0.099609 0.167969 0.103516 0.164062 0.105469 0.164062 0.107422 0.162109 0.109375 0.164062 0.109375 0.175781 0.111328 0.177734 0.111328 0.179688 0.113281 0.181641 0.113281 0.183594 0.115234 0.185547 0.117188 0.185547 0.119141 0.187500 0.121094 0.187500 0.123047 0.189453 0.128906 0.189453 0.130859 0.191406 0.128906 0.193359 0.126953 0.193359 0.125000 0.195312 0.125000 0.197266 0.121094 0.201172 0.121094 0.203125 0.119141 0.205078 0.119141 0.207031 0.117188 0.208984 0.117188 0.218750 0.115234 0.220703 0.107422 0.220703 0.105469 0.218750 0.103516 0.218750 0.101562 0.216797 0.099609 0.216797 0.097656 0.214844 0.085938 0.214844 0.083984 0.216797 0.082031 0.216797 0.080078 0.218750 0.078125 0.218750 0.076172 0.220703 0.076172 0.222656 0.074219 0.224609 0.074219 0.226562 0.072266 0.228516 0.072266 0.240234 0.074219 0.242188 0.074219 0.244141 0.076172 0.246094 0.076172 0.250000 0.074219 0.251953 0.072266 0.250000 0.070312 0.250000 0.068359 0.248047 0.066406 0.248047 0.064453 0.246094 0.044922 0.246094 0.042969 0.248047 0.041016 0.248047 0.039062 0.250000 0.037109 0.250000 0.035156 0.251953 0.033203 0.251953 0.031250 0.253906 0.027344 0.253906 0.025391 0.255859 0.000000 0.255859 0.000000 0.294922 0.027344 0.294922 0.029297 0.296875 0.027344 0.298828 0.027344 0.300781 0.023438 0.304688 0.003906 0.304688 0.001953 0.306641 0.000000 0.306641 0.000000 0.361328 0.001953 0.361328 0.003906 0.363281 0.015625 0.363281 0.017578 0.361328 0.019531 0.361328 0.021484 0.359375 0.039062 0.359375 0.041016 0.361328 0.044922 0.361328 0.046875 0.363281 0.046875 0.369141 0.044922 0.371094 0.033203 0.371094 0.031250 0.373047 0.029297 0.373047 0.027344 0.375000 0.025391 0.375000 0.023438 0.376953 0.021484 0.376953 0.019531 0.378906 0.015625 0.378906 0.013672 0.380859 0.011719 0.380859 0.009766 0.382812 0.007812 0.382812 0.005859 0.384766 0.000000 0.384766 0.000000 0.669922 0.001953 0.671875 0.001953 0.673828 0.003906 0.675781 0.003906 0.677734 0.000000 0.681641 0.000000 0.957031 0.001953 0.957031 0.003906 0.958984 0.011719 0.958984 0.013672 0.960938 0.013672 0.970703 0.011719 0.972656 0.003906 0.972656 0.001953 0.974609 0.001953 0.978516 0.000000 0.980469 0.000000 0.998047 0.056641 0.998047 0.056641 0.986328 0.052734 0.982422 0.052734 0.978516 0.050781 0.976562 0.041016 0.976562 0.039062 0.978516 0.031250 0.978516 0.027344 0.982422 0.025391 0.980469 0.025391 0.978516 0.027344 0.976562 0.027344 0.962891 0.029297 0.960938 0.037109 0.960938 0.039062 0.962891 0.041016 0.962891 0.042969 0.964844 0.044922 0.964844 0.046875 0.966797 0.060547 0.966797 0.062500 0.964844 0.064453 0.964844 0.066406 0.962891 0.068359 0.962891 0.070312 0.960938 0.070312 0.958984 0.072266 0.957031 0.074219 0.957031 0.076172 0.958984 0.093750 0.958984 0.095703 0.957031 0.097656 0.957031 0.099609 0.955078 0.101562 0.955078 0.103516 0.953125 0.105469 0.953125 0.107422 0.951172 0.107422 0.949219 0.111328 0.945312 0.111328 0.943359 0.115234 0.939453 0.126953 0.939453 0.128906 0.937500 0.130859 0.937500 0.132812 0.935547 0.134766 0.935547 0.136719 0.933594 0.136719 0.931641 0.138672 0.929688 0.138672 0.927734 0.140625 0.925781 0.140625 0.904297 0.138672 0.902344 0.138672 0.900391 0.136719 0.898438 0.136719 0.894531 0.134766 0.892578 0.134766 0.890625 0.132812 0.888672 0.132812 0.875000 0.130859 0.873047 0.130859 0.871094 0.128906 0.869141 0.128906 0.867188 0.126953 0.865234 0.125000 0.865234 0.123047 0.863281 0.121094 0.863281 0.119141 0.861328 0.060547 0.861328 0.058594 0.859375 0.058594 0.857422 0.056641 0.855469 0.060547 0.851562 0.062500 0.851562 0.064453 0.849609 0.083984 0.849609 0.085938 0.851562 0.087891 0.851562 0.089844 0.853516 0.097656 0.853516 0.099609 0.855469 0.101562 0.855469 0.103516 0.857422 0.150391 0.857422 0.152344 0.855469 0.154297 0.855469 0.156250 0.853516 0.158203 0.853516 0.162109 0.857422 0.164062 0.857422 0.166016 0.859375 0.167969 0.859375 0.169922 0.861328 0.169922 0.863281 0.167969 0.865234 0.167969 0.873047 0.166016 0.875000 0.152344 0.875000 0.150391 0.876953 0.150391 0.884766 0.152344 0.886719 0.177734 0.886719 0.185547 0.878906 0.189453 0.878906 0.191406 0.880859 0.193359 0.880859 0.195312 0.882812 0.203125 0.882812 0.205078 0.884766 0.226562 0.884766 0.228516 0.882812 0.228516 0.880859 0.232422 0.876953 0.232422 0.865234 0.234375 0.863281 0.234375 0.855469 0.248047 0.841797 0.248047 0.837891 0.251953 0.833984 0.255859 0.837891 0.265625 0.837891 0.267578 0.835938 0.267578 0.826172 0.265625 0.824219 0.263672 0.824219 0.261719 0.822266 0.253906 0.822266 0.251953 0.820312 0.251953 0.810547 0.248047 0.806641 0.250000 0.804688 0.265625 0.804688 0.267578 0.802734 0.273438 0.802734 0.275391 0.800781 0.275391 0.798828 0.283203 0.791016 0.283203 0.787109 0.289062 0.781250 0.291016 0.781250 0.294922 0.777344 0.298828 0.777344 0.308594 0.767578 0.308594 0.765625 0.312500 0.761719 0.312500 0.759766 0.318359 0.753906 0.318359 0.750000 0.320312 0.748047 0.320312 0.746094 0.332031 0.734375 0.333984 0.734375 0.335938 0.732422 0.335938 0.730469 0.337891 0.728516 0.339844 0.728516 0.341797 0.726562 0.341797 0.724609 0.343750 0.722656 0.347656 0.722656 0.349609 0.720703 0.349609 0.708984 0.347656 0.707031 0.347656 0.703125 0.349609 0.701172 0.349609 0.695312 0.351562 0.693359 0.351562 0.683594 0.347656 0.679688 0.349609 0.677734 0.357422 0.677734 0.359375 0.675781 0.361328 0.675781 0.363281 0.673828 0.363281 0.662109 0.367188 0.658203 0.369141 0.658203 0.371094 0.656250 0.371094 0.652344 0.373047 0.650391 0.386719 0.650391 0.388672 0.648438 0.390625 0.648438 0.392578 0.646484 0.394531 0.646484 0.404297 0.636719 0.404297 0.634766 0.406250 0.632812 0.406250 0.630859 0.410156 0.626953 0.421875 0.626953 0.423828 0.625000 0.425781 0.625000 0.427734 0.623047 0.429688 0.623047 0.431641 0.621094 0.431641 0.619141 0.433594 0.617188 0.433594 0.615234 0.435547 0.613281 0.435547 0.601562 0.437500 0.599609 0.441406 0.603516 0.443359 0.603516 0.445312 0.605469 0.445312 0.607422 0.447266 0.609375 0.449219 0.609375 0.451172 0.611328 0.453125 0.611328 0.455078 0.613281 0.466797 0.613281 0.468750 0.611328 0.470703 0.611328 0.472656 0.609375 0.474609 0.609375 0.476562 0.607422 0.476562 0.605469 0.478516 0.603516 0.478516 0.601562 0.480469 0.599609 0.480469 0.595703 0.484375 0.591797 0.484375 0.589844 0.486328 0.587891 0.486328 0.585938 0.488281 0.583984 0.488281 0.560547 0.486328 0.558594 0.486328 0.556641 0.488281 0.554688 0.490234 0.554688 0.496094 0.548828 0.498047 0.548828 0.500000 0.546875 0.501953 0.546875 0.503906 0.544922 0.505859 0.544922 0.513672 0.537109 0.515625 0.537109 0.521484 0.531250 0.523438 0.531250 0.527344 0.527344 0.533203 0.527344 0.535156 0.525391 0.537109 0.527344 0.537109 0.531250 0.535156 0.533203 0.533203 0.533203 0.531250 0.535156 0.529297 0.535156 0.527344 0.537109 0.527344 0.539062 0.525391 0.541016 0.525391 0.542969 0.523438 0.544922 0.523438 0.566406 0.525391 0.568359 0.525391 0.570312 0.527344 0.572266 0.527344 0.574219 0.529297 0.576172 0.531250 0.576172 0.533203 0.578125 0.535156 0.578125 0.537109 0.580078 0.550781 0.580078 0.552734 0.578125 0.554688 0.578125 0.556641 0.576172 0.558594 0.576172 0.560547 0.574219 0.560547 0.572266 0.562500 0.570312 0.562500 0.568359 0.564453 0.566406 0.564453 0.554688 0.562500 0.552734 0.562500 0.544922 0.564453 0.542969 0.566406 0.542969 0.568359 0.541016 0.570312 0.541016 0.572266 0.539062 0.572266 0.537109 0.574219 0.535156 0.574219 0.533203 0.576172 0.531250 0.576172 0.525391 0.582031 0.519531 0.583984 0.519531 0.585938 0.517578 0.589844 0.517578 0.591797 0.515625 0.595703 0.519531 0.595703 0.521484 0.597656 0.523438 0.597656 0.525391 0.593750 0.529297 0.591797 0.529297 0.589844 0.531250 0.589844 0.533203 0.587891 0.535156 0.587891 0.537109 0.585938 0.539062 0.585938 0.552734 0.587891 0.554688 0.587891 0.556641 0.589844 0.558594 0.589844 0.560547 0.591797 0.562500 0.593750 0.562500 0.595703 0.564453 0.597656 0.564453 0.599609 0.566406 0.601562 0.566406 0.603516 0.568359 0.605469 0.568359 0.607422 0.570312 0.619141 0.570312 0.621094 0.572266 0.619141 0.574219 0.619141 0.585938 0.617188 0.587891 0.617188 0.597656 0.619141 0.599609 0.626953 0.599609 0.628906 0.597656 0.628906 0.585938 0.630859 0.583984 0.630859 0.574219 0.628906 0.572266 0.623047 0.572266 0.621094 0.570312 0.623047 0.568359 0.625000 0.568359 0.626953 0.566406 0.628906 0.566406 0.630859 0.564453 0.630859 0.562500 0.632812 0.560547 0.632812 0.558594 0.634766 0.556641 0.634766 0.554688 0.636719 0.552734 0.646484 0.552734 0.648438 0.550781 0.650391 0.550781 0.652344 0.548828 0.654297 0.548828 0.667969 0.535156 0.667969 0.533203 0.669922 0.531250 0.669922 0.529297 0.671875 0.527344 0.671875 0.515625 0.669922 0.513672 0.669922 0.511719 0.667969 0.509766 0.667969 0.507812 0.666016 0.505859 0.667969 0.503906 0.671875 0.503906 0.673828 0.501953 0.675781 0.501953 0.677734 0.500000 0.679688 0.500000 0.681641 0.498047 0.681641 0.496094 0.683594 0.494141 0.683594 0.492188 0.685547 0.490234 0.689453 0.490234 0.691406 0.488281 0.695312 0.488281 0.697266 0.486328 0.701172 0.486328 0.703125 0.484375 0.705078 0.484375 0.707031 0.482422 0.708984 0.482422 0.710938 0.480469 0.712891 0.480469 0.714844 0.478516 0.714844 0.476562 0.716797 0.474609 0.716797 0.472656 0.718750 0.470703 0.718750 0.466797 0.722656 0.462891 0.730469 0.462891 0.732422 0.460938 0.742188 0.460938 0.744141 0.458984 0.746094 0.458984 0.748047 0.457031 0.750000 0.458984 0.751953 0.458984 0.753906 0.460938 0.765625 0.460938 0.767578 0.458984 0.769531 0.458984 0.771484 0.457031 0.773438 0.457031 0.775391 0.455078 0.775391 0.453125 0.777344 0.451172 0.777344 0.449219 0.779297 0.447266 0.779297 0.433594 0.777344 0.431641 0.777344 0.429688 0.775391 0.427734 0.775391 0.423828 0.773438 0.421875 0.773438 0.419922 0.771484 0.417969 0.771484 0.416016 0.769531 0.414062 0.773438 0.410156 0.775391 0.410156 0.777344 0.408203 0.779297 0.408203 0.781250 0.406250 0.781250 0.404297 0.783203 0.402344 0.783203 0.400391 0.785156 0.398438 0.785156 0.384766 0.783203 0.382812 0.785156 0.380859 0.787109 0.380859 0.789062 0.378906 0.791016 0.378906 0.794922 0.375000 0.800781 0.375000 0.802734 0.373047 0.804688 0.373047 0.806641 0.371094 0.808594 0.371094 0.810547 0.369141 0.812500 0.369141 0.814453 0.367188 0.816406 0.367188 0.818359 0.365234 0.820312 0.365234 0.822266 0.363281 0.824219 0.363281 0.826172 0.361328 0.828125 0.363281 0.828125 0.369141 0.830078 0.371094 0.830078 0.373047 0.832031 0.375000 0.832031 0.376953 0.830078 0.378906 0.830078 0.386719 0.832031 0.388672 0.832031 0.396484 0.833984 0.398438 0.849609 0.398438 0.851562 0.396484 0.851562 0.394531 0.853516 0.392578 0.855469 0.392578 0.857422 0.394531 0.861328 0.394531 0.863281 0.396484 0.859375 0.400391 0.859375 0.402344 0.857422 0.404297 0.855469 0.404297 0.849609 0.410156 0.847656 0.410156 0.839844 0.417969 0.835938 0.417969 0.833984 0.419922 0.832031 0.419922 0.830078 0.421875 0.828125 0.419922 0.824219 0.419922 0.822266 0.417969 0.816406 0.417969 0.814453 0.416016 0.806641 0.416016 0.804688 0.417969 0.804688 0.425781 0.810547 0.431641 0.808594 0.433594 0.802734 0.433594 0.800781 0.435547 0.798828 0.435547 0.796875 0.437500 0.794922 0.437500 0.789062 0.443359 0.789062 0.445312 0.785156 0.449219 0.785156 0.451172 0.783203 0.453125 0.783203 0.455078 0.781250 0.457031 0.781250 0.470703 0.783203 0.472656 0.783203 0.474609 0.785156 0.476562 0.785156 0.478516 0.787109 0.480469 0.789062 0.480469 0.792969 0.484375 0.791016 0.486328 0.791016 0.488281 0.789062 0.490234 0.789062 0.503906 0.791016 0.505859 0.791016 0.507812 0.792969 0.509766 0.792969 0.511719 0.794922 0.513672 0.796875 0.513672 0.798828 0.515625 0.798828 0.519531 0.796875 0.521484 0.781250 0.521484 0.777344 0.525391 0.775391 0.525391 0.773438 0.527344 0.761719 0.527344 0.759766 0.529297 0.759766 0.531250 0.757812 0.533203 0.757812 0.541016 0.759766 0.542969 0.755859 0.546875 0.751953 0.542969 0.751953 0.539062 0.750000 0.537109 0.742188 0.537109 0.738281 0.541016 0.736328 0.541016 0.734375 0.542969 0.732422 0.542969 0.730469 0.544922 0.724609 0.544922 0.722656 0.546875 0.722656 0.556641 0.726562 0.560547 0.724609 0.562500 0.722656 0.562500 0.716797 0.568359 0.712891 0.564453 0.712891 0.558594 0.710938 0.556641 0.697266 0.556641 0.695312 0.554688 0.695312 0.550781 0.693359 0.548828 0.685547 0.548828 0.683594 0.550781 0.683594 0.556641 0.679688 0.560547 0.677734 0.560547 0.675781 0.562500 0.673828 0.560547 0.673828 0.556641 0.671875 0.554688 0.664062 0.554688 0.662109 0.556641 0.662109 0.558594 0.658203 0.562500 0.658203 0.564453 0.656250 0.566406 0.656250 0.568359 0.652344 0.572266 0.650391 0.572266 0.640625 0.582031 0.640625 0.591797 0.642578 0.593750 0.644531 0.593750 0.646484 0.595703 0.642578 0.599609 0.642578 0.601562 0.636719 0.607422 0.636719 0.609375 0.632812 0.613281 0.626953 0.613281 0.625000 0.615234 0.625000 0.625000 0.621094 0.628906 0.619141 0.626953 0.609375 0.626953 0.607422 0.625000 0.607422 0.621094 0.605469 0.619141 0.599609 0.619141 0.597656 0.617188 0.597656 0.615234 0.599609 0.613281 0.599609 0.607422 0.601562 0.605469 0.603516 0.605469 0.607422 0.601562 0.609375 0.601562 0.613281 0.597656 0.613281 0.587891 0.611328 0.585938 0.611328 0.582031 0.609375 0.580078 0.597656 0.580078 0.595703 0.582031 0.591797 0.582031 0.583984 0.589844 0.583984 0.597656 0.585938 0.599609 0.585938 0.601562 0.583984 0.603516 0.582031 0.603516 0.578125 0.599609 0.570312 0.599609 0.568359 0.601562 0.568359 0.603516 0.564453 0.607422 0.564453 0.615234 0.566406 0.617188 0.564453 0.619141 0.558594 0.619141 0.556641 0.621094 0.556641 0.632812 0.560547 0.636719 0.560547 0.640625 0.562500 0.642578 0.570312 0.642578 0.572266 0.644531 0.572266 0.646484 0.570312 0.648438 0.568359 0.646484 0.556641 0.646484 0.552734 0.650391 0.535156 0.650391 0.531250 0.646484 0.525391 0.646484 0.523438 0.644531 0.523438 0.640625 0.521484 0.638672 0.521484 0.634766 0.517578 0.630859 0.505859 0.630859 0.500000 0.636719 0.498047 0.636719 0.496094 0.638672 0.496094 0.650391 0.501953 0.656250 0.503906 0.656250 0.505859 0.658203 0.507812 0.658203 0.513672 0.664062 0.515625 0.664062 0.533203 0.681641 0.531250 0.683594 0.523438 0.683594 0.519531 0.687500 0.509766 0.687500 0.507812 0.689453 0.507812 0.699219 0.511719 0.703125 0.515625 0.703125 0.517578 0.705078 0.525391 0.705078 0.527344 0.707031 0.527344 0.710938 0.531250 0.714844 0.529297 0.716797 0.521484 0.716797 0.519531 0.714844 0.515625 0.714844 0.513672 0.712891 0.498047 0.712891 0.496094 0.714844 0.492188 0.714844 0.490234 0.716797 0.484375 0.716797 0.482422 0.718750 0.480469 0.718750 0.478516 0.720703 0.476562 0.718750 0.468750 0.718750 0.466797 0.720703 0.464844 0.718750 0.464844 0.712891 0.462891 0.710938 0.464844 0.708984 0.466797 0.708984 0.468750 0.707031 0.468750 0.693359 0.470703 0.691406 0.470703 0.683594 0.468750 0.681641 0.460938 0.681641 0.458984 0.683594 0.458984 0.693359 0.455078 0.697266 0.447266 0.697266 0.445312 0.699219 0.445312 0.701172 0.443359 0.703125 0.433594 0.703125 0.431641 0.705078 0.431641 0.710938 0.429688 0.712891 0.427734 0.710938 0.423828 0.710938 0.421875 0.708984 0.421875 0.707031 0.419922 0.705078 0.421875 0.703125 0.427734 0.703125 0.429688 0.701172 0.429688 0.697266 0.431641 0.695312 0.431641 0.685547 0.427734 0.681641 0.425781 0.681641 0.423828 0.679688 0.421875 0.679688 0.419922 0.677734 0.406250 0.677734 0.404297 0.679688 0.404297 0.689453 0.406250 0.691406 0.408203 0.691406 0.410156 0.693359 0.410156 0.695312 0.412109 0.697266 0.412109 0.699219 0.414062 0.701172 0.416016 0.701172 0.417969 0.703125 0.416016 0.705078 0.408203 0.705078 0.406250 0.703125 0.406250 0.701172 0.404297 0.699219 0.402344 0.699219 0.400391 0.697266 0.396484 0.697266 0.394531 0.695312 0.382812 0.695312 0.380859 0.697266 0.380859 0.701172 0.378906 0.703125 0.378906 0.712891 0.380859 0.714844 0.388672 0.714844 0.392578 0.710938 0.404297 0.710938 0.406250 0.712891 0.406250 0.714844 0.408203 0.716797 0.410156 0.716797 0.414062 0.720703 0.410156 0.724609 0.408203 0.724609 0.396484 0.736328 0.396484 0.748047 0.400391 0.751953 0.419922 0.751953 0.423828 0.748047 0.425781 0.750000 0.425781 0.757812 0.427734 0.759766 0.423828 0.763672 0.423828 0.771484 0.425781 0.773438 0.435547 0.773438 0.439453 0.769531 0.443359 0.769531 0.447266 0.773438 0.455078 0.773438 0.457031 0.775391 0.462891 0.775391 0.464844 0.777344 0.486328 0.777344 0.490234 0.773438 0.496094 0.773438 0.500000 0.769531 0.500000 0.759766 0.498047 0.757812 0.494141 0.757812 0.492188 0.755859 0.496094 0.751953 0.498047 0.751953 0.505859 0.744141 0.505859 0.740234 0.509766 0.736328 0.511719 0.736328 0.513672 0.738281 0.513672 0.751953 0.517578 0.755859 0.525391 0.755859 0.527344 0.753906 0.541016 0.753906 0.544922 0.757812 0.546875 0.757812 0.548828 0.759766 0.550781 0.759766 0.556641 0.765625 0.554688 0.767578 0.554688 0.775391 0.556641 0.777344 0.564453 0.777344 0.566406 0.779297 0.566406 0.787109 0.568359 0.789062 0.576172 0.789062 0.578125 0.787109 0.578125 0.773438 0.582031 0.769531 0.582031 0.767578 0.583984 0.765625 0.583984 0.757812 0.582031 0.755859 0.574219 0.755859 0.572266 0.753906 0.572266 0.738281 0.566406 0.732422 0.566406 0.726562 0.574219 0.718750 0.574219 0.714844 0.576172 0.712891 0.578125 0.714844 0.578125 0.716797 0.582031 0.720703 0.595703 0.720703 0.597656 0.722656 0.603516 0.722656 0.607422 0.726562 0.601562 0.732422 0.601562 0.740234 0.603516 0.742188 0.611328 0.742188 0.617188 0.736328 0.621094 0.736328 0.625000 0.732422 0.626953 0.732422 0.628906 0.734375 0.628906 0.736328 0.626953 0.738281 0.626953 0.742188 0.625000 0.744141 0.625000 0.751953 0.623047 0.753906 0.619141 0.753906 0.615234 0.757812 0.609375 0.757812 0.605469 0.761719 0.605469 0.769531 0.607422 0.771484 0.632812 0.771484 0.634766 0.769531 0.638672 0.769531 0.642578 0.773438 0.646484 0.773438 0.648438 0.775391 0.648438 0.777344 0.646484 0.779297 0.646484 0.789062 0.648438 0.791016 0.648438 0.792969 0.650391 0.794922 0.662109 0.794922 0.666016 0.791016 0.667969 0.791016 0.669922 0.792969 0.669922 0.796875 0.671875 0.798828 0.675781 0.798828 0.677734 0.800781 0.691406 0.800781 0.693359 0.802734 0.699219 0.802734 0.701172 0.804688 0.701172 0.806641 0.699219 0.808594 0.662109 0.808594 0.660156 0.810547 0.658203 0.810547 0.656250 0.812500 0.654297 0.812500 0.652344 0.814453 0.650391 0.814453 0.646484 0.818359 0.644531 0.818359 0.642578 0.820312 0.640625 0.820312 0.638672 0.822266 0.636719 0.822266 0.634766 0.820312 0.634766 0.814453 0.632812 0.812500 0.632812 0.810547 0.630859 0.808594 0.626953 0.808594 0.625000 0.806641 0.625000 0.800781 0.626953 0.798828 0.626953 0.789062 0.623047 0.785156 0.623047 0.779297 0.621094 0.777344 0.611328 0.777344 0.607422 0.781250 0.585938 0.781250 0.583984 0.783203 0.583984 0.796875 0.585938 0.798828 0.585938 0.802734 0.587891 0.804688 0.589844 0.804688 0.591797 0.806641 0.599609 0.806641 0.601562 0.804688 0.601562 0.802734 0.603516 0.800781 0.607422 0.804688 0.609375 0.804688 0.611328 0.806641 0.609375 0.808594 0.605469 0.808594 0.603516 0.810547 0.603516 0.818359 0.605469 0.820312 0.609375 0.820312 0.611328 0.822266 0.611328 0.824219 0.609375 0.826172 0.609375 0.828125 0.605469 0.832031 0.603516 0.830078 0.589844 0.830078 0.582031 0.822266 0.583984 0.820312 0.583984 0.812500 0.582031 0.810547 0.570312 0.810547 0.566406 0.806641 0.566406 0.804688 0.564453 0.802734 0.556641 0.802734 0.550781 0.808594 0.548828 0.808594 0.546875 0.806641 0.544922 0.806641 0.542969 0.804688 0.533203 0.804688 0.525391 0.796875 0.511719 0.796875 0.507812 0.792969 0.507812 0.791016 0.505859 0.789062 0.492188 0.789062 0.490234 0.791016 0.490234 0.798828 0.494141 0.802734 0.494141 0.808594 0.498047 0.812500 0.515625 0.812500 0.517578 0.814453 0.517578 0.820312 0.519531 0.822266 0.519531 0.824219 0.523438 0.828125 0.517578 0.833984 0.517578 0.845703 0.519531 0.847656 0.517578 0.849609 0.500000 0.849609 0.498047 0.851562 0.490234 0.851562 0.488281 0.853516 0.484375 0.853516 0.482422 0.855469 0.480469 0.855469 0.478516 0.857422 0.478516 0.871094 0.480469 0.873047 0.498047 0.873047 0.500000 0.875000 0.500000 0.876953 0.496094 0.880859 0.496094 0.890625 0.494141 0.892578 0.490234 0.892578 0.488281 0.890625 0.488281 0.884766 0.486328 0.882812 0.478516 0.882812 0.474609 0.886719 0.474609 0.902344 0.476562 0.904297 0.488281 0.904297 0.490234 0.906250 0.490234 0.908203 0.492188 0.910156 0.492188 0.912109 0.490234 0.914062 0.476562 0.914062 0.474609 0.916016 0.472656 0.916016 0.470703 0.917969 0.468750 0.917969 0.466797 0.919922 0.464844 0.917969 0.464844 0.908203 0.462891 0.906250 0.455078 0.906250 0.453125 0.908203 0.453125 0.910156 0.449219 0.914062 0.447266 0.914062 0.445312 0.916016 0.441406 0.916016 0.435547 0.921875 0.433594 0.919922 0.433594 0.916016 0.431641 0.914062 0.429688 0.914062 0.427734 0.912109 0.419922 0.912109 0.417969 0.910156 0.417969 0.904297 0.419922 0.902344 0.421875 0.902344 0.423828 0.904297 0.429688 0.904297 0.433594 0.908203 0.447266 0.908203 0.451172 0.904297 0.451172 0.898438 0.453125 0.896484 0.453125 0.882812 0.451172 0.880859 0.451172 0.878906 0.449219 0.876953 0.443359 0.876953 0.441406 0.875000 0.414062 0.875000 0.412109 0.873047 0.414062 0.871094 0.414062 0.857422 0.412109 0.855469 0.404297 0.855469 0.402344 0.857422 0.402344 0.871094 0.404297 0.873047 0.406250 0.873047 0.408203 0.875000 0.406250 0.876953 0.406250 0.882812 0.404297 0.884766 0.404297 0.888672 0.402344 0.890625 0.400391 0.890625 0.398438 0.892578 0.394531 0.892578 0.392578 0.890625 0.384766 0.890625 0.382812 0.892578 0.373047 0.892578 0.369141 0.896484 0.369141 0.898438 0.365234 0.902344 0.365234 0.914062 0.371094 0.919922 0.388672 0.919922 0.394531 0.914062 0.398438 0.914062 0.400391 0.916016 0.408203 0.916016 0.410156 0.917969 0.406250 0.921875 0.402344 0.921875 0.400391 0.923828 0.400391 0.931641 0.402344 0.933594 0.416016 0.933594 0.417969 0.931641 0.425781 0.931641 0.427734 0.929688 0.427734 0.927734 0.429688 0.925781 0.431641 0.925781 0.433594 0.923828 0.435547 0.925781 0.435547 0.929688 0.437500 0.931641 0.447266 0.931641 0.451172 0.927734 0.453125 0.927734 0.455078 0.929688 0.453125 0.931641 0.453125 0.933594 0.445312 0.941406 0.445312 0.943359 0.443359 0.945312 0.443359 0.947266 0.441406 0.949219 0.439453 0.949219 0.431641 0.957031 0.429688 0.957031 0.427734 0.958984 0.425781 0.958984 0.423828 0.960938 0.419922 0.960938 0.417969 0.962891 0.414062 0.962891 0.412109 0.964844 0.410156 0.964844 0.408203 0.966797 0.406250 0.966797 0.402344 0.970703 0.402344 0.972656 0.400391 0.974609 0.398438 0.974609 0.396484 0.976562 0.396484 0.978516 0.394531 0.980469 0.394531 0.982422 0.392578 0.984375 0.392578 0.986328 0.390625 0.988281 0.390625 0.998047 0.998047 0.998047 0.998047 0.361328 0.992188 0.361328 0.990234 0.359375 0.988281 0.359375 0.986328 0.357422 0.972656 0.357422 0.970703 0.359375 0.968750 0.359375 0.966797 0.361328 0.964844 0.361328 0.960938 0.365234 0.960938 0.367188 0.951172 0.376953 0.951172 0.378906 0.949219 0.380859 0.949219 0.382812 0.947266 0.384766 0.947266 0.388672 0.943359 0.392578 0.943359 0.394531 0.941406 0.396484 0.941406 0.398438 0.933594 0.406250 0.929688 0.406250 0.927734 0.404297 0.925781 0.404297 0.923828 0.402344 0.912109 0.402344 0.910156 0.400391 0.914062 0.396484 0.914062 0.394531 0.916016 0.392578 0.916016 0.390625 0.919922 0.386719 0.919922 0.384766 0.921875 0.382812 0.921875 0.380859 0.927734 0.375000 0.943359 0.375000 0.945312 0.373047 0.947266 0.373047 0.949219 0.371094 0.951172 0.371094 0.953125 0.369141 0.953125 0.367188 0.955078 0.365234 0.955078 0.363281 0.957031 0.361328 0.957031 0.343750 0.958984 0.341797 0.958984 0.339844 0.964844 0.333984 0.970703 0.333984 0.972656 0.332031 0.974609 0.332031 0.976562 0.330078 0.978516 0.330078 0.980469 0.328125 0.982422 0.328125 0.984375 0.326172 0.986328 0.326172 0.990234 0.322266 0.992188 0.322266 0.994141 0.320312 0.994141 0.318359 0.996094 0.316406 0.996094 0.314453 0.998047 0.312500 0.998047 0.000000 0.839844 0.000000 0.837891 0.001953 0.835938 0.000000 0.771484 0.000000 0.771484 0.001953 0.769531 0.003906 0.765625 0.000000 0.664062 0.000000 0.662109 0.001953 0.656250 0.001953 0.654297 0.003906 0.652344 0.003906 0.650391 0.005859 0.650391 0.015625 0.652344 0.017578 0.660156 0.017578 0.662109 0.015625 0.671875 0.015625 0.673828 0.017578 0.681641 0.017578 0.683594 0.019531 0.681641 0.021484 0.679688 0.021484 0.671875 0.029297 0.666016 0.029297 0.662109 0.033203 0.660156 0.033203 0.656250 0.037109 0.654297 0.037109 0.652344 0.039062 0.636719 0.039062 0.634766 0.041016 0.634766 0.048828 0.636719 0.050781 0.640625 0.050781 0.642578 0.052734 0.648438 0.052734 0.650391 0.054688 0.658203 0.054688 0.662109 0.058594 0.666016 0.058594 0.667969 0.060547 0.666016 0.062500 0.666016 0.064453 0.660156 0.070312 0.642578 0.070312 0.640625 0.072266 0.630859 0.072266 0.628906 0.074219 0.625000 0.074219 0.623047 0.076172 0.621094 0.074219 0.621094 0.072266 0.619141 0.070312 0.617188 0.070312 0.615234 0.068359 0.617188 0.066406 0.619141 0.066406 0.621094 0.064453 0.621094 0.062500 0.623047 0.060547 0.623047 0.058594 0.625000 0.056641 0.625000 0.041016 0.626953 0.039062 0.626953 0.037109 0.628906 0.035156 0.628906 0.033203 0.630859 0.031250 0.630859 0.017578 0.628906 0.015625 0.628906 0.013672 0.626953 0.011719 0.626953 0.009766 0.625000 0.007812 0.623047 0.007812 0.621094 0.005859 0.619141 0.005859 0.617188 0.003906 0.605469 0.003906 0.603516 0.005859 0.601562 0.005859 0.599609 0.007812 0.597656 0.007812 0.593750 0.011719 0.587891 0.011719 0.585938 0.009766 0.585938 0.007812 0.583984 0.005859 0.583984 0.003906 0.582031 0.001953 0.582031 0.000000 0.201172 0.000000 0.201172 0.011719 0.199219 0.013672 0.197266 0.013672 0.195312 0.015625 0.193359 0.015625 0.191406 0.017578 0.191406 0.019531 0.189453 0.021484 0.187500 0.019531 0.187500 0.017578 0.185547 0.015625 0.183594 0.015625 0.179688 0.011719 0.177734 0.011719 0.175781 0.009766 0.175781 0.001953 0.173828 0.000000