0 0.064453 0.980469 0.062500 0.982422 0.052734 0.982422 0.048828 0.986328 0.048828 0.994141 0.052734 0.998047 0.070312 0.998047 0.072266 0.996094 0.074219 0.996094 0.078125 0.992188 0.078125 0.984375 0.074219 0.980469
0 0.109375 0.978516 0.105469 0.982422 0.105469 0.992188 0.109375 0.996094 0.117188 0.996094 0.121094 0.992188 0.121094 0.982422 0.117188 0.978516
0 0.132812 0.976562 0.128906 0.980469 0.128906 0.988281 0.130859 0.990234 0.130859 0.992188 0.128906 0.994141 0.128906 0.998047 0.144531 0.998047 0.144531 0.994141 0.142578 0.992188 0.142578 0.990234 0.144531 0.988281 0.144531 0.980469 0.140625 0.976562
0 0.351562 0.972656 0.349609 0.974609 0.347656 0.974609 0.341797 0.980469 0.339844 0.980469 0.337891 0.982422 0.335938 0.982422 0.330078 0.988281 0.326172 0.988281 0.322266 0.992188 0.322266 0.998047 0.347656 0.998047 0.351562 0.994141 0.353516 0.994141 0.355469 0.996094 0.363281 0.996094 0.365234 0.994141 0.371094 0.994141 0.380859 0.984375 0.380859 0.976562 0.376953 0.972656 0.363281 0.972656 0.361328 0.974609 0.359375 0.972656
0 0.515625 0.970703 0.501953 0.984375 0.501953 0.986328 0.498047 0.990234 0.498047 0.998047 0.525391 0.998047 0.525391 0.996094 0.527344 0.994141 0.527344 0.992188 0.529297 0.990234 0.529297 0.988281 0.531250 0.986328 0.531250 0.976562 0.529297 0.974609 0.529297 0.972656 0.527344 0.972656 0.525391 0.970703
0 0.242188 0.968750 0.240234 0.970703 0.238281 0.970703 0.236328 0.972656 0.187500 0.972656 0.183594 0.976562 0.166016 0.976562 0.164062 0.978516 0.158203 0.978516 0.154297 0.982422 0.154297 0.992188 0.158203 0.996094 0.166016 0.996094 0.167969 0.994141 0.171875 0.994141 0.173828 0.992188 0.189453 0.992188 0.191406 0.990234 0.193359 0.990234 0.195312 0.988281 0.244141 0.988281 0.246094 0.986328 0.250000 0.986328 0.255859 0.980469 0.255859 0.972656 0.251953 0.968750
0 0.414062 0.966797 0.410156 0.970703 0.410156 0.978516 0.414062 0.982422 0.416016 0.982422 0.417969 0.984375 0.417969 0.986328 0.421875 0.990234 0.429688 0.990234 0.431641 0.992188 0.431641 0.998047 0.447266 0.998047 0.451172 0.994141 0.453125 0.994141 0.457031 0.990234 0.457031 0.982422 0.453125 0.978516 0.443359 0.978516 0.441406 0.980469 0.439453 0.980469 0.435547 0.984375 0.433594 0.982422 0.433594 0.978516 0.429688 0.974609 0.427734 0.974609 0.425781 0.972656 0.425781 0.970703 0.421875 0.966797
0 0.298828 0.962891 0.296875 0.964844 0.289062 0.964844 0.287109 0.966797 0.281250 0.966797 0.277344 0.970703 0.277344 0.978516 0.281250 0.982422 0.294922 0.982422 0.296875 0.980469 0.306641 0.980469 0.310547 0.976562 0.310547 0.966797 0.306641 0.962891
0 0.031250 0.960938 0.029297 0.962891 0.027344 0.962891 0.023438 0.966797 0.001953 0.966797 0.000000 0.968750 0.000000 0.980469 0.001953 0.982422 0.001953 0.984375 0.000000 0.986328 0.000000 0.998047 0.025391 0.998047 0.029297 0.994141 0.029297 0.986328 0.027344 0.984375 0.029297 0.982422 0.031250 0.982422 0.035156 0.978516 0.039062 0.978516 0.041016 0.976562 0.054688 0.976562 0.058594 0.972656 0.058594 0.964844 0.054688 0.960938
0 0.148438 0.939453 0.146484 0.941406 0.144531 0.941406 0.142578 0.943359 0.134766 0.943359 0.130859 0.947266 0.128906 0.947266 0.126953 0.949219 0.125000 0.949219 0.121094 0.953125 0.115234 0.953125 0.107422 0.960938 0.107422 0.968750 0.111328 0.972656 0.121094 0.972656 0.125000 0.968750 0.130859 0.968750 0.132812 0.966797 0.136719 0.966797 0.138672 0.968750 0.162109 0.968750 0.166016 0.964844 0.171875 0.964844 0.175781 0.960938 0.175781 0.943359 0.171875 0.939453
0 0.351562 0.929688 0.349609 0.931641 0.345703 0.931641 0.341797 0.935547 0.341797 0.937500 0.339844 0.939453 0.335938 0.935547 0.324219 0.935547 0.322266 0.937500 0.318359 0.937500 0.314453 0.941406 0.312500 0.941406 0.308594 0.945312 0.308594 0.955078 0.312500 0.958984 0.320312 0.958984 0.322266 0.957031 0.324219 0.957031 0.326172 0.958984 0.322266 0.962891 0.322266 0.972656 0.326172 0.976562 0.333984 0.976562 0.335938 0.974609 0.341797 0.974609 0.345703 0.970703 0.345703 0.962891 0.341797 0.958984 0.326172 0.958984 0.324219 0.957031 0.328125 0.953125 0.332031 0.953125 0.333984 0.951172 0.335938 0.951172 0.339844 0.947266 0.339844 0.945312 0.341797 0.943359 0.345703 0.947266 0.357422 0.947266 0.359375 0.945312 0.371094 0.945312 0.375000 0.941406 0.375000 0.933594 0.371094 0.929688
0 0.685547 0.925781 0.683594 0.927734 0.671875 0.927734 0.667969 0.931641 0.660156 0.931641 0.656250 0.935547 0.656250 0.943359 0.660156 0.947266 0.667969 0.947266 0.671875 0.943359 0.681641 0.943359 0.683594 0.941406 0.693359 0.941406 0.697266 0.937500 0.697266 0.929688 0.693359 0.925781
0 0.193359 0.906250 0.189453 0.910156 0.189453 0.917969 0.193359 0.921875 0.189453 0.925781 0.189453 0.933594 0.193359 0.937500 0.201172 0.937500 0.210938 0.927734 0.210938 0.919922 0.205078 0.914062 0.205078 0.910156 0.201172 0.906250
0 0.890625 0.894531 0.886719 0.898438 0.886719 0.906250 0.890625 0.910156 0.900391 0.910156 0.904297 0.906250 0.904297 0.898438 0.900391 0.894531
0 0.765625 0.888672 0.761719 0.892578 0.761719 0.900391 0.759766 0.902344 0.755859 0.898438 0.748047 0.898438 0.744141 0.902344 0.744141 0.910156 0.748047 0.914062 0.755859 0.914062 0.759766 0.910156 0.759766 0.902344 0.761719 0.900391 0.765625 0.904297 0.773438 0.904297 0.777344 0.900391 0.777344 0.892578 0.773438 0.888672
0 0.011719 0.882812 0.007812 0.886719 0.007812 0.894531 0.009766 0.896484 0.007812 0.898438 0.007812 0.908203 0.013672 0.914062 0.015625 0.914062 0.017578 0.916016 0.019531 0.916016 0.021484 0.917969 0.042969 0.917969 0.046875 0.914062 0.046875 0.912109 0.048828 0.910156 0.117188 0.910156 0.119141 0.912109 0.134766 0.912109 0.136719 0.910156 0.140625 0.914062 0.140625 0.917969 0.146484 0.923828 0.150391 0.923828 0.152344 0.925781 0.156250 0.925781 0.158203 0.927734 0.166016 0.927734 0.169922 0.923828 0.169922 0.916016 0.164062 0.910156 0.160156 0.910156 0.150391 0.900391 0.150391 0.898438 0.146484 0.894531 0.138672 0.894531 0.136719 0.896484 0.128906 0.896484 0.126953 0.894531 0.050781 0.894531 0.042969 0.886719 0.041016 0.886719 0.039062 0.884766 0.021484 0.884766 0.019531 0.882812
0 0.787109 0.878906 0.783203 0.882812 0.783203 0.890625 0.787109 0.894531 0.794922 0.894531 0.798828 0.890625 0.798828 0.882812 0.794922 0.878906
0 0.191406 0.867188 0.187500 0.871094 0.187500 0.878906 0.191406 0.882812 0.191406 0.896484 0.195312 0.900391 0.203125 0.900391 0.207031 0.896484 0.207031 0.880859 0.205078 0.878906 0.205078 0.871094 0.201172 0.867188
0 0.984375 0.855469 0.980469 0.859375 0.980469 0.861328 0.978516 0.863281 0.974609 0.863281 0.970703 0.867188 0.960938 0.867188 0.957031 0.871094 0.957031 0.873047 0.955078 0.875000 0.947266 0.875000 0.943359 0.878906 0.943359 0.880859 0.941406 0.882812 0.937500 0.878906 0.929688 0.878906 0.925781 0.882812 0.925781 0.886719 0.923828 0.888672 0.921875 0.886719 0.914062 0.886719 0.910156 0.890625 0.910156 0.898438 0.914062 0.902344 0.921875 0.902344 0.925781 0.898438 0.925781 0.894531 0.927734 0.892578 0.929688 0.894531 0.937500 0.894531 0.941406 0.890625 0.941406 0.888672 0.943359 0.886719 0.947266 0.890625 0.955078 0.890625 0.958984 0.886719 0.958984 0.884766 0.960938 0.882812 0.968750 0.882812 0.972656 0.878906 0.982422 0.878906 0.986328 0.875000 0.986328 0.873047 0.988281 0.871094 0.992188 0.871094 0.996094 0.867188 0.996094 0.859375 0.992188 0.855469
0 0.851562 0.849609 0.845703 0.855469 0.841797 0.851562 0.832031 0.851562 0.828125 0.855469 0.828125 0.863281 0.832031 0.867188 0.841797 0.867188 0.847656 0.861328 0.851562 0.865234 0.861328 0.865234 0.865234 0.861328 0.865234 0.853516 0.861328 0.849609
0 0.884766 0.826172 0.876953 0.833984 0.875000 0.833984 0.871094 0.837891 0.871094 0.847656 0.875000 0.851562 0.882812 0.851562 0.886719 0.847656 0.886719 0.845703 0.888672 0.843750 0.890625 0.843750 0.896484 0.837891 0.896484 0.830078 0.892578 0.826172
0 0.410156 0.820312 0.406250 0.824219 0.406250 0.828125 0.404297 0.830078 0.404297 0.839844 0.406250 0.841797 0.406250 0.843750 0.412109 0.849609 0.416016 0.849609 0.417969 0.851562 0.425781 0.851562 0.427734 0.849609 0.435547 0.849609 0.439453 0.845703 0.439453 0.837891 0.437500 0.835938 0.437500 0.833984 0.433594 0.830078 0.433594 0.828125 0.429688 0.824219 0.427734 0.824219 0.423828 0.820312
0 0.138672 0.818359 0.134766 0.822266 0.134766 0.830078 0.140625 0.835938 0.144531 0.835938 0.146484 0.837891 0.148438 0.837891 0.150391 0.839844 0.166016 0.839844 0.169922 0.835938 0.169922 0.828125 0.166016 0.824219 0.160156 0.824219 0.158203 0.822266 0.156250 0.822266 0.154297 0.820312 0.150391 0.820312 0.148438 0.818359
0 0.246094 0.810547 0.242188 0.814453 0.242188 0.818359 0.238281 0.822266 0.236328 0.822266 0.232422 0.826172 0.232422 0.828125 0.226562 0.833984 0.226562 0.841797 0.230469 0.845703 0.271484 0.845703 0.275391 0.841797 0.275391 0.833984 0.271484 0.830078 0.259766 0.830078 0.257812 0.828125 0.257812 0.824219 0.259766 0.822266 0.259766 0.814453 0.255859 0.810547
0 0.201172 0.810547 0.197266 0.814453 0.197266 0.822266 0.201172 0.826172 0.207031 0.826172 0.208984 0.828125 0.212891 0.828125 0.214844 0.830078 0.224609 0.830078 0.228516 0.826172 0.228516 0.818359 0.224609 0.814453 0.222656 0.814453 0.220703 0.812500 0.218750 0.812500 0.216797 0.810547
0 0.367188 0.806641 0.365234 0.808594 0.363281 0.808594 0.357422 0.814453 0.357422 0.837891 0.363281 0.843750 0.363281 0.845703 0.357422 0.851562 0.357422 0.859375 0.361328 0.863281 0.367188 0.863281 0.369141 0.865234 0.376953 0.865234 0.382812 0.859375 0.384766 0.859375 0.388672 0.855469 0.388672 0.843750 0.390625 0.841797 0.390625 0.833984 0.388672 0.832031 0.388672 0.828125 0.384766 0.824219 0.384766 0.822266 0.378906 0.816406 0.378906 0.810547 0.375000 0.806641
0 0.958984 0.792969 0.957031 0.794922 0.951172 0.794922 0.949219 0.796875 0.943359 0.796875 0.937500 0.802734 0.933594 0.802734 0.931641 0.804688 0.929688 0.804688 0.927734 0.806641 0.925781 0.806641 0.921875 0.810547 0.921875 0.818359 0.925781 0.822266 0.933594 0.822266 0.935547 0.820312 0.939453 0.820312 0.941406 0.818359 0.947266 0.818359 0.953125 0.812500 0.957031 0.812500 0.958984 0.810547 0.962891 0.810547 0.964844 0.808594 0.968750 0.808594 0.972656 0.804688 0.972656 0.796875 0.968750 0.792969
0 0.492188 0.693359 0.488281 0.697266 0.488281 0.703125 0.486328 0.705078 0.486328 0.707031 0.484375 0.708984 0.468750 0.708984 0.464844 0.712891 0.464844 0.722656 0.466797 0.724609 0.466797 0.730469 0.464844 0.732422 0.464844 0.740234 0.468750 0.744141 0.490234 0.744141 0.492188 0.746094 0.492188 0.751953 0.490234 0.753906 0.488281 0.751953 0.486328 0.751953 0.484375 0.750000 0.476562 0.750000 0.472656 0.753906 0.472656 0.765625 0.474609 0.767578 0.474609 0.771484 0.472656 0.773438 0.472656 0.781250 0.478516 0.787109 0.478516 0.802734 0.484375 0.808594 0.484375 0.812500 0.478516 0.818359 0.478516 0.828125 0.482422 0.832031 0.490234 0.832031 0.494141 0.835938 0.501953 0.835938 0.505859 0.839844 0.505859 0.863281 0.511719 0.869141 0.507812 0.873047 0.507812 0.880859 0.505859 0.882812 0.503906 0.882812 0.501953 0.884766 0.494141 0.884766 0.490234 0.888672 0.490234 0.896484 0.494141 0.900391 0.509766 0.900391 0.511719 0.902344 0.511719 0.904297 0.509766 0.906250 0.498047 0.906250 0.496094 0.908203 0.490234 0.908203 0.488281 0.906250 0.486328 0.906250 0.484375 0.904297 0.484375 0.898438 0.480469 0.894531 0.480469 0.892578 0.478516 0.890625 0.478516 0.888672 0.476562 0.886719 0.476562 0.882812 0.474609 0.880859 0.474609 0.878906 0.472656 0.876953 0.472656 0.875000 0.468750 0.871094 0.464844 0.871094 0.462891 0.869141 0.441406 0.869141 0.439453 0.871094 0.429688 0.871094 0.427734 0.873047 0.421875 0.873047 0.417969 0.876953 0.417969 0.884766 0.421875 0.888672 0.425781 0.888672 0.427734 0.890625 0.423828 0.894531 0.421875 0.894531 0.417969 0.898438 0.417969 0.906250 0.421875 0.910156 0.421875 0.912109 0.425781 0.916016 0.433594 0.916016 0.437500 0.919922 0.455078 0.919922 0.457031 0.921875 0.464844 0.921875 0.466797 0.923828 0.468750 0.923828 0.472656 0.927734 0.476562 0.927734 0.480469 0.931641 0.482422 0.931641 0.484375 0.933594 0.492188 0.933594 0.494141 0.935547 0.494141 0.945312 0.488281 0.951172 0.488281 0.958984 0.492188 0.962891 0.498047 0.962891 0.500000 0.964844 0.507812 0.964844 0.511719 0.960938 0.511719 0.955078 0.513672 0.953125 0.517578 0.953125 0.523438 0.947266 0.525391 0.947266 0.527344 0.945312 0.529297 0.945312 0.537109 0.937500 0.537109 0.923828 0.535156 0.921875 0.535156 0.917969 0.533203 0.916016 0.533203 0.914062 0.535156 0.912109 0.535156 0.892578 0.533203 0.890625 0.533203 0.888672 0.531250 0.886719 0.531250 0.882812 0.529297 0.880859 0.529297 0.857422 0.527344 0.855469 0.527344 0.826172 0.523438 0.822266 0.523438 0.818359 0.521484 0.816406 0.521484 0.792969 0.519531 0.791016 0.519531 0.787109 0.517578 0.785156 0.517578 0.779297 0.513672 0.775391 0.513672 0.769531 0.511719 0.767578 0.511719 0.759766 0.509766 0.757812 0.509766 0.746094 0.507812 0.744141 0.507812 0.738281 0.505859 0.736328 0.505859 0.716797 0.507812 0.714844 0.507812 0.701172 0.505859 0.699219 0.505859 0.697266 0.501953 0.693359
0 0.490234 0.658203 0.486328 0.662109 0.486328 0.675781 0.490234 0.679688 0.498047 0.679688 0.501953 0.675781 0.501953 0.662109 0.498047 0.658203
0 0.984375 0.625000 0.982422 0.626953 0.980469 0.626953 0.978516 0.628906 0.976562 0.628906 0.972656 0.632812 0.962891 0.632812 0.960938 0.634766 0.958984 0.634766 0.957031 0.636719 0.955078 0.636719 0.953125 0.638672 0.953125 0.640625 0.951172 0.642578 0.951172 0.644531 0.949219 0.646484 0.949219 0.658203 0.951172 0.660156 0.951172 0.662109 0.953125 0.664062 0.953125 0.666016 0.955078 0.667969 0.957031 0.667969 0.958984 0.669922 0.960938 0.669922 0.962891 0.671875 0.968750 0.671875 0.970703 0.673828 0.986328 0.673828 0.988281 0.675781 0.998047 0.675781 0.998047 0.625000
0 0.833984 0.595703 0.830078 0.599609 0.830078 0.601562 0.828125 0.603516 0.828125 0.623047 0.830078 0.625000 0.830078 0.626953 0.832031 0.626953 0.833984 0.628906 0.841797 0.628906 0.843750 0.626953 0.845703 0.626953 0.845703 0.625000 0.847656 0.623047 0.847656 0.615234 0.849609 0.613281 0.849609 0.611328 0.851562 0.609375 0.851562 0.601562 0.849609 0.599609 0.849609 0.597656 0.847656 0.597656 0.845703 0.595703
0 0.392578 0.591797 0.388672 0.595703 0.388672 0.609375 0.390625 0.611328 0.390625 0.613281 0.394531 0.617188 0.410156 0.617188 0.414062 0.613281 0.414062 0.605469 0.408203 0.599609 0.408203 0.595703 0.404297 0.591797
0 0.060547 0.560547 0.052734 0.568359 0.052734 0.572266 0.044922 0.580078 0.042969 0.580078 0.039062 0.583984 0.039062 0.593750 0.041016 0.595703 0.041016 0.597656 0.042969 0.597656 0.044922 0.599609 0.044922 0.609375 0.046875 0.611328 0.046875 0.613281 0.048828 0.615234 0.048828 0.617188 0.050781 0.619141 0.052734 0.619141 0.054688 0.621094 0.058594 0.621094 0.062500 0.625000 0.060547 0.626953 0.060547 0.628906 0.058594 0.630859 0.058594 0.642578 0.060547 0.644531 0.060547 0.646484 0.062500 0.648438 0.062500 0.650391 0.064453 0.652344 0.064453 0.654297 0.070312 0.660156 0.072266 0.660156 0.074219 0.662109 0.076172 0.662109 0.078125 0.664062 0.078125 0.666016 0.080078 0.667969 0.082031 0.667969 0.089844 0.675781 0.089844 0.689453 0.091797 0.691406 0.091797 0.693359 0.093750 0.695312 0.093750 0.697266 0.095703 0.699219 0.097656 0.699219 0.099609 0.701172 0.101562 0.701172 0.103516 0.703125 0.113281 0.703125 0.115234 0.705078 0.115234 0.714844 0.117188 0.716797 0.117188 0.718750 0.119141 0.720703 0.119141 0.722656 0.121094 0.724609 0.123047 0.724609 0.125000 0.726562 0.125000 0.728516 0.130859 0.734375 0.130859 0.738281 0.132812 0.740234 0.132812 0.744141 0.134766 0.746094 0.134766 0.748047 0.136719 0.750000 0.136719 0.751953 0.138672 0.753906 0.138672 0.755859 0.140625 0.757812 0.142578 0.757812 0.148438 0.763672 0.150391 0.763672 0.152344 0.765625 0.154297 0.765625 0.156250 0.767578 0.167969 0.767578 0.169922 0.765625 0.171875 0.765625 0.173828 0.763672 0.175781 0.763672 0.177734 0.761719 0.177734 0.759766 0.179688 0.757812 0.179688 0.755859 0.181641 0.753906 0.181641 0.742188 0.185547 0.738281 0.185547 0.736328 0.187500 0.734375 0.187500 0.732422 0.189453 0.730469 0.189453 0.714844 0.191406 0.712891 0.191406 0.710938 0.189453 0.708984 0.189453 0.707031 0.187500 0.705078 0.187500 0.703125 0.185547 0.701172 0.185547 0.673828 0.187500 0.671875 0.187500 0.669922 0.189453 0.667969 0.189453 0.666016 0.191406 0.664062 0.191406 0.662109 0.195312 0.658203 0.195312 0.656250 0.193359 0.654297 0.193359 0.652344 0.197266 0.648438 0.232422 0.648438 0.232422 0.646484 0.234375 0.644531 0.234375 0.642578 0.238281 0.638672 0.240234 0.638672 0.242188 0.636719 0.244141 0.636719 0.246094 0.634766 0.263672 0.634766 0.265625 0.636719 0.273438 0.636719 0.275391 0.638672 0.279297 0.638672 0.281250 0.640625 0.283203 0.640625 0.285156 0.642578 0.300781 0.642578 0.302734 0.640625 0.304688 0.640625 0.308594 0.636719 0.308594 0.634766 0.312500 0.630859 0.314453 0.630859 0.316406 0.628906 0.318359 0.628906 0.320312 0.626953 0.332031 0.626953 0.333984 0.628906 0.335938 0.628906 0.337891 0.630859 0.345703 0.630859 0.347656 0.628906 0.349609 0.628906 0.349609 0.626953 0.351562 0.625000 0.351562 0.617188 0.349609 0.615234 0.349609 0.613281 0.345703 0.609375 0.343750 0.609375 0.341797 0.607422 0.335938 0.607422 0.333984 0.605469 0.328125 0.605469 0.324219 0.601562 0.324219 0.599609 0.322266 0.597656 0.320312 0.597656 0.318359 0.595703 0.316406 0.595703 0.314453 0.593750 0.298828 0.593750 0.296875 0.595703 0.294922 0.595703 0.292969 0.597656 0.291016 0.597656 0.289062 0.599609 0.283203 0.599609 0.281250 0.601562 0.281250 0.603516 0.277344 0.607422 0.275391 0.607422 0.273438 0.609375 0.271484 0.609375 0.269531 0.611328 0.261719 0.611328 0.259766 0.609375 0.257812 0.609375 0.255859 0.607422 0.251953 0.607422 0.250000 0.605469 0.248047 0.605469 0.246094 0.603516 0.240234 0.603516 0.238281 0.605469 0.238281 0.607422 0.236328 0.609375 0.234375 0.607422 0.222656 0.607422 0.220703 0.609375 0.189453 0.609375 0.187500 0.611328 0.179688 0.611328 0.177734 0.613281 0.171875 0.613281 0.169922 0.615234 0.167969 0.615234 0.166016 0.617188 0.164062 0.617188 0.162109 0.619141 0.160156 0.619141 0.158203 0.621094 0.156250 0.621094 0.154297 0.623047 0.152344 0.623047 0.150391 0.625000 0.146484 0.625000 0.144531 0.626953 0.142578 0.626953 0.140625 0.625000 0.140625 0.619141 0.138672 0.617188 0.138672 0.615234 0.136719 0.615234 0.134766 0.613281 0.123047 0.613281 0.119141 0.617188 0.099609 0.617188 0.097656 0.619141 0.093750 0.615234 0.093750 0.613281 0.091797 0.613281 0.089844 0.611328 0.087891 0.611328 0.083984 0.607422 0.083984 0.599609 0.085938 0.597656 0.085938 0.580078 0.083984 0.578125 0.083984 0.576172 0.080078 0.572266 0.080078 0.566406 0.078125 0.564453 0.078125 0.562500 0.076172 0.562500 0.074219 0.560547
0 0.796875 0.558594 0.792969 0.562500 0.792969 0.564453 0.791016 0.566406 0.789062 0.566406 0.787109 0.568359 0.783203 0.568359 0.781250 0.570312 0.779297 0.570312 0.777344 0.572266 0.775391 0.572266 0.771484 0.576172 0.771484 0.585938 0.773438 0.587891 0.773438 0.589844 0.775391 0.589844 0.777344 0.591797 0.802734 0.591797 0.804688 0.589844 0.806641 0.589844 0.806641 0.587891 0.808594 0.585938 0.808594 0.582031 0.810547 0.580078 0.810547 0.578125 0.812500 0.576172 0.812500 0.564453 0.810547 0.562500 0.810547 0.560547 0.808594 0.560547 0.806641 0.558594
0 0.962891 0.490234 0.960938 0.492188 0.958984 0.492188 0.957031 0.494141 0.955078 0.494141 0.953125 0.496094 0.933594 0.496094 0.931641 0.498047 0.929688 0.498047 0.927734 0.500000 0.925781 0.500000 0.923828 0.501953 0.923828 0.503906 0.921875 0.505859 0.921875 0.507812 0.919922 0.509766 0.919922 0.527344 0.921875 0.529297 0.921875 0.531250 0.923828 0.533203 0.923828 0.535156 0.927734 0.539062 0.929688 0.539062 0.931641 0.541016 0.933594 0.541016 0.935547 0.542969 0.949219 0.542969 0.953125 0.546875 0.953125 0.548828 0.957031 0.552734 0.957031 0.554688 0.958984 0.556641 0.958984 0.558594 0.960938 0.560547 0.962891 0.560547 0.966797 0.564453 0.966797 0.566406 0.968750 0.568359 0.968750 0.570312 0.970703 0.572266 0.970703 0.574219 0.972656 0.576172 0.972656 0.578125 0.974609 0.580078 0.976562 0.580078 0.978516 0.582031 0.978516 0.583984 0.980469 0.585938 0.982422 0.585938 0.984375 0.587891 0.986328 0.587891 0.988281 0.589844 0.998047 0.589844 0.998047 0.498047 0.994141 0.494141 0.992188 0.494141 0.990234 0.492188 0.988281 0.492188 0.986328 0.490234
0 0.515625 0.458984 0.511719 0.462891 0.511719 0.472656 0.513672 0.474609 0.513672 0.476562 0.515625 0.476562 0.517578 0.478516 0.525391 0.478516 0.527344 0.476562 0.529297 0.476562 0.529297 0.474609 0.531250 0.472656 0.531250 0.464844 0.529297 0.462891 0.529297 0.460938 0.527344 0.460938 0.525391 0.458984
0 0.484375 0.457031 0.480469 0.460938 0.480469 0.470703 0.482422 0.472656 0.482422 0.474609 0.484375 0.474609 0.486328 0.476562 0.494141 0.476562 0.496094 0.474609 0.498047 0.474609 0.498047 0.472656 0.500000 0.470703 0.500000 0.462891 0.498047 0.460938 0.498047 0.458984 0.496094 0.458984 0.494141 0.457031
0 0.023438 0.455078 0.021484 0.457031 0.019531 0.457031 0.015625 0.460938 0.015625 0.472656 0.017578 0.474609 0.017578 0.476562 0.019531 0.476562 0.021484 0.478516 0.029297 0.478516 0.031250 0.476562 0.033203 0.476562 0.035156 0.474609 0.037109 0.474609 0.039062 0.472656 0.039062 0.470703 0.041016 0.468750 0.041016 0.460938 0.039062 0.458984 0.039062 0.457031 0.037109 0.457031 0.035156 0.455078
0 0.556641 0.398438 0.552734 0.402344 0.552734 0.416016 0.554688 0.417969 0.554688 0.433594 0.556641 0.435547 0.556641 0.437500 0.558594 0.437500 0.560547 0.439453 0.568359 0.439453 0.570312 0.437500 0.572266 0.437500 0.572266 0.435547 0.574219 0.433594 0.576172 0.435547 0.576172 0.447266 0.578125 0.449219 0.578125 0.451172 0.580078 0.451172 0.582031 0.453125 0.597656 0.453125 0.599609 0.451172 0.601562 0.451172 0.601562 0.449219 0.603516 0.447266 0.603516 0.439453 0.601562 0.437500 0.601562 0.435547 0.599609 0.435547 0.597656 0.433594 0.595703 0.433594 0.593750 0.431641 0.580078 0.431641 0.578125 0.433594 0.576172 0.431641 0.576172 0.429688 0.578125 0.427734 0.578125 0.414062 0.576172 0.412109 0.576172 0.410156 0.572266 0.406250 0.572266 0.404297 0.570312 0.402344 0.570312 0.400391 0.568359 0.400391 0.566406 0.398438
0 0.638672 0.394531 0.636719 0.396484 0.634766 0.396484 0.632812 0.398438 0.630859 0.398438 0.628906 0.400391 0.628906 0.402344 0.626953 0.404297 0.626953 0.406250 0.625000 0.408203 0.625000 0.427734 0.626953 0.429688 0.626953 0.431641 0.628906 0.433594 0.628906 0.482422 0.626953 0.484375 0.625000 0.484375 0.623047 0.486328 0.619141 0.486328 0.617188 0.488281 0.615234 0.488281 0.613281 0.490234 0.611328 0.490234 0.609375 0.492188 0.609375 0.494141 0.607422 0.496094 0.601562 0.496094 0.599609 0.498047 0.574219 0.498047 0.572266 0.500000 0.570312 0.500000 0.568359 0.501953 0.566406 0.501953 0.564453 0.503906 0.564453 0.505859 0.562500 0.507812 0.562500 0.509766 0.560547 0.511719 0.560547 0.523438 0.562500 0.525391 0.562500 0.527344 0.564453 0.529297 0.564453 0.531250 0.566406 0.533203 0.568359 0.533203 0.570312 0.535156 0.572266 0.535156 0.574219 0.537109 0.611328 0.537109 0.613281 0.535156 0.621094 0.535156 0.623047 0.533203 0.625000 0.535156 0.625000 0.542969 0.626953 0.544922 0.626953 0.546875 0.628906 0.548828 0.628906 0.578125 0.630859 0.580078 0.630859 0.582031 0.632812 0.583984 0.632812 0.585938 0.634766 0.587891 0.634766 0.591797 0.636719 0.593750 0.636719 0.595703 0.638672 0.597656 0.638672 0.603516 0.634766 0.607422 0.634766 0.609375 0.632812 0.611328 0.632812 0.613281 0.628906 0.617188 0.626953 0.615234 0.613281 0.615234 0.611328 0.617188 0.609375 0.617188 0.607422 0.619141 0.605469 0.619141 0.601562 0.623047 0.576172 0.623047 0.574219 0.621094 0.576172 0.619141 0.583984 0.619141 0.587891 0.615234 0.587891 0.609375 0.589844 0.607422 0.595703 0.607422 0.599609 0.603516 0.599609 0.595703 0.595703 0.591797 0.582031 0.591797 0.578125 0.595703 0.574219 0.595703 0.572266 0.597656 0.568359 0.597656 0.566406 0.599609 0.556641 0.599609 0.554688 0.601562 0.546875 0.601562 0.544922 0.603516 0.531250 0.603516 0.529297 0.605469 0.523438 0.599609 0.490234 0.599609 0.488281 0.601562 0.478516 0.601562 0.474609 0.605469 0.474609 0.617188 0.478516 0.621094 0.484375 0.621094 0.486328 0.623047 0.484375 0.625000 0.484375 0.648438 0.488281 0.652344 0.498047 0.652344 0.501953 0.648438 0.501953 0.640625 0.500000 0.638672 0.500000 0.636719 0.501953 0.634766 0.503906 0.634766 0.507812 0.630859 0.511719 0.630859 0.515625 0.626953 0.519531 0.626953 0.523438 0.623047 0.529297 0.623047 0.531250 0.621094 0.533203 0.621094 0.537109 0.625000 0.556641 0.625000 0.558594 0.623047 0.564453 0.623047 0.566406 0.621094 0.574219 0.621094 0.576172 0.623047 0.574219 0.625000 0.572266 0.625000 0.570312 0.626953 0.568359 0.626953 0.566406 0.628906 0.566406 0.630859 0.564453 0.632812 0.564453 0.634766 0.562500 0.636719 0.562500 0.648438 0.564453 0.650391 0.564453 0.652344 0.566406 0.654297 0.564453 0.656250 0.564453 0.660156 0.560547 0.664062 0.560547 0.679688 0.564453 0.683594 0.595703 0.683594 0.597656 0.685547 0.638672 0.685547 0.644531 0.679688 0.644531 0.675781 0.646484 0.673828 0.648438 0.675781 0.662109 0.675781 0.664062 0.677734 0.671875 0.677734 0.673828 0.679688 0.695312 0.679688 0.697266 0.681641 0.703125 0.681641 0.705078 0.683594 0.728516 0.683594 0.730469 0.685547 0.732422 0.685547 0.734375 0.687500 0.742188 0.687500 0.744141 0.689453 0.746094 0.689453 0.750000 0.693359 0.751953 0.693359 0.753906 0.695312 0.755859 0.695312 0.757812 0.697266 0.759766 0.697266 0.761719 0.699219 0.763672 0.699219 0.765625 0.701172 0.781250 0.701172 0.783203 0.703125 0.835938 0.703125 0.837891 0.705078 0.835938 0.707031 0.835938 0.708984 0.833984 0.710938 0.833984 0.712891 0.832031 0.714844 0.832031 0.722656 0.824219 0.730469 0.824219 0.732422 0.822266 0.734375 0.822266 0.736328 0.820312 0.738281 0.820312 0.751953 0.822266 0.753906 0.822266 0.755859 0.824219 0.757812 0.824219 0.759766 0.826172 0.761719 0.828125 0.761719 0.830078 0.763672 0.832031 0.763672 0.833984 0.765625 0.845703 0.765625 0.847656 0.763672 0.849609 0.763672 0.851562 0.761719 0.853516 0.761719 0.855469 0.759766 0.857422 0.759766 0.859375 0.757812 0.859375 0.755859 0.861328 0.753906 0.861328 0.751953 0.863281 0.750000 0.863281 0.748047 0.865234 0.746094 0.865234 0.744141 0.867188 0.742188 0.867188 0.740234 0.869141 0.738281 0.869141 0.736328 0.871094 0.734375 0.871094 0.730469 0.873047 0.728516 0.873047 0.726562 0.875000 0.724609 0.875000 0.722656 0.876953 0.720703 0.876953 0.716797 0.878906 0.714844 0.878906 0.712891 0.880859 0.710938 0.880859 0.707031 0.882812 0.705078 0.882812 0.695312 0.886719 0.691406 0.888672 0.691406 0.890625 0.689453 0.894531 0.689453 0.896484 0.687500 0.904297 0.687500 0.906250 0.689453 0.908203 0.689453 0.910156 0.691406 0.921875 0.691406 0.923828 0.689453 0.925781 0.689453 0.927734 0.687500 0.929688 0.687500 0.931641 0.685547 0.931641 0.683594 0.933594 0.681641 0.933594 0.679688 0.935547 0.677734 0.935547 0.664062 0.933594 0.662109 0.933594 0.660156 0.931641 0.658203 0.931641 0.656250 0.927734 0.652344 0.925781 0.652344 0.923828 0.650391 0.921875 0.650391 0.919922 0.648438 0.882812 0.648438 0.880859 0.650391 0.875000 0.650391 0.873047 0.652344 0.871094 0.652344 0.869141 0.654297 0.867188 0.654297 0.863281 0.658203 0.861328 0.658203 0.859375 0.660156 0.857422 0.660156 0.855469 0.662109 0.837891 0.662109 0.835938 0.664062 0.791016 0.664062 0.789062 0.662109 0.779297 0.662109 0.775391 0.658203 0.773438 0.658203 0.771484 0.656250 0.769531 0.656250 0.767578 0.654297 0.763672 0.654297 0.761719 0.652344 0.759766 0.652344 0.757812 0.650391 0.755859 0.650391 0.753906 0.648438 0.748047 0.648438 0.746094 0.646484 0.744141 0.646484 0.742188 0.644531 0.712891 0.644531 0.710938 0.642578 0.705078 0.642578 0.703125 0.640625 0.689453 0.640625 0.687500 0.638672 0.691406 0.634766 0.691406 0.632812 0.693359 0.630859 0.693359 0.628906 0.695312 0.626953 0.695312 0.578125 0.693359 0.576172 0.693359 0.574219 0.691406 0.572266 0.691406 0.570312 0.689453 0.568359 0.687500 0.568359 0.685547 0.566406 0.685547 0.562500 0.687500 0.560547 0.687500 0.548828 0.685547 0.546875 0.685547 0.544922 0.683594 0.542969 0.683594 0.541016 0.681641 0.539062 0.685547 0.535156 0.687500 0.535156 0.689453 0.533203 0.691406 0.533203 0.693359 0.531250 0.693359 0.529297 0.695312 0.527344 0.695312 0.525391 0.697266 0.523438 0.697266 0.509766 0.695312 0.507812 0.695312 0.505859 0.693359 0.503906 0.693359 0.501953 0.691406 0.500000 0.689453 0.500000 0.687500 0.498047 0.685547 0.498047 0.681641 0.494141 0.681641 0.490234 0.683594 0.488281 0.683594 0.486328 0.685547 0.484375 0.685547 0.472656 0.683594 0.470703 0.683594 0.468750 0.681641 0.466797 0.681641 0.464844 0.679688 0.462891 0.677734 0.462891 0.675781 0.460938 0.673828 0.460938 0.671875 0.458984 0.669922 0.458984 0.667969 0.457031 0.667969 0.417969 0.666016 0.416016 0.666016 0.414062 0.664062 0.412109 0.664062 0.408203 0.662109 0.406250 0.662109 0.404297 0.660156 0.402344 0.660156 0.400391 0.658203 0.398438 0.656250 0.398438 0.654297 0.396484 0.652344 0.396484 0.650391 0.394531
0 0.003906 0.394531 0.000000 0.398438 0.000000 0.414062 0.001953 0.414062 0.003906 0.416016 0.011719 0.416016 0.013672 0.417969 0.011719 0.419922 0.011719 0.439453 0.013672 0.441406 0.013672 0.443359 0.015625 0.443359 0.017578 0.445312 0.025391 0.445312 0.027344 0.443359 0.029297 0.443359 0.031250 0.441406 0.031250 0.439453 0.033203 0.437500 0.033203 0.423828 0.031250 0.421875 0.031250 0.419922 0.029297 0.417969 0.027344 0.417969 0.025391 0.416016 0.017578 0.416016 0.015625 0.414062 0.017578 0.412109 0.019531 0.412109 0.019531 0.410156 0.021484 0.408203 0.021484 0.400391 0.019531 0.398438 0.019531 0.396484 0.017578 0.396484 0.015625 0.394531
0 0.740234 0.365234 0.736328 0.369141 0.736328 0.378906 0.738281 0.380859 0.738281 0.382812 0.740234 0.382812 0.746094 0.388672 0.746094 0.390625 0.748047 0.392578 0.748047 0.394531 0.750000 0.394531 0.751953 0.396484 0.761719 0.396484 0.763672 0.394531 0.765625 0.394531 0.765625 0.392578 0.767578 0.390625 0.767578 0.382812 0.765625 0.380859 0.765625 0.378906 0.763672 0.376953 0.763672 0.375000 0.761719 0.373047 0.761719 0.371094 0.757812 0.367188 0.755859 0.367188 0.753906 0.365234
0 0.052734 0.363281 0.048828 0.367188 0.048828 0.378906 0.050781 0.380859 0.050781 0.382812 0.052734 0.382812 0.054688 0.384766 0.062500 0.384766 0.064453 0.382812 0.066406 0.382812 0.068359 0.380859 0.068359 0.378906 0.070312 0.376953 0.070312 0.369141 0.068359 0.367188 0.068359 0.365234 0.066406 0.365234 0.064453 0.363281
0 0.105469 0.349609 0.101562 0.353516 0.101562 0.365234 0.103516 0.367188 0.103516 0.369141 0.105469 0.369141 0.107422 0.371094 0.107422 0.378906 0.109375 0.380859 0.109375 0.384766 0.111328 0.386719 0.111328 0.388672 0.113281 0.388672 0.115234 0.390625 0.117188 0.390625 0.119141 0.392578 0.148438 0.392578 0.150391 0.394531 0.150391 0.402344 0.148438 0.404297 0.148438 0.470703 0.150391 0.472656 0.150391 0.488281 0.152344 0.490234 0.152344 0.492188 0.154297 0.492188 0.158203 0.496094 0.158203 0.501953 0.146484 0.513672 0.144531 0.513672 0.142578 0.515625 0.138672 0.515625 0.136719 0.517578 0.134766 0.517578 0.132812 0.519531 0.130859 0.519531 0.126953 0.523438 0.121094 0.523438 0.119141 0.521484 0.115234 0.521484 0.113281 0.519531 0.109375 0.519531 0.107422 0.517578 0.101562 0.517578 0.099609 0.515625 0.089844 0.515625 0.085938 0.519531 0.085938 0.529297 0.087891 0.531250 0.087891 0.533203 0.089844 0.535156 0.091797 0.535156 0.093750 0.537109 0.099609 0.537109 0.101562 0.539062 0.105469 0.539062 0.107422 0.541016 0.111328 0.541016 0.113281 0.542969 0.136719 0.542969 0.138672 0.541016 0.140625 0.541016 0.142578 0.539062 0.144531 0.539062 0.146484 0.537109 0.148438 0.537109 0.150391 0.535156 0.154297 0.535156 0.156250 0.533203 0.158203 0.533203 0.160156 0.531250 0.162109 0.531250 0.162109 0.529297 0.164062 0.527344 0.166016 0.527344 0.166016 0.525391 0.167969 0.523438 0.169922 0.523438 0.175781 0.517578 0.175781 0.515625 0.177734 0.513672 0.177734 0.486328 0.175781 0.484375 0.175781 0.482422 0.173828 0.480469 0.173828 0.478516 0.171875 0.476562 0.169922 0.476562 0.167969 0.474609 0.167969 0.449219 0.173828 0.443359 0.173828 0.441406 0.175781 0.439453 0.175781 0.431641 0.173828 0.429688 0.173828 0.427734 0.171875 0.427734 0.167969 0.423828 0.167969 0.416016 0.169922 0.414062 0.169922 0.396484 0.167969 0.394531 0.167969 0.392578 0.166016 0.390625 0.167969 0.388672 0.167969 0.380859 0.166016 0.378906 0.166016 0.376953 0.164062 0.375000 0.162109 0.375000 0.158203 0.371094 0.156250 0.371094 0.154297 0.369141 0.144531 0.369141 0.142578 0.371094 0.134766 0.371094 0.132812 0.373047 0.130859 0.373047 0.126953 0.369141 0.126953 0.363281 0.125000 0.361328 0.125000 0.357422 0.123047 0.355469 0.123047 0.353516 0.121094 0.353516 0.119141 0.351562 0.117188 0.351562 0.115234 0.349609
0 0.460938 0.347656 0.457031 0.351562 0.457031 0.363281 0.458984 0.365234 0.458984 0.369141 0.460938 0.371094 0.460938 0.373047 0.462891 0.375000 0.462891 0.376953 0.466797 0.380859 0.466797 0.388672 0.468750 0.390625 0.468750 0.392578 0.470703 0.392578 0.472656 0.394531 0.480469 0.394531 0.482422 0.392578 0.484375 0.392578 0.484375 0.390625 0.486328 0.388672 0.486328 0.369141 0.484375 0.367188 0.484375 0.365234 0.482422 0.365234 0.480469 0.363281 0.480469 0.361328 0.478516 0.359375 0.478516 0.357422 0.476562 0.355469 0.476562 0.353516 0.474609 0.351562 0.474609 0.349609 0.472656 0.349609 0.470703 0.347656
0 0.207031 0.333984 0.203125 0.337891 0.203125 0.347656 0.205078 0.349609 0.205078 0.351562 0.207031 0.351562 0.208984 0.353516 0.216797 0.353516 0.218750 0.351562 0.220703 0.351562 0.220703 0.349609 0.222656 0.347656 0.222656 0.339844 0.220703 0.337891 0.220703 0.335938 0.218750 0.335938 0.216797 0.333984
0 0.673828 0.316406 0.669922 0.320312 0.669922 0.328125 0.667969 0.330078 0.662109 0.330078 0.658203 0.333984 0.658203 0.345703 0.660156 0.347656 0.660156 0.349609 0.662109 0.349609 0.666016 0.353516 0.666016 0.359375 0.667969 0.361328 0.667969 0.363281 0.675781 0.371094 0.677734 0.371094 0.679688 0.373047 0.691406 0.373047 0.693359 0.375000 0.712891 0.375000 0.714844 0.376953 0.724609 0.376953 0.726562 0.375000 0.728516 0.375000 0.728516 0.373047 0.730469 0.371094 0.730469 0.363281 0.728516 0.361328 0.728516 0.359375 0.726562 0.359375 0.724609 0.357422 0.722656 0.357422 0.720703 0.355469 0.705078 0.355469 0.703125 0.353516 0.703125 0.351562 0.705078 0.349609 0.705078 0.347656 0.707031 0.345703 0.707031 0.335938 0.705078 0.333984 0.705078 0.332031 0.703125 0.332031 0.701172 0.330078 0.699219 0.330078 0.697266 0.328125 0.697266 0.326172 0.695312 0.324219 0.695312 0.322266 0.693359 0.320312 0.693359 0.318359 0.691406 0.318359 0.689453 0.316406
0 0.341797 0.316406 0.337891 0.320312 0.337891 0.330078 0.339844 0.332031 0.339844 0.333984 0.341797 0.333984 0.343750 0.335938 0.351562 0.335938 0.353516 0.333984 0.355469 0.333984 0.355469 0.332031 0.357422 0.330078 0.357422 0.322266 0.355469 0.320312 0.355469 0.318359 0.353516 0.318359 0.351562 0.316406
0 0.451172 0.314453 0.447266 0.318359 0.447266 0.328125 0.449219 0.330078 0.449219 0.332031 0.451172 0.332031 0.453125 0.333984 0.460938 0.333984 0.462891 0.332031 0.464844 0.332031 0.464844 0.330078 0.466797 0.328125 0.466797 0.320312 0.464844 0.318359 0.464844 0.316406 0.462891 0.316406 0.460938 0.314453
0 0.255859 0.314453 0.251953 0.318359 0.251953 0.328125 0.253906 0.330078 0.253906 0.332031 0.255859 0.332031 0.257812 0.333984 0.265625 0.333984 0.267578 0.332031 0.269531 0.332031 0.269531 0.330078 0.271484 0.328125 0.271484 0.320312 0.269531 0.318359 0.269531 0.316406 0.267578 0.316406 0.265625 0.314453
0 0.382812 0.308594 0.378906 0.312500 0.378906 0.322266 0.380859 0.324219 0.380859 0.326172 0.382812 0.326172 0.384766 0.328125 0.392578 0.328125 0.394531 0.326172 0.396484 0.326172 0.396484 0.324219 0.398438 0.322266 0.398438 0.314453 0.396484 0.312500 0.396484 0.310547 0.394531 0.310547 0.392578 0.308594
0 0.587891 0.287109 0.583984 0.291016 0.583984 0.304688 0.580078 0.308594 0.576172 0.308594 0.572266 0.312500 0.568359 0.312500 0.564453 0.316406 0.564453 0.333984 0.566406 0.335938 0.566406 0.337891 0.570312 0.341797 0.572266 0.341797 0.574219 0.343750 0.576172 0.343750 0.580078 0.347656 0.582031 0.347656 0.585938 0.351562 0.587891 0.351562 0.589844 0.353516 0.591797 0.353516 0.593750 0.355469 0.601562 0.355469 0.605469 0.359375 0.605469 0.380859 0.607422 0.382812 0.607422 0.384766 0.609375 0.386719 0.611328 0.386719 0.613281 0.388672 0.617188 0.388672 0.619141 0.390625 0.619141 0.392578 0.621094 0.392578 0.623047 0.394531 0.630859 0.394531 0.632812 0.392578 0.634766 0.392578 0.634766 0.390625 0.636719 0.388672 0.636719 0.376953 0.634766 0.375000 0.634766 0.373047 0.632812 0.373047 0.630859 0.371094 0.626953 0.371094 0.625000 0.369141 0.625000 0.351562 0.623047 0.349609 0.623047 0.339844 0.621094 0.337891 0.621094 0.335938 0.619141 0.335938 0.617188 0.333984 0.607422 0.333984 0.605469 0.332031 0.605469 0.330078 0.607422 0.328125 0.607422 0.322266 0.609375 0.320312 0.609375 0.318359 0.611328 0.316406 0.611328 0.296875 0.609375 0.294922 0.609375 0.292969 0.607422 0.292969 0.605469 0.291016 0.605469 0.289062 0.603516 0.289062 0.601562 0.287109
0 0.437500 0.263672 0.433594 0.267578 0.433594 0.277344 0.435547 0.279297 0.435547 0.281250 0.437500 0.281250 0.439453 0.283203 0.449219 0.283203 0.451172 0.281250 0.453125 0.281250 0.453125 0.279297 0.455078 0.277344 0.455078 0.269531 0.453125 0.267578 0.453125 0.265625 0.451172 0.265625 0.449219 0.263672
0 0.503906 0.257812 0.498047 0.263672 0.496094 0.263672 0.494141 0.265625 0.482422 0.265625 0.478516 0.269531 0.478516 0.279297 0.480469 0.281250 0.480469 0.283203 0.482422 0.283203 0.484375 0.285156 0.503906 0.285156 0.505859 0.283203 0.507812 0.283203 0.509766 0.281250 0.511719 0.281250 0.517578 0.275391 0.519531 0.275391 0.519531 0.273438 0.521484 0.271484 0.521484 0.263672 0.519531 0.261719 0.519531 0.259766 0.517578 0.259766 0.515625 0.257812
0 0.392578 0.242188 0.388672 0.246094 0.375000 0.246094 0.373047 0.248047 0.369141 0.248047 0.367188 0.250000 0.330078 0.250000 0.326172 0.253906 0.326172 0.263672 0.328125 0.265625 0.328125 0.267578 0.330078 0.267578 0.332031 0.269531 0.378906 0.269531 0.380859 0.267578 0.382812 0.267578 0.384766 0.265625 0.400391 0.265625 0.402344 0.263672 0.404297 0.263672 0.408203 0.259766 0.410156 0.259766 0.410156 0.257812 0.412109 0.255859 0.412109 0.248047 0.410156 0.246094 0.410156 0.244141 0.408203 0.244141 0.406250 0.242188
0 0.033203 0.236328 0.029297 0.240234 0.029297 0.242188 0.027344 0.244141 0.027344 0.257812 0.031250 0.261719 0.031250 0.263672 0.035156 0.267578 0.044922 0.267578 0.052734 0.259766 0.052734 0.257812 0.058594 0.251953 0.058594 0.242188 0.054688 0.238281 0.052734 0.238281 0.050781 0.236328
0 0.419922 0.234375 0.416016 0.238281 0.416016 0.251953 0.417969 0.253906 0.417969 0.255859 0.419922 0.255859 0.421875 0.257812 0.433594 0.257812 0.435547 0.255859 0.437500 0.255859 0.437500 0.253906 0.439453 0.251953 0.439453 0.244141 0.437500 0.242188 0.437500 0.240234 0.435547 0.240234 0.433594 0.238281 0.433594 0.236328 0.431641 0.236328 0.429688 0.234375
0 0.091797 0.216797 0.087891 0.220703 0.085938 0.220703 0.082031 0.224609 0.082031 0.230469 0.080078 0.232422 0.068359 0.232422 0.064453 0.236328 0.064453 0.255859 0.068359 0.259766 0.082031 0.259766 0.089844 0.251953 0.101562 0.251953 0.103516 0.250000 0.111328 0.250000 0.115234 0.246094 0.117188 0.246094 0.123047 0.240234 0.123047 0.228516 0.121094 0.226562 0.121094 0.222656 0.117188 0.218750 0.103516 0.218750 0.101562 0.216797
0 0.160156 0.203125 0.158203 0.205078 0.154297 0.205078 0.148438 0.210938 0.146484 0.210938 0.144531 0.208984 0.134766 0.208984 0.130859 0.212891 0.130859 0.220703 0.136719 0.226562 0.138672 0.226562 0.142578 0.230469 0.144531 0.230469 0.148438 0.234375 0.156250 0.234375 0.160156 0.230469 0.162109 0.230469 0.166016 0.226562 0.167969 0.226562 0.173828 0.220703 0.173828 0.208984 0.167969 0.203125
0 0.414062 0.191406 0.410156 0.195312 0.410156 0.205078 0.412109 0.207031 0.412109 0.208984 0.414062 0.208984 0.416016 0.210938 0.423828 0.210938 0.425781 0.208984 0.427734 0.208984 0.427734 0.207031 0.429688 0.205078 0.429688 0.197266 0.427734 0.195312 0.427734 0.193359 0.425781 0.193359 0.423828 0.191406
0 0.185547 0.185547 0.175781 0.195312 0.175781 0.205078 0.181641 0.210938 0.185547 0.210938 0.189453 0.214844 0.199219 0.214844 0.203125 0.210938 0.203125 0.203125 0.201172 0.201172 0.201172 0.195312 0.199219 0.193359 0.199219 0.189453 0.195312 0.185547
0 0.527344 0.181641 0.523438 0.185547 0.523438 0.195312 0.525391 0.197266 0.525391 0.199219 0.527344 0.199219 0.529297 0.201172 0.537109 0.201172 0.539062 0.199219 0.541016 0.199219 0.541016 0.197266 0.542969 0.195312 0.542969 0.187500 0.541016 0.185547 0.541016 0.183594 0.539062 0.183594 0.537109 0.181641
0 0.582031 0.167969 0.578125 0.171875 0.562500 0.171875 0.554688 0.179688 0.554688 0.183594 0.552734 0.185547 0.552734 0.187500 0.550781 0.189453 0.550781 0.199219 0.552734 0.201172 0.552734 0.203125 0.554688 0.203125 0.556641 0.205078 0.566406 0.205078 0.568359 0.203125 0.570312 0.203125 0.570312 0.201172 0.572266 0.199219 0.572266 0.197266 0.576172 0.193359 0.587891 0.193359 0.589844 0.191406 0.591797 0.191406 0.593750 0.189453 0.603516 0.189453 0.605469 0.187500 0.607422 0.187500 0.607422 0.185547 0.609375 0.183594 0.609375 0.175781 0.607422 0.173828 0.607422 0.171875 0.605469 0.171875 0.603516 0.169922 0.601562 0.169922 0.599609 0.167969
0 0.441406 0.166016 0.437500 0.169922 0.437500 0.183594 0.439453 0.185547 0.439453 0.187500 0.441406 0.187500 0.443359 0.189453 0.455078 0.189453 0.457031 0.187500 0.462891 0.187500 0.464844 0.185547 0.466797 0.185547 0.466797 0.183594 0.468750 0.181641 0.468750 0.173828 0.466797 0.171875 0.466797 0.169922 0.464844 0.167969 0.462891 0.167969 0.460938 0.166016
0 0.689453 0.123047 0.685547 0.126953 0.685547 0.136719 0.687500 0.138672 0.687500 0.140625 0.689453 0.140625 0.691406 0.142578 0.699219 0.142578 0.701172 0.140625 0.703125 0.140625 0.703125 0.138672 0.705078 0.136719 0.705078 0.128906 0.703125 0.126953 0.703125 0.125000 0.701172 0.125000 0.699219 0.123047
0 0.626953 0.105469 0.625000 0.107422 0.623047 0.107422 0.621094 0.109375 0.615234 0.109375 0.611328 0.113281 0.611328 0.123047 0.613281 0.125000 0.611328 0.126953 0.609375 0.126953 0.603516 0.132812 0.603516 0.142578 0.605469 0.144531 0.605469 0.146484 0.607422 0.146484 0.609375 0.148438 0.617188 0.148438 0.619141 0.146484 0.621094 0.146484 0.623047 0.144531 0.625000 0.144531 0.626953 0.142578 0.644531 0.142578 0.646484 0.140625 0.648438 0.140625 0.650391 0.138672 0.650391 0.136719 0.652344 0.134766 0.652344 0.132812 0.654297 0.130859 0.654297 0.128906 0.656250 0.126953 0.656250 0.117188 0.654297 0.115234 0.654297 0.113281 0.652344 0.111328 0.650391 0.111328 0.646484 0.107422 0.644531 0.107422 0.642578 0.105469
0 0.798828 0.095703 0.796875 0.097656 0.791016 0.097656 0.787109 0.101562 0.787109 0.111328 0.789062 0.113281 0.789062 0.115234 0.791016 0.115234 0.792969 0.117188 0.808594 0.117188 0.810547 0.115234 0.812500 0.115234 0.812500 0.113281 0.814453 0.111328 0.814453 0.101562 0.812500 0.099609 0.812500 0.097656 0.810547 0.097656 0.808594 0.095703
0 0.679688 0.074219 0.677734 0.076172 0.675781 0.076172 0.667969 0.083984 0.667969 0.099609 0.669922 0.101562 0.669922 0.103516 0.671875 0.103516 0.673828 0.105469 0.675781 0.105469 0.677734 0.107422 0.687500 0.107422 0.689453 0.105469 0.691406 0.105469 0.693359 0.103516 0.693359 0.101562 0.695312 0.099609 0.695312 0.097656 0.697266 0.095703 0.697266 0.083984 0.695312 0.082031 0.695312 0.080078 0.693359 0.078125 0.693359 0.076172 0.691406 0.076172 0.689453 0.074219
0 0.068359 0.054688 0.064453 0.058594 0.064453 0.068359 0.074219 0.078125 0.085938 0.078125 0.089844 0.074219 0.089844 0.064453 0.085938 0.060547 0.085938 0.058594 0.082031 0.054688
0 0.964844 0.042969 0.960938 0.046875 0.960938 0.060547 0.962891 0.062500 0.962891 0.068359 0.964844 0.070312 0.964844 0.072266 0.966797 0.074219 0.966797 0.078125 0.968750 0.080078 0.968750 0.097656 0.970703 0.099609 0.970703 0.101562 0.972656 0.103516 0.972656 0.105469 0.976562 0.109375 0.976562 0.111328 0.978516 0.113281 0.978516 0.123047 0.980469 0.125000 0.980469 0.128906 0.982422 0.130859 0.982422 0.140625 0.984375 0.142578 0.984375 0.150391 0.986328 0.152344 0.986328 0.154297 0.988281 0.156250 0.988281 0.160156 0.990234 0.162109 0.990234 0.164062 0.992188 0.164062 0.994141 0.166016 0.998047 0.166016 0.998047 0.105469 0.996094 0.103516 0.996094 0.099609 0.994141 0.097656 0.994141 0.095703 0.990234 0.091797 0.990234 0.089844 0.988281 0.087891 0.988281 0.072266 0.986328 0.070312 0.986328 0.066406 0.984375 0.064453 0.984375 0.062500 0.982422 0.060547 0.982422 0.052734 0.980469 0.050781 0.980469 0.048828 0.978516 0.046875 0.978516 0.044922 0.976562 0.044922 0.974609 0.042969
0 0.361328 0.042969 0.357422 0.046875 0.357422 0.056641 0.359375 0.058594 0.359375 0.060547 0.361328 0.060547 0.363281 0.062500 0.363281 0.064453 0.361328 0.066406 0.361328 0.103516 0.363281 0.105469 0.363281 0.107422 0.365234 0.109375 0.365234 0.111328 0.367188 0.113281 0.367188 0.121094 0.369141 0.123047 0.369141 0.125000 0.371094 0.126953 0.371094 0.128906 0.373047 0.130859 0.373047 0.132812 0.376953 0.136719 0.376953 0.138672 0.378906 0.138672 0.382812 0.142578 0.384766 0.142578 0.386719 0.144531 0.398438 0.144531 0.400391 0.142578 0.402344 0.142578 0.406250 0.138672 0.406250 0.136719 0.408203 0.134766 0.410156 0.134766 0.410156 0.132812 0.412109 0.130859 0.412109 0.119141 0.410156 0.117188 0.410156 0.115234 0.408203 0.115234 0.406250 0.113281 0.396484 0.113281 0.390625 0.119141 0.388672 0.117188 0.388672 0.115234 0.386719 0.113281 0.386719 0.103516 0.384766 0.101562 0.384766 0.099609 0.382812 0.097656 0.382812 0.095703 0.380859 0.093750 0.380859 0.068359 0.382812 0.066406 0.382812 0.058594 0.380859 0.056641 0.380859 0.054688 0.378906 0.054688 0.376953 0.052734 0.376953 0.048828 0.375000 0.046875 0.375000 0.044922 0.373047 0.044922 0.371094 0.042969
0 0.466797 0.039062 0.460938 0.044922 0.458984 0.044922 0.457031 0.046875 0.455078 0.046875 0.451172 0.050781 0.449219 0.050781 0.447266 0.052734 0.445312 0.052734 0.437500 0.060547 0.437500 0.062500 0.435547 0.064453 0.433594 0.064453 0.431641 0.066406 0.429688 0.064453 0.419922 0.064453 0.416016 0.068359 0.416016 0.070312 0.414062 0.072266 0.410156 0.072266 0.406250 0.076172 0.406250 0.085938 0.408203 0.087891 0.408203 0.089844 0.410156 0.089844 0.412109 0.091797 0.416016 0.091797 0.417969 0.093750 0.416016 0.095703 0.416016 0.107422 0.417969 0.109375 0.417969 0.111328 0.419922 0.111328 0.421875 0.113281 0.429688 0.113281 0.431641 0.115234 0.431641 0.117188 0.427734 0.121094 0.427734 0.132812 0.429688 0.134766 0.429688 0.136719 0.431641 0.138672 0.431641 0.140625 0.433594 0.142578 0.433594 0.144531 0.435547 0.144531 0.437500 0.146484 0.439453 0.146484 0.441406 0.148438 0.451172 0.148438 0.453125 0.146484 0.455078 0.146484 0.455078 0.144531 0.457031 0.142578 0.457031 0.138672 0.458984 0.136719 0.460938 0.136719 0.462891 0.134766 0.474609 0.134766 0.476562 0.132812 0.478516 0.132812 0.482422 0.128906 0.484375 0.128906 0.486328 0.126953 0.492188 0.126953 0.494141 0.125000 0.496094 0.125000 0.496094 0.123047 0.498047 0.121094 0.498047 0.113281 0.496094 0.111328 0.496094 0.109375 0.500000 0.105469 0.501953 0.105469 0.501953 0.103516 0.503906 0.101562 0.507812 0.101562 0.509766 0.099609 0.511719 0.099609 0.513672 0.101562 0.521484 0.101562 0.523438 0.099609 0.525391 0.099609 0.525391 0.097656 0.527344 0.095703 0.527344 0.093750 0.529297 0.091797 0.531250 0.091797 0.531250 0.089844 0.533203 0.087891 0.533203 0.066406 0.531250 0.064453 0.531250 0.062500 0.529297 0.062500 0.527344 0.060547 0.517578 0.060547 0.515625 0.058594 0.515625 0.050781 0.513672 0.048828 0.513672 0.046875 0.511719 0.046875 0.509766 0.044922 0.501953 0.044922 0.500000 0.042969 0.490234 0.042969 0.486328 0.046875 0.486328 0.048828 0.484375 0.050781 0.482422 0.048828 0.482422 0.044922 0.480469 0.042969 0.480469 0.041016 0.478516 0.041016 0.476562 0.039062
0 0.644531 0.031250 0.632812 0.042969 0.632812 0.044922 0.630859 0.046875 0.628906 0.046875 0.623047 0.052734 0.623047 0.054688 0.621094 0.056641 0.619141 0.054688 0.617188 0.054688 0.615234 0.052734 0.605469 0.052734 0.601562 0.056641 0.601562 0.066406 0.603516 0.068359 0.603516 0.070312 0.605469 0.072266 0.605469 0.074219 0.607422 0.074219 0.609375 0.076172 0.611328 0.076172 0.613281 0.078125 0.615234 0.078125 0.617188 0.080078 0.626953 0.080078 0.628906 0.078125 0.630859 0.078125 0.632812 0.076172 0.634766 0.076172 0.636719 0.074219 0.638672 0.074219 0.638672 0.072266 0.640625 0.070312 0.640625 0.068359 0.642578 0.066406 0.644531 0.066406 0.648438 0.062500 0.650391 0.062500 0.652344 0.060547 0.654297 0.060547 0.658203 0.056641 0.660156 0.056641 0.660156 0.054688 0.662109 0.052734 0.662109 0.037109 0.660156 0.035156 0.660156 0.033203 0.658203 0.033203 0.656250 0.031250
0 0.917969 0.007812 0.914062 0.011719 0.914062 0.021484 0.916016 0.023438 0.916016 0.025391 0.917969 0.025391 0.919922 0.027344 0.927734 0.027344 0.929688 0.025391 0.931641 0.025391 0.931641 0.023438 0.933594 0.021484 0.933594 0.013672 0.931641 0.011719 0.931641 0.009766 0.929688 0.009766 0.927734 0.007812
0 0.843750 0.000000 0.841797 0.001953 0.839844 0.001953 0.835938 0.005859 0.835938 0.019531 0.837891 0.021484 0.837891 0.023438 0.839844 0.025391 0.841797 0.025391 0.843750 0.027344 0.843750 0.042969 0.845703 0.044922 0.845703 0.046875 0.849609 0.050781 0.849609 0.058594 0.851562 0.060547 0.851562 0.062500 0.853516 0.062500 0.855469 0.064453 0.859375 0.064453 0.861328 0.066406 0.861328 0.068359 0.863281 0.070312 0.861328 0.072266 0.861328 0.076172 0.859375 0.078125 0.853516 0.078125 0.851562 0.080078 0.849609 0.080078 0.845703 0.083984 0.845703 0.093750 0.847656 0.095703 0.847656 0.097656 0.849609 0.097656 0.851562 0.099609 0.859375 0.099609 0.861328 0.101562 0.861328 0.103516 0.863281 0.105469 0.865234 0.105469 0.867188 0.107422 0.875000 0.107422 0.876953 0.109375 0.878906 0.109375 0.880859 0.111328 0.882812 0.111328 0.892578 0.121094 0.892578 0.123047 0.894531 0.123047 0.898438 0.126953 0.898438 0.132812 0.900391 0.134766 0.900391 0.136719 0.902344 0.136719 0.904297 0.138672 0.914062 0.138672 0.916016 0.136719 0.917969 0.136719 0.919922 0.134766 0.921875 0.134766 0.921875 0.132812 0.923828 0.130859 0.931641 0.130859 0.933594 0.132812 0.935547 0.132812 0.937500 0.134766 0.937500 0.136719 0.939453 0.138672 0.939453 0.140625 0.941406 0.142578 0.941406 0.148438 0.943359 0.150391 0.943359 0.154297 0.941406 0.156250 0.939453 0.156250 0.937500 0.154297 0.935547 0.154297 0.933594 0.152344 0.919922 0.152344 0.912109 0.160156 0.912109 0.201172 0.914062 0.203125 0.914062 0.205078 0.916016 0.207031 0.917969 0.207031 0.919922 0.208984 0.923828 0.208984 0.925781 0.210938 0.929688 0.210938 0.931641 0.212891 0.931641 0.216797 0.929688 0.218750 0.917969 0.218750 0.914062 0.222656 0.914062 0.226562 0.912109 0.228516 0.912109 0.238281 0.906250 0.244141 0.906250 0.261719 0.898438 0.269531 0.896484 0.269531 0.894531 0.271484 0.892578 0.271484 0.890625 0.273438 0.882812 0.273438 0.880859 0.275391 0.878906 0.275391 0.876953 0.277344 0.875000 0.277344 0.865234 0.287109 0.841797 0.287109 0.839844 0.289062 0.835938 0.289062 0.833984 0.291016 0.830078 0.291016 0.828125 0.292969 0.826172 0.292969 0.824219 0.294922 0.808594 0.294922 0.806641 0.292969 0.804688 0.292969 0.802734 0.291016 0.794922 0.291016 0.792969 0.289062 0.792969 0.287109 0.794922 0.285156 0.794922 0.271484 0.792969 0.269531 0.792969 0.267578 0.791016 0.265625 0.791016 0.263672 0.785156 0.257812 0.785156 0.253906 0.783203 0.251953 0.783203 0.250000 0.781250 0.250000 0.779297 0.248047 0.777344 0.248047 0.775391 0.246094 0.775391 0.244141 0.773438 0.242188 0.773438 0.240234 0.771484 0.240234 0.769531 0.238281 0.765625 0.238281 0.763672 0.236328 0.763672 0.234375 0.767578 0.230469 0.767578 0.228516 0.769531 0.226562 0.769531 0.207031 0.767578 0.205078 0.767578 0.201172 0.765625 0.199219 0.765625 0.189453 0.763672 0.187500 0.763672 0.185547 0.761719 0.183594 0.761719 0.181641 0.759766 0.179688 0.759766 0.175781 0.757812 0.173828 0.757812 0.164062 0.755859 0.162109 0.755859 0.158203 0.753906 0.156250 0.753906 0.150391 0.751953 0.148438 0.751953 0.146484 0.750000 0.144531 0.750000 0.136719 0.751953 0.134766 0.755859 0.134766 0.757812 0.132812 0.759766 0.132812 0.759766 0.130859 0.761719 0.128906 0.761719 0.117188 0.759766 0.115234 0.759766 0.113281 0.757812 0.111328 0.757812 0.109375 0.755859 0.109375 0.753906 0.107422 0.742188 0.107422 0.738281 0.111328 0.738281 0.117188 0.736328 0.119141 0.734375 0.119141 0.730469 0.123047 0.730469 0.126953 0.728516 0.128906 0.716797 0.128906 0.708984 0.136719 0.708984 0.140625 0.707031 0.142578 0.707031 0.144531 0.705078 0.146484 0.705078 0.148438 0.703125 0.150391 0.703125 0.154297 0.697266 0.160156 0.697266 0.162109 0.695312 0.164062 0.695312 0.167969 0.691406 0.171875 0.691406 0.175781 0.687500 0.179688 0.687500 0.181641 0.685547 0.183594 0.685547 0.185547 0.683594 0.187500 0.683594 0.189453 0.681641 0.191406 0.681641 0.193359 0.679688 0.195312 0.679688 0.197266 0.677734 0.199219 0.677734 0.203125 0.675781 0.205078 0.675781 0.218750 0.673828 0.220703 0.658203 0.220703 0.656250 0.218750 0.652344 0.218750 0.650391 0.216797 0.648438 0.216797 0.646484 0.214844 0.644531 0.214844 0.640625 0.210938 0.638672 0.210938 0.636719 0.208984 0.632812 0.208984 0.630859 0.207031 0.626953 0.207031 0.625000 0.205078 0.601562 0.205078 0.599609 0.207031 0.597656 0.207031 0.595703 0.208984 0.593750 0.208984 0.585938 0.216797 0.585938 0.220703 0.583984 0.222656 0.582031 0.222656 0.578125 0.218750 0.576172 0.218750 0.574219 0.216797 0.558594 0.216797 0.554688 0.220703 0.554688 0.232422 0.556641 0.234375 0.556641 0.236328 0.558594 0.236328 0.562500 0.240234 0.562500 0.242188 0.558594 0.246094 0.556641 0.246094 0.554688 0.248047 0.552734 0.248047 0.548828 0.251953 0.548828 0.261719 0.550781 0.263672 0.550781 0.265625 0.552734 0.265625 0.554688 0.267578 0.566406 0.267578 0.568359 0.265625 0.570312 0.265625 0.570312 0.263672 0.572266 0.261719 0.574219 0.261719 0.578125 0.265625 0.578125 0.267578 0.580078 0.269531 0.580078 0.271484 0.582031 0.273438 0.583984 0.273438 0.585938 0.275391 0.593750 0.275391 0.595703 0.273438 0.597656 0.273438 0.599609 0.271484 0.601562 0.271484 0.605469 0.267578 0.605469 0.265625 0.607422 0.263672 0.607422 0.261719 0.609375 0.259766 0.609375 0.250000 0.607422 0.248047 0.607422 0.246094 0.605469 0.246094 0.601562 0.242188 0.601562 0.236328 0.603516 0.234375 0.603516 0.232422 0.605469 0.230469 0.605469 0.228516 0.607422 0.226562 0.611328 0.226562 0.613281 0.224609 0.617188 0.224609 0.619141 0.226562 0.623047 0.226562 0.625000 0.228516 0.626953 0.228516 0.628906 0.230469 0.630859 0.230469 0.634766 0.234375 0.636719 0.234375 0.638672 0.236328 0.642578 0.236328 0.644531 0.238281 0.648438 0.238281 0.650391 0.240234 0.687500 0.240234 0.689453 0.238281 0.691406 0.238281 0.697266 0.232422 0.697266 0.230469 0.699219 0.228516 0.699219 0.226562 0.701172 0.224609 0.701172 0.218750 0.703125 0.216797 0.703125 0.212891 0.705078 0.210938 0.707031 0.210938 0.708984 0.212891 0.708984 0.218750 0.710938 0.220703 0.710938 0.222656 0.712891 0.222656 0.714844 0.224609 0.714844 0.234375 0.716797 0.236328 0.716797 0.238281 0.718750 0.238281 0.724609 0.244141 0.726562 0.244141 0.728516 0.246094 0.730469 0.246094 0.732422 0.248047 0.750000 0.248047 0.751953 0.246094 0.753906 0.246094 0.755859 0.248047 0.755859 0.253906 0.753906 0.255859 0.748047 0.255859 0.744141 0.259766 0.744141 0.269531 0.746094 0.271484 0.746094 0.273438 0.748047 0.273438 0.750000 0.275391 0.750000 0.281250 0.751953 0.283203 0.751953 0.289062 0.753906 0.291016 0.753906 0.292969 0.757812 0.296875 0.757812 0.298828 0.759766 0.300781 0.759766 0.302734 0.761719 0.302734 0.763672 0.304688 0.765625 0.304688 0.767578 0.306641 0.767578 0.308594 0.769531 0.310547 0.769531 0.312500 0.771484 0.312500 0.773438 0.314453 0.777344 0.314453 0.781250 0.318359 0.781250 0.328125 0.783203 0.330078 0.783203 0.332031 0.785156 0.332031 0.791016 0.337891 0.791016 0.339844 0.792969 0.339844 0.794922 0.341797 0.804688 0.341797 0.806641 0.343750 0.808594 0.343750 0.810547 0.345703 0.847656 0.345703 0.849609 0.343750 0.851562 0.343750 0.853516 0.341797 0.855469 0.341797 0.857422 0.339844 0.859375 0.339844 0.861328 0.337891 0.865234 0.341797 0.865234 0.343750 0.867188 0.343750 0.869141 0.345703 0.880859 0.345703 0.882812 0.343750 0.884766 0.343750 0.886719 0.341797 0.888672 0.341797 0.890625 0.339844 0.890625 0.337891 0.892578 0.335938 0.900391 0.335938 0.902344 0.333984 0.910156 0.333984 0.912109 0.332031 0.914062 0.332031 0.916016 0.330078 0.919922 0.330078 0.921875 0.332031 0.921875 0.333984 0.923828 0.333984 0.925781 0.335938 0.935547 0.335938 0.937500 0.337891 0.935547 0.339844 0.935547 0.341797 0.933594 0.343750 0.933594 0.345703 0.931641 0.347656 0.931641 0.363281 0.929688 0.365234 0.927734 0.363281 0.927734 0.361328 0.925781 0.359375 0.923828 0.359375 0.921875 0.357422 0.919922 0.357422 0.917969 0.355469 0.906250 0.355469 0.904297 0.357422 0.902344 0.357422 0.900391 0.359375 0.898438 0.359375 0.896484 0.361328 0.896484 0.363281 0.894531 0.365234 0.890625 0.365234 0.888672 0.363281 0.884766 0.363281 0.882812 0.361328 0.880859 0.361328 0.878906 0.359375 0.876953 0.359375 0.875000 0.357422 0.869141 0.357422 0.867188 0.355469 0.845703 0.355469 0.843750 0.357422 0.841797 0.357422 0.839844 0.359375 0.837891 0.359375 0.833984 0.363281 0.833984 0.365234 0.832031 0.367188 0.832031 0.369141 0.830078 0.371094 0.826172 0.367188 0.824219 0.367188 0.822266 0.365234 0.800781 0.365234 0.798828 0.367188 0.796875 0.367188 0.794922 0.369141 0.792969 0.369141 0.789062 0.373047 0.789062 0.375000 0.787109 0.376953 0.787109 0.378906 0.785156 0.380859 0.785156 0.384766 0.783203 0.386719 0.783203 0.398438 0.785156 0.400391 0.785156 0.402344 0.787109 0.402344 0.789062 0.404297 0.796875 0.404297 0.798828 0.402344 0.800781 0.402344 0.800781 0.400391 0.804688 0.396484 0.806641 0.396484 0.808594 0.398438 0.812500 0.398438 0.816406 0.402344 0.818359 0.402344 0.820312 0.404297 0.830078 0.404297 0.832031 0.402344 0.835938 0.402344 0.837891 0.404297 0.837891 0.406250 0.839844 0.408203 0.839844 0.410156 0.845703 0.416016 0.847656 0.416016 0.851562 0.419922 0.853516 0.419922 0.855469 0.421875 0.857422 0.421875 0.859375 0.423828 0.865234 0.423828 0.867188 0.425781 0.878906 0.425781 0.880859 0.427734 0.882812 0.427734 0.884766 0.429688 0.998047 0.429688 0.998047 0.337891 0.990234 0.337891 0.988281 0.339844 0.986328 0.339844 0.984375 0.341797 0.982422 0.341797 0.980469 0.343750 0.980469 0.345703 0.978516 0.347656 0.978516 0.349609 0.976562 0.351562 0.976562 0.357422 0.972656 0.361328 0.970703 0.359375 0.970703 0.347656 0.968750 0.345703 0.968750 0.343750 0.966797 0.341797 0.966797 0.339844 0.964844 0.337891 0.962891 0.337891 0.960938 0.335938 0.958984 0.335938 0.957031 0.333984 0.955078 0.333984 0.953125 0.332031 0.955078 0.330078 0.960938 0.330078 0.962891 0.328125 0.964844 0.328125 0.966797 0.326172 0.966797 0.324219 0.968750 0.322266 0.968750 0.314453 0.966797 0.312500 0.966797 0.306641 0.968750 0.304688 0.978516 0.304688 0.980469 0.302734 0.982422 0.302734 0.982422 0.300781 0.984375 0.298828 0.984375 0.289062 0.986328 0.287109 0.986328 0.279297 0.988281 0.277344 0.988281 0.267578 0.986328 0.265625 0.986328 0.257812 0.984375 0.255859 0.984375 0.253906 0.982422 0.251953 0.982422 0.250000 0.980469 0.248047 0.982422 0.246094 0.982422 0.244141 0.984375 0.242188 0.986328 0.242188 0.986328 0.240234 0.988281 0.238281 0.988281 0.228516 0.990234 0.226562 0.992188 0.226562 0.992188 0.224609 0.994141 0.222656 0.994141 0.212891 0.992188 0.210938 0.994141 0.208984 0.996094 0.208984 0.996094 0.207031 0.998047 0.205078 0.998047 0.197266 0.996094 0.195312 0.996094 0.193359 0.994141 0.193359 0.992188 0.191406 0.980469 0.191406 0.978516 0.189453 0.978516 0.179688 0.976562 0.177734 0.976562 0.175781 0.974609 0.175781 0.972656 0.173828 0.966797 0.173828 0.962891 0.169922 0.962891 0.167969 0.966797 0.164062 0.968750 0.164062 0.970703 0.162109 0.970703 0.160156 0.972656 0.158203 0.972656 0.140625 0.970703 0.138672 0.970703 0.132812 0.968750 0.130859 0.968750 0.128906 0.966797 0.126953 0.966797 0.123047 0.964844 0.121094 0.964844 0.119141 0.962891 0.117188 0.962891 0.115234 0.960938 0.113281 0.958984 0.113281 0.957031 0.111328 0.945312 0.111328 0.943359 0.109375 0.943359 0.107422 0.941406 0.107422 0.939453 0.105469 0.935547 0.105469 0.931641 0.101562 0.931641 0.099609 0.941406 0.089844 0.945312 0.089844 0.947266 0.087891 0.949219 0.087891 0.949219 0.085938 0.951172 0.083984 0.951172 0.076172 0.949219 0.074219 0.949219 0.072266 0.947266 0.072266 0.945312 0.070312 0.935547 0.070312 0.933594 0.068359 0.933594 0.066406 0.935547 0.064453 0.935547 0.056641 0.933594 0.054688 0.933594 0.052734 0.931641 0.052734 0.929688 0.050781 0.919922 0.050781 0.916016 0.054688 0.916016 0.064453 0.917969 0.066406 0.917969 0.068359 0.919922 0.068359 0.921875 0.070312 0.923828 0.070312 0.925781 0.072266 0.919922 0.078125 0.912109 0.078125 0.910156 0.080078 0.908203 0.080078 0.906250 0.082031 0.902344 0.082031 0.900391 0.080078 0.900391 0.072266 0.898438 0.070312 0.898438 0.068359 0.896484 0.068359 0.892578 0.064453 0.892578 0.052734 0.890625 0.050781 0.890625 0.033203 0.888672 0.031250 0.888672 0.029297 0.886719 0.027344 0.886719 0.023438 0.884766 0.021484 0.884766 0.019531 0.882812 0.019531 0.880859 0.017578 0.869141 0.017578 0.863281 0.011719 0.863281 0.001953 0.861328 0.000000
0 0.593750 0.000000 0.591797 0.001953 0.589844 0.001953 0.585938 0.005859 0.585938 0.029297 0.587891 0.031250 0.587891 0.033203 0.589844 0.033203 0.591797 0.035156 0.599609 0.035156 0.601562 0.033203 0.603516 0.033203 0.603516 0.031250 0.607422 0.027344 0.607422 0.025391 0.609375 0.023438 0.609375 0.021484 0.611328 0.019531 0.611328 0.017578 0.613281 0.015625 0.613281 0.011719 0.615234 0.009766 0.615234 0.000000
0 0.419922 0.000000 0.419922 0.005859 0.414062 0.011719 0.406250 0.011719 0.404297 0.013672 0.400391 0.013672 0.394531 0.019531 0.390625 0.019531 0.386719 0.023438 0.386719 0.033203 0.388672 0.035156 0.388672 0.037109 0.390625 0.037109 0.392578 0.039062 0.402344 0.039062 0.404297 0.037109 0.406250 0.037109 0.408203 0.035156 0.410156 0.035156 0.412109 0.033203 0.416016 0.033203 0.417969 0.031250 0.425781 0.031250 0.427734 0.029297 0.429688 0.029297 0.431641 0.027344 0.433594 0.027344 0.435547 0.025391 0.443359 0.025391 0.445312 0.023438 0.449219 0.023438 0.451172 0.021484 0.453125 0.021484 0.453125 0.019531 0.455078 0.017578 0.460938 0.017578 0.462891 0.015625 0.466797 0.015625 0.468750 0.013672 0.470703 0.013672 0.472656 0.011719 0.474609 0.011719 0.476562 0.009766 0.482422 0.009766 0.484375 0.007812 0.486328 0.007812 0.488281 0.005859 0.494141 0.005859 0.496094 0.007812 0.505859 0.007812 0.507812 0.009766 0.507812 0.017578 0.509766 0.019531 0.509766 0.021484 0.511719 0.021484 0.513672 0.023438 0.521484 0.023438 0.523438 0.021484 0.525391 0.021484 0.525391 0.019531 0.527344 0.017578 0.529297 0.017578 0.529297 0.015625 0.533203 0.011719 0.535156 0.011719 0.535156 0.009766 0.537109 0.007812 0.537109 0.000000
0 0.330078 0.000000 0.330078 0.005859 0.332031 0.007812 0.332031 0.009766 0.333984 0.009766 0.335938 0.011719 0.343750 0.011719 0.345703 0.009766 0.347656 0.009766 0.347656 0.007812 0.349609 0.005859 0.349609 0.000000