0 0.550781 0.970703 0.548828 0.972656 0.544922 0.972656 0.541016 0.976562 0.537109 0.976562 0.535156 0.978516 0.533203 0.978516 0.531250 0.980469 0.529297 0.980469 0.527344 0.982422 0.521484 0.982422 0.515625 0.988281 0.513672 0.988281 0.511719 0.990234 0.507812 0.990234 0.503906 0.994141 0.503906 0.998047 0.564453 0.998047 0.566406 0.996094 0.566406 0.994141 0.572266 0.988281 0.572266 0.976562 0.568359 0.972656 0.562500 0.972656 0.560547 0.970703
0 0.085938 0.953125 0.083984 0.955078 0.072266 0.955078 0.070312 0.957031 0.068359 0.957031 0.066406 0.958984 0.064453 0.958984 0.052734 0.970703 0.050781 0.970703 0.044922 0.976562 0.044922 0.978516 0.037109 0.986328 0.037109 0.996094 0.039062 0.998047 0.062500 0.998047 0.066406 0.994141 0.070312 0.994141 0.076172 0.988281 0.076172 0.986328 0.078125 0.984375 0.078125 0.982422 0.083984 0.976562 0.083984 0.974609 0.087891 0.970703 0.097656 0.970703 0.101562 0.966797 0.101562 0.957031 0.097656 0.953125
0 0.417969 0.947266 0.414062 0.951172 0.406250 0.951172 0.402344 0.955078 0.402344 0.957031 0.398438 0.960938 0.398438 0.972656 0.396484 0.974609 0.396484 0.988281 0.400391 0.992188 0.400391 0.996094 0.402344 0.998047 0.429688 0.998047 0.433594 0.994141 0.433594 0.972656 0.435547 0.970703 0.453125 0.970703 0.457031 0.966797 0.457031 0.957031 0.451172 0.951172 0.447266 0.951172 0.445312 0.949219 0.443359 0.949219 0.441406 0.947266
0 0.867188 0.937500 0.863281 0.941406 0.863281 0.949219 0.867188 0.953125 0.888672 0.953125 0.892578 0.949219 0.892578 0.941406 0.888672 0.937500
0 0.998047 0.929688 0.994141 0.933594 0.994141 0.935547 0.992188 0.937500 0.992188 0.943359 0.990234 0.945312 0.990234 0.951172 0.988281 0.953125 0.988281 0.955078 0.986328 0.957031 0.986328 0.972656 0.990234 0.976562 0.992188 0.976562 0.994141 0.978516 0.992188 0.980469 0.988281 0.980469 0.986328 0.982422 0.984375 0.982422 0.980469 0.986328 0.980469 0.996094 0.982422 0.998047 0.996094 0.998047 0.998047 0.996094
0 0.099609 0.917969 0.097656 0.919922 0.095703 0.919922 0.091797 0.923828 0.087891 0.923828 0.083984 0.927734 0.083984 0.935547 0.087891 0.939453 0.087891 0.941406 0.091797 0.945312 0.103516 0.945312 0.109375 0.939453 0.109375 0.933594 0.111328 0.931641 0.111328 0.921875 0.107422 0.917969
0 0.164062 0.906250 0.160156 0.910156 0.160156 0.919922 0.164062 0.923828 0.164062 0.925781 0.166016 0.927734 0.166016 0.929688 0.171875 0.935547 0.173828 0.935547 0.175781 0.937500 0.183594 0.937500 0.185547 0.935547 0.189453 0.935547 0.193359 0.931641 0.193359 0.927734 0.195312 0.925781 0.197266 0.925781 0.201172 0.921875 0.201172 0.910156 0.197266 0.906250
0 0.664062 0.886719 0.660156 0.890625 0.658203 0.890625 0.654297 0.894531 0.654297 0.906250 0.658203 0.910156 0.667969 0.910156 0.669922 0.912109 0.693359 0.912109 0.697266 0.908203 0.697266 0.900391 0.693359 0.896484 0.691406 0.896484 0.689453 0.894531 0.685547 0.894531 0.677734 0.886719
0 0.814453 0.857422 0.810547 0.861328 0.808594 0.859375 0.800781 0.859375 0.796875 0.863281 0.796875 0.871094 0.800781 0.875000 0.808594 0.875000 0.810547 0.873047 0.812500 0.873047 0.814453 0.875000 0.822266 0.875000 0.828125 0.869141 0.828125 0.861328 0.824219 0.857422
0 0.789062 0.804688 0.785156 0.808594 0.785156 0.816406 0.789062 0.820312 0.796875 0.820312 0.800781 0.816406 0.800781 0.808594 0.796875 0.804688
0 0.986328 0.775391 0.982422 0.779297 0.982422 0.783203 0.980469 0.785156 0.966797 0.785156 0.962891 0.789062 0.962891 0.796875 0.966797 0.800781 0.968750 0.800781 0.972656 0.804688 0.972656 0.816406 0.976562 0.820312 0.976562 0.822266 0.980469 0.826172 0.980469 0.828125 0.978516 0.830078 0.978516 0.837891 0.982422 0.841797 0.982422 0.843750 0.986328 0.847656 0.994141 0.847656 0.998047 0.843750 0.998047 0.779297 0.994141 0.775391
0 0.707031 0.771484 0.703125 0.775391 0.703125 0.789062 0.707031 0.792969 0.708984 0.792969 0.710938 0.794922 0.710938 0.802734 0.718750 0.810547 0.720703 0.810547 0.722656 0.812500 0.724609 0.812500 0.726562 0.814453 0.728516 0.814453 0.732422 0.818359 0.726562 0.824219 0.726562 0.826172 0.720703 0.832031 0.716797 0.832031 0.712891 0.835938 0.710938 0.835938 0.707031 0.839844 0.707031 0.867188 0.710938 0.871094 0.714844 0.871094 0.718750 0.875000 0.724609 0.875000 0.726562 0.876953 0.726562 0.884766 0.730469 0.888672 0.726562 0.892578 0.726562 0.902344 0.730469 0.906250 0.730469 0.923828 0.736328 0.929688 0.736328 0.931641 0.732422 0.935547 0.732422 0.949219 0.738281 0.955078 0.738281 0.960938 0.732422 0.966797 0.732422 0.974609 0.740234 0.982422 0.732422 0.990234 0.732422 0.998047 0.763672 0.998047 0.767578 0.994141 0.767578 0.992188 0.771484 0.988281 0.771484 0.986328 0.775391 0.982422 0.775391 0.970703 0.771484 0.966797 0.765625 0.966797 0.759766 0.960938 0.759766 0.958984 0.761719 0.957031 0.785156 0.957031 0.794922 0.947266 0.802734 0.947266 0.804688 0.949219 0.802734 0.951172 0.798828 0.951172 0.794922 0.955078 0.794922 0.968750 0.800781 0.974609 0.800781 0.982422 0.796875 0.986328 0.796875 0.994141 0.800781 0.998047 0.847656 0.998047 0.851562 0.994141 0.851562 0.986328 0.847656 0.982422 0.824219 0.982422 0.822266 0.980469 0.826172 0.976562 0.828125 0.976562 0.832031 0.972656 0.833984 0.972656 0.835938 0.970703 0.837891 0.970703 0.841797 0.966797 0.841797 0.953125 0.837891 0.949219 0.835938 0.949219 0.833984 0.947266 0.820312 0.947266 0.818359 0.949219 0.812500 0.949219 0.810547 0.947266 0.814453 0.943359 0.814453 0.935547 0.810547 0.931641 0.806641 0.931641 0.804688 0.929688 0.804688 0.921875 0.796875 0.914062 0.781250 0.914062 0.779297 0.916016 0.773438 0.910156 0.771484 0.910156 0.767578 0.906250 0.767578 0.892578 0.769531 0.890625 0.771484 0.890625 0.777344 0.884766 0.777344 0.882812 0.779297 0.880859 0.779297 0.871094 0.775391 0.867188 0.769531 0.867188 0.767578 0.865234 0.767578 0.859375 0.763672 0.855469 0.753906 0.855469 0.751953 0.853516 0.751953 0.845703 0.753906 0.843750 0.755859 0.843750 0.759766 0.839844 0.759766 0.832031 0.757812 0.830078 0.757812 0.822266 0.753906 0.818359 0.751953 0.818359 0.750000 0.816406 0.748047 0.816406 0.744141 0.812500 0.744141 0.804688 0.746094 0.802734 0.748047 0.804688 0.751953 0.804688 0.753906 0.806641 0.761719 0.806641 0.765625 0.802734 0.765625 0.792969 0.761719 0.789062 0.757812 0.789062 0.755859 0.787109 0.755859 0.785156 0.751953 0.781250 0.744141 0.781250 0.738281 0.787109 0.734375 0.787109 0.732422 0.785156 0.732422 0.781250 0.728516 0.777344 0.720703 0.777344 0.714844 0.771484
0 0.839844 0.767578 0.833984 0.773438 0.833984 0.779297 0.830078 0.783203 0.830078 0.792969 0.833984 0.796875 0.837891 0.796875 0.839844 0.798828 0.853516 0.798828 0.857422 0.794922 0.857422 0.791016 0.861328 0.787109 0.861328 0.773438 0.857422 0.769531 0.855469 0.769531 0.853516 0.767578
0 0.593750 0.763672 0.591797 0.765625 0.585938 0.765625 0.582031 0.769531 0.580078 0.769531 0.578125 0.771484 0.568359 0.771484 0.564453 0.775391 0.564453 0.789062 0.568359 0.792969 0.583984 0.792969 0.589844 0.787109 0.621094 0.787109 0.628906 0.779297 0.628906 0.771484 0.625000 0.767578 0.619141 0.767578 0.617188 0.765625 0.615234 0.765625 0.613281 0.763672
0 0.039062 0.750000 0.035156 0.753906 0.035156 0.761719 0.037109 0.763672 0.037109 0.765625 0.033203 0.769531 0.033203 0.771484 0.031250 0.773438 0.031250 0.775391 0.029297 0.777344 0.029297 0.796875 0.031250 0.798828 0.031250 0.800781 0.033203 0.802734 0.033203 0.804688 0.041016 0.812500 0.039062 0.814453 0.025391 0.814453 0.023438 0.816406 0.021484 0.816406 0.019531 0.818359 0.017578 0.818359 0.015625 0.820312 0.013672 0.820312 0.007812 0.826172 0.005859 0.826172 0.003906 0.828125 0.003906 0.830078 0.001953 0.832031 0.001953 0.833984 0.000000 0.835938 0.000000 0.871094 0.001953 0.873047 0.003906 0.873047 0.005859 0.875000 0.023438 0.875000 0.025391 0.876953 0.023438 0.878906 0.021484 0.878906 0.019531 0.880859 0.017578 0.880859 0.009766 0.888672 0.009766 0.890625 0.007812 0.892578 0.007812 0.894531 0.005859 0.896484 0.005859 0.912109 0.007812 0.914062 0.007812 0.916016 0.009766 0.917969 0.009766 0.919922 0.011719 0.921875 0.013672 0.921875 0.015625 0.923828 0.017578 0.923828 0.019531 0.925781 0.021484 0.925781 0.023438 0.927734 0.021484 0.929688 0.017578 0.929688 0.013672 0.933594 0.013672 0.937500 0.011719 0.939453 0.011719 0.943359 0.009766 0.945312 0.009766 0.947266 0.001953 0.955078 0.001953 0.966797 0.005859 0.970703 0.017578 0.970703 0.035156 0.953125 0.035156 0.951172 0.039062 0.947266 0.039062 0.945312 0.042969 0.941406 0.042969 0.931641 0.039062 0.927734 0.033203 0.927734 0.031250 0.925781 0.033203 0.923828 0.035156 0.923828 0.037109 0.921875 0.039062 0.921875 0.041016 0.919922 0.041016 0.917969 0.046875 0.912109 0.048828 0.912109 0.050781 0.910156 0.054688 0.910156 0.056641 0.908203 0.058594 0.908203 0.060547 0.906250 0.062500 0.906250 0.064453 0.904297 0.066406 0.904297 0.072266 0.898438 0.087891 0.898438 0.089844 0.896484 0.091797 0.896484 0.093750 0.894531 0.095703 0.894531 0.097656 0.892578 0.097656 0.890625 0.099609 0.888672 0.099609 0.886719 0.101562 0.884766 0.101562 0.873047 0.099609 0.871094 0.099609 0.869141 0.097656 0.867188 0.097656 0.865234 0.091797 0.859375 0.089844 0.859375 0.083984 0.853516 0.083984 0.851562 0.082031 0.849609 0.082031 0.847656 0.078125 0.843750 0.078125 0.841797 0.076172 0.839844 0.076172 0.837891 0.074219 0.835938 0.072266 0.835938 0.070312 0.833984 0.068359 0.833984 0.066406 0.832031 0.062500 0.832031 0.060547 0.830078 0.060547 0.828125 0.058594 0.826172 0.058594 0.824219 0.052734 0.818359 0.054688 0.816406 0.060547 0.816406 0.062500 0.814453 0.064453 0.814453 0.066406 0.812500 0.068359 0.812500 0.070312 0.810547 0.070312 0.808594 0.072266 0.806641 0.072266 0.804688 0.074219 0.802734 0.074219 0.789062 0.076172 0.787109 0.076172 0.773438 0.074219 0.771484 0.074219 0.769531 0.072266 0.767578 0.072266 0.765625 0.070312 0.763672 0.070312 0.761719 0.068359 0.759766 0.066406 0.759766 0.064453 0.757812 0.062500 0.757812 0.060547 0.755859 0.052734 0.755859 0.046875 0.750000
0 0.707031 0.726562 0.703125 0.730469 0.691406 0.730469 0.687500 0.734375 0.687500 0.736328 0.681641 0.742188 0.681641 0.744141 0.675781 0.750000 0.673828 0.750000 0.669922 0.753906 0.666016 0.753906 0.662109 0.757812 0.662109 0.775391 0.666016 0.779297 0.677734 0.779297 0.679688 0.777344 0.681641 0.777344 0.687500 0.771484 0.693359 0.771484 0.697266 0.767578 0.699219 0.767578 0.701172 0.765625 0.714844 0.765625 0.718750 0.761719 0.718750 0.759766 0.720703 0.757812 0.724609 0.757812 0.728516 0.753906 0.728516 0.746094 0.718750 0.736328 0.718750 0.730469 0.714844 0.726562
0 0.925781 0.708984 0.921875 0.712891 0.921875 0.720703 0.925781 0.724609 0.937500 0.724609 0.941406 0.720703 0.941406 0.712891 0.937500 0.708984
0 0.849609 0.701172 0.845703 0.705078 0.845703 0.712891 0.849609 0.716797 0.857422 0.716797 0.861328 0.712891 0.861328 0.705078 0.857422 0.701172
0 0.511719 0.685547 0.507812 0.689453 0.507812 0.691406 0.505859 0.693359 0.505859 0.697266 0.503906 0.699219 0.503906 0.708984 0.505859 0.710938 0.505859 0.712891 0.509766 0.716797 0.519531 0.716797 0.517578 0.714844 0.517578 0.710938 0.521484 0.707031 0.521484 0.693359 0.519531 0.691406 0.519531 0.689453 0.515625 0.689453
0 0.839844 0.669922 0.835938 0.673828 0.835938 0.681641 0.839844 0.685547 0.847656 0.685547 0.851562 0.681641 0.851562 0.673828 0.847656 0.669922
0 0.800781 0.664062 0.796875 0.667969 0.796875 0.675781 0.800781 0.679688 0.808594 0.679688 0.812500 0.675781 0.812500 0.667969 0.808594 0.664062
0 0.128906 0.662109 0.125000 0.666016 0.121094 0.666016 0.117188 0.669922 0.117188 0.681641 0.121094 0.685547 0.128906 0.685547 0.130859 0.683594 0.136719 0.689453 0.144531 0.689453 0.148438 0.685547 0.148438 0.683594 0.150391 0.681641 0.150391 0.667969 0.146484 0.664062 0.142578 0.664062 0.140625 0.662109
0 0.818359 0.648438 0.814453 0.652344 0.814453 0.664062 0.818359 0.667969 0.826172 0.667969 0.830078 0.664062 0.830078 0.652344 0.826172 0.648438
0 0.759766 0.648438 0.755859 0.652344 0.755859 0.666016 0.753906 0.667969 0.753906 0.669922 0.751953 0.671875 0.751953 0.681641 0.755859 0.685547 0.771484 0.685547 0.775391 0.681641 0.775391 0.679688 0.779297 0.675781 0.781250 0.675781 0.785156 0.671875 0.785156 0.652344 0.781250 0.648438
0 0.982422 0.636719 0.978516 0.640625 0.978516 0.648438 0.982422 0.652344 0.990234 0.652344 0.994141 0.648438 0.994141 0.640625 0.990234 0.636719
0 0.212891 0.634766 0.208984 0.638672 0.208984 0.650391 0.210938 0.652344 0.210938 0.654297 0.212891 0.656250 0.212891 0.658203 0.216797 0.662109 0.214844 0.664062 0.210938 0.664062 0.208984 0.666016 0.201172 0.666016 0.193359 0.673828 0.191406 0.673828 0.189453 0.675781 0.185547 0.675781 0.183594 0.673828 0.160156 0.673828 0.156250 0.677734 0.156250 0.685547 0.160156 0.689453 0.175781 0.689453 0.177734 0.691406 0.187500 0.691406 0.189453 0.689453 0.191406 0.691406 0.199219 0.691406 0.203125 0.687500 0.205078 0.687500 0.210938 0.681641 0.218750 0.681641 0.220703 0.679688 0.226562 0.679688 0.228516 0.677734 0.234375 0.677734 0.238281 0.673828 0.238281 0.660156 0.236328 0.658203 0.236328 0.656250 0.226562 0.646484 0.226562 0.644531 0.224609 0.642578 0.224609 0.638672 0.220703 0.634766
0 0.316406 0.630859 0.308594 0.638672 0.304688 0.638672 0.300781 0.642578 0.300781 0.650391 0.304688 0.654297 0.318359 0.654297 0.320312 0.652344 0.322266 0.652344 0.324219 0.650391 0.326172 0.650391 0.332031 0.644531 0.332031 0.634766 0.328125 0.630859
0 0.900391 0.625000 0.896484 0.628906 0.896484 0.636719 0.898438 0.638672 0.898438 0.642578 0.902344 0.646484 0.904297 0.646484 0.908203 0.650391 0.916016 0.650391 0.919922 0.646484 0.919922 0.638672 0.917969 0.636719 0.917969 0.634766 0.914062 0.630859 0.914062 0.628906 0.910156 0.625000
0 0.951172 0.589844 0.943359 0.597656 0.937500 0.597656 0.933594 0.601562 0.933594 0.609375 0.935547 0.611328 0.935547 0.621094 0.937500 0.623047 0.937500 0.626953 0.941406 0.630859 0.957031 0.630859 0.958984 0.628906 0.960938 0.630859 0.984375 0.630859 0.986328 0.628906 0.990234 0.628906 0.994141 0.625000 0.994141 0.617188 0.990234 0.613281 0.988281 0.613281 0.984375 0.609375 0.982422 0.609375 0.980469 0.607422 0.972656 0.607422 0.968750 0.611328 0.966797 0.609375 0.966797 0.603516 0.964844 0.601562 0.964844 0.597656 0.962891 0.595703 0.962891 0.593750 0.958984 0.589844
0 0.203125 0.576172 0.199219 0.580078 0.197266 0.580078 0.193359 0.583984 0.193359 0.585938 0.187500 0.591797 0.183594 0.591797 0.179688 0.595703 0.179688 0.603516 0.183594 0.607422 0.197266 0.607422 0.207031 0.597656 0.207031 0.595703 0.208984 0.593750 0.210938 0.593750 0.214844 0.589844 0.214844 0.580078 0.210938 0.576172
0 0.804688 0.566406 0.800781 0.570312 0.800781 0.574219 0.798828 0.576172 0.792969 0.576172 0.789062 0.580078 0.789062 0.587891 0.792969 0.591797 0.792969 0.597656 0.791016 0.599609 0.789062 0.597656 0.789062 0.595703 0.787109 0.593750 0.787109 0.591797 0.783203 0.587891 0.773438 0.587891 0.769531 0.591797 0.769531 0.599609 0.771484 0.601562 0.771484 0.603516 0.769531 0.605469 0.765625 0.601562 0.763672 0.601562 0.761719 0.599609 0.751953 0.599609 0.744141 0.607422 0.744141 0.615234 0.748047 0.619141 0.761719 0.619141 0.763672 0.621094 0.763672 0.625000 0.767578 0.628906 0.775391 0.628906 0.779297 0.625000 0.779297 0.621094 0.781250 0.619141 0.787109 0.619141 0.791016 0.615234 0.791016 0.599609 0.792969 0.597656 0.794922 0.599609 0.794922 0.601562 0.798828 0.605469 0.800781 0.605469 0.804688 0.609375 0.804688 0.613281 0.810547 0.619141 0.818359 0.619141 0.822266 0.615234 0.822266 0.607422 0.820312 0.605469 0.820312 0.601562 0.818359 0.599609 0.818359 0.585938 0.816406 0.583984 0.816406 0.570312 0.812500 0.566406
0 0.820312 0.527344 0.816406 0.531250 0.816406 0.544922 0.818359 0.546875 0.818359 0.552734 0.822266 0.556641 0.832031 0.556641 0.835938 0.552734 0.835938 0.541016 0.832031 0.537109 0.832031 0.531250 0.828125 0.527344
0 0.798828 0.521484 0.794922 0.525391 0.794922 0.552734 0.798828 0.556641 0.808594 0.556641 0.812500 0.552734 0.812500 0.544922 0.810547 0.542969 0.810547 0.525391 0.806641 0.521484
0 0.710938 0.507812 0.707031 0.511719 0.707031 0.513672 0.703125 0.517578 0.703125 0.519531 0.701172 0.521484 0.701172 0.523438 0.699219 0.525391 0.699219 0.535156 0.703125 0.539062 0.714844 0.539062 0.718750 0.535156 0.718750 0.533203 0.720703 0.531250 0.720703 0.529297 0.722656 0.527344 0.722656 0.511719 0.718750 0.507812
0 0.785156 0.451172 0.781250 0.455078 0.781250 0.462891 0.783203 0.464844 0.777344 0.470703 0.777344 0.482422 0.781250 0.486328 0.789062 0.486328 0.792969 0.482422 0.792969 0.470703 0.791016 0.468750 0.796875 0.462891 0.796875 0.455078 0.792969 0.451172
0 0.984375 0.406250 0.982422 0.408203 0.980469 0.408203 0.978516 0.410156 0.976562 0.410156 0.970703 0.416016 0.962891 0.416016 0.958984 0.419922 0.958984 0.431641 0.960938 0.433594 0.960938 0.439453 0.964844 0.443359 0.966797 0.443359 0.972656 0.449219 0.980469 0.449219 0.986328 0.455078 0.994141 0.455078 0.998047 0.451172 0.998047 0.406250
0 0.226562 0.402344 0.224609 0.404297 0.222656 0.404297 0.220703 0.406250 0.218750 0.406250 0.216797 0.408203 0.216797 0.410156 0.214844 0.412109 0.214844 0.414062 0.212891 0.416016 0.212891 0.429688 0.214844 0.431641 0.214844 0.433594 0.216797 0.435547 0.216797 0.457031 0.214844 0.458984 0.214844 0.460938 0.212891 0.462891 0.212891 0.466797 0.210938 0.468750 0.210938 0.496094 0.212891 0.498047 0.212891 0.503906 0.210938 0.505859 0.203125 0.505859 0.201172 0.507812 0.199219 0.507812 0.197266 0.509766 0.195312 0.509766 0.191406 0.513672 0.181641 0.513672 0.179688 0.515625 0.177734 0.515625 0.175781 0.517578 0.173828 0.517578 0.171875 0.519531 0.171875 0.521484 0.169922 0.523438 0.169922 0.525391 0.167969 0.527344 0.167969 0.535156 0.164062 0.539062 0.162109 0.539062 0.156250 0.544922 0.156250 0.546875 0.154297 0.548828 0.154297 0.550781 0.152344 0.552734 0.152344 0.564453 0.154297 0.566406 0.154297 0.568359 0.156250 0.570312 0.156250 0.572266 0.158203 0.574219 0.160156 0.574219 0.162109 0.576172 0.164062 0.576172 0.166016 0.578125 0.177734 0.578125 0.179688 0.576172 0.181641 0.576172 0.183594 0.574219 0.185547 0.574219 0.193359 0.566406 0.195312 0.568359 0.197266 0.568359 0.199219 0.570312 0.214844 0.570312 0.216797 0.568359 0.218750 0.568359 0.220703 0.566406 0.222656 0.566406 0.228516 0.560547 0.230469 0.560547 0.236328 0.554688 0.238281 0.554688 0.240234 0.552734 0.240234 0.550781 0.242188 0.548828 0.242188 0.546875 0.244141 0.544922 0.244141 0.541016 0.246094 0.539062 0.246094 0.537109 0.248047 0.535156 0.248047 0.513672 0.250000 0.511719 0.250000 0.509766 0.251953 0.507812 0.251953 0.505859 0.253906 0.503906 0.253906 0.501953 0.255859 0.500000 0.255859 0.496094 0.257812 0.494141 0.257812 0.492188 0.259766 0.490234 0.259766 0.480469 0.261719 0.478516 0.261719 0.421875 0.259766 0.419922 0.259766 0.417969 0.257812 0.416016 0.257812 0.414062 0.255859 0.412109 0.253906 0.412109 0.251953 0.410156 0.250000 0.410156 0.246094 0.406250 0.244141 0.406250 0.242188 0.404297 0.240234 0.404297 0.238281 0.402344
0 0.304688 0.380859 0.298828 0.386719 0.298828 0.406250 0.302734 0.410156 0.306641 0.410156 0.310547 0.414062 0.318359 0.414062 0.322266 0.410156 0.328125 0.410156 0.333984 0.404297 0.333984 0.400391 0.337891 0.396484 0.337891 0.386719 0.332031 0.380859
0 0.429688 0.375000 0.427734 0.376953 0.425781 0.376953 0.423828 0.378906 0.421875 0.378906 0.416016 0.384766 0.416016 0.392578 0.419922 0.396484 0.429688 0.396484 0.431641 0.394531 0.437500 0.394531 0.441406 0.390625 0.441406 0.388672 0.443359 0.386719 0.443359 0.378906 0.439453 0.375000
0 0.103516 0.355469 0.101562 0.357422 0.099609 0.357422 0.091797 0.365234 0.091797 0.367188 0.085938 0.373047 0.085938 0.375000 0.083984 0.376953 0.074219 0.376953 0.072266 0.378906 0.070312 0.376953 0.060547 0.376953 0.058594 0.375000 0.056641 0.375000 0.054688 0.373047 0.048828 0.373047 0.046875 0.371094 0.041016 0.371094 0.039062 0.369141 0.021484 0.369141 0.019531 0.371094 0.017578 0.371094 0.015625 0.373047 0.013672 0.373047 0.011719 0.375000 0.011719 0.376953 0.009766 0.378906 0.009766 0.380859 0.007812 0.382812 0.007812 0.394531 0.009766 0.396484 0.009766 0.398438 0.011719 0.400391 0.011719 0.402344 0.013672 0.404297 0.015625 0.404297 0.017578 0.406250 0.019531 0.406250 0.021484 0.408203 0.027344 0.408203 0.029297 0.410156 0.037109 0.410156 0.039062 0.412109 0.041016 0.412109 0.042969 0.414062 0.044922 0.414062 0.046875 0.416016 0.050781 0.416016 0.052734 0.417969 0.050781 0.419922 0.048828 0.419922 0.046875 0.421875 0.044922 0.419922 0.042969 0.419922 0.041016 0.417969 0.029297 0.417969 0.027344 0.419922 0.025391 0.419922 0.023438 0.421875 0.021484 0.421875 0.015625 0.427734 0.015625 0.429688 0.013672 0.431641 0.013672 0.433594 0.011719 0.435547 0.011719 0.439453 0.009766 0.441406 0.009766 0.443359 0.007812 0.445312 0.005859 0.445312 0.003906 0.447266 0.003906 0.449219 0.001953 0.451172 0.001953 0.453125 0.000000 0.455078 0.000000 0.574219 0.013672 0.574219 0.015625 0.572266 0.017578 0.572266 0.019531 0.570312 0.021484 0.570312 0.023438 0.568359 0.029297 0.568359 0.031250 0.570312 0.033203 0.570312 0.035156 0.572266 0.033203 0.574219 0.031250 0.574219 0.029297 0.576172 0.027344 0.576172 0.025391 0.578125 0.023438 0.578125 0.021484 0.580078 0.019531 0.580078 0.013672 0.585938 0.011719 0.585938 0.003906 0.593750 0.001953 0.593750 0.000000 0.595703 0.000000 0.675781 0.001953 0.677734 0.001953 0.683594 0.000000 0.685547 0.000000 0.728516 0.001953 0.730469 0.013672 0.730469 0.015625 0.728516 0.017578 0.728516 0.021484 0.724609 0.021484 0.720703 0.023438 0.718750 0.023438 0.710938 0.025391 0.708984 0.025391 0.705078 0.027344 0.703125 0.027344 0.701172 0.033203 0.695312 0.033203 0.687500 0.035156 0.685547 0.039062 0.685547 0.041016 0.683594 0.042969 0.683594 0.044922 0.681641 0.046875 0.681641 0.048828 0.679688 0.050781 0.679688 0.052734 0.677734 0.054688 0.677734 0.064453 0.667969 0.066406 0.667969 0.068359 0.666016 0.068359 0.664062 0.070312 0.662109 0.070312 0.660156 0.072266 0.658203 0.072266 0.656250 0.074219 0.654297 0.074219 0.634766 0.072266 0.632812 0.074219 0.630859 0.087891 0.630859 0.089844 0.632812 0.099609 0.632812 0.107422 0.625000 0.107422 0.611328 0.103516 0.607422 0.095703 0.607422 0.091797 0.611328 0.091797 0.613281 0.089844 0.615234 0.080078 0.615234 0.076172 0.611328 0.056641 0.611328 0.054688 0.609375 0.056641 0.607422 0.058594 0.607422 0.060547 0.605469 0.062500 0.605469 0.064453 0.603516 0.066406 0.603516 0.068359 0.601562 0.070312 0.601562 0.072266 0.599609 0.074219 0.599609 0.076172 0.597656 0.078125 0.597656 0.080078 0.595703 0.087891 0.595703 0.089844 0.593750 0.093750 0.593750 0.095703 0.591797 0.097656 0.591797 0.099609 0.589844 0.101562 0.589844 0.105469 0.585938 0.107422 0.585938 0.119141 0.574219 0.119141 0.572266 0.121094 0.570312 0.121094 0.568359 0.126953 0.562500 0.128906 0.562500 0.130859 0.560547 0.132812 0.560547 0.138672 0.554688 0.138672 0.552734 0.140625 0.550781 0.140625 0.548828 0.142578 0.546875 0.142578 0.544922 0.144531 0.542969 0.144531 0.531250 0.142578 0.529297 0.142578 0.527344 0.140625 0.525391 0.140625 0.523438 0.138672 0.521484 0.136719 0.521484 0.134766 0.519531 0.132812 0.519531 0.130859 0.517578 0.119141 0.517578 0.117188 0.519531 0.115234 0.519531 0.113281 0.521484 0.111328 0.521484 0.107422 0.525391 0.056641 0.525391 0.054688 0.527344 0.048828 0.527344 0.046875 0.529297 0.039062 0.529297 0.037109 0.527344 0.039062 0.525391 0.041016 0.525391 0.042969 0.523438 0.044922 0.523438 0.050781 0.517578 0.050781 0.509766 0.052734 0.507812 0.052734 0.505859 0.054688 0.503906 0.054688 0.501953 0.058594 0.498047 0.058594 0.496094 0.060547 0.494141 0.060547 0.492188 0.064453 0.488281 0.066406 0.488281 0.068359 0.486328 0.068359 0.484375 0.070312 0.482422 0.072266 0.482422 0.076172 0.486328 0.083984 0.486328 0.085938 0.488281 0.085938 0.496094 0.087891 0.498047 0.087891 0.503906 0.091797 0.507812 0.099609 0.507812 0.111328 0.496094 0.113281 0.496094 0.115234 0.494141 0.117188 0.494141 0.119141 0.492188 0.121094 0.494141 0.130859 0.494141 0.134766 0.490234 0.134766 0.482422 0.128906 0.476562 0.126953 0.476562 0.121094 0.470703 0.121094 0.468750 0.123047 0.466797 0.125000 0.466797 0.128906 0.462891 0.128906 0.453125 0.125000 0.449219 0.119141 0.449219 0.113281 0.443359 0.103516 0.443359 0.101562 0.441406 0.101562 0.439453 0.109375 0.431641 0.109375 0.429688 0.111328 0.427734 0.117188 0.433594 0.125000 0.433594 0.128906 0.429688 0.128906 0.423828 0.130859 0.421875 0.130859 0.416016 0.132812 0.414062 0.132812 0.394531 0.128906 0.390625 0.121094 0.390625 0.119141 0.392578 0.117188 0.390625 0.117188 0.386719 0.123047 0.380859 0.125000 0.380859 0.128906 0.376953 0.128906 0.359375 0.125000 0.355469
0 0.902344 0.347656 0.898438 0.351562 0.898438 0.353516 0.896484 0.355469 0.894531 0.355469 0.890625 0.359375 0.890625 0.361328 0.880859 0.371094 0.878906 0.371094 0.875000 0.375000 0.873047 0.375000 0.869141 0.378906 0.869141 0.382812 0.867188 0.384766 0.865234 0.384766 0.861328 0.388672 0.861328 0.396484 0.865234 0.400391 0.873047 0.400391 0.876953 0.396484 0.876953 0.392578 0.878906 0.390625 0.880859 0.390625 0.882812 0.388672 0.886719 0.388672 0.892578 0.382812 0.894531 0.382812 0.906250 0.371094 0.906250 0.365234 0.908203 0.363281 0.910156 0.363281 0.914062 0.359375 0.914062 0.351562 0.910156 0.347656
0 0.867188 0.324219 0.863281 0.328125 0.863281 0.337891 0.871094 0.345703 0.878906 0.345703 0.882812 0.341797 0.882812 0.333984 0.878906 0.330078 0.878906 0.328125 0.875000 0.324219
0 0.925781 0.306641 0.917969 0.314453 0.917969 0.316406 0.916016 0.318359 0.916016 0.339844 0.919922 0.343750 0.923828 0.343750 0.925781 0.345703 0.923828 0.347656 0.921875 0.347656 0.917969 0.351562 0.917969 0.359375 0.921875 0.363281 0.921875 0.365234 0.925781 0.369141 0.929688 0.369141 0.931641 0.371094 0.941406 0.371094 0.945312 0.367188 0.945312 0.357422 0.947266 0.355469 0.947266 0.353516 0.951172 0.349609 0.951172 0.335938 0.949219 0.333984 0.949219 0.332031 0.941406 0.324219 0.941406 0.318359 0.939453 0.316406 0.939453 0.312500 0.933594 0.306641
0 0.832031 0.287109 0.828125 0.291016 0.828125 0.300781 0.832031 0.304688 0.841797 0.304688 0.845703 0.308594 0.851562 0.308594 0.853516 0.310547 0.857422 0.310547 0.865234 0.318359 0.875000 0.318359 0.878906 0.314453 0.878906 0.300781 0.875000 0.296875 0.869141 0.296875 0.867188 0.294922 0.867188 0.292969 0.863281 0.289062 0.851562 0.289062 0.849609 0.287109
0 0.263672 0.275391 0.257812 0.281250 0.250000 0.281250 0.246094 0.285156 0.244141 0.285156 0.240234 0.289062 0.240234 0.298828 0.244141 0.302734 0.251953 0.302734 0.257812 0.296875 0.269531 0.296875 0.273438 0.292969 0.273438 0.291016 0.277344 0.287109 0.277344 0.279297 0.273438 0.275391
0 0.406250 0.271484 0.402344 0.275391 0.402344 0.279297 0.398438 0.283203 0.398438 0.291016 0.402344 0.294922 0.414062 0.294922 0.417969 0.291016 0.417969 0.285156 0.419922 0.283203 0.419922 0.275391 0.416016 0.271484
0 0.753906 0.224609 0.750000 0.228516 0.750000 0.234375 0.748047 0.236328 0.736328 0.236328 0.732422 0.240234 0.732422 0.248047 0.736328 0.251953 0.742188 0.251953 0.750000 0.259766 0.748047 0.261719 0.744141 0.261719 0.740234 0.265625 0.740234 0.273438 0.744141 0.277344 0.746094 0.277344 0.748047 0.279297 0.757812 0.279297 0.759766 0.277344 0.761719 0.277344 0.765625 0.281250 0.775391 0.281250 0.779297 0.277344 0.779297 0.269531 0.775391 0.265625 0.773438 0.265625 0.771484 0.263672 0.771484 0.261719 0.773438 0.259766 0.773438 0.251953 0.769531 0.248047 0.767578 0.248047 0.765625 0.246094 0.761719 0.246094 0.757812 0.242188 0.759766 0.240234 0.761719 0.240234 0.765625 0.236328 0.765625 0.228516 0.761719 0.224609
0 0.861328 0.205078 0.859375 0.207031 0.857422 0.207031 0.853516 0.210938 0.853516 0.212891 0.851562 0.214844 0.851562 0.224609 0.855469 0.228516 0.863281 0.228516 0.875000 0.216797 0.875000 0.208984 0.871094 0.205078
0 0.671875 0.201172 0.667969 0.205078 0.667969 0.210938 0.666016 0.212891 0.664062 0.212891 0.662109 0.210938 0.658203 0.210938 0.656250 0.208984 0.652344 0.208984 0.650391 0.207031 0.648438 0.207031 0.646484 0.205078 0.636719 0.205078 0.632812 0.208984 0.632812 0.220703 0.634766 0.222656 0.634766 0.224609 0.636719 0.226562 0.636719 0.228516 0.640625 0.232422 0.642578 0.232422 0.646484 0.236328 0.646484 0.238281 0.644531 0.240234 0.644531 0.251953 0.650391 0.257812 0.667969 0.257812 0.671875 0.253906 0.671875 0.246094 0.673828 0.244141 0.679688 0.244141 0.681641 0.246094 0.685547 0.246094 0.687500 0.248047 0.689453 0.248047 0.691406 0.250000 0.705078 0.250000 0.708984 0.246094 0.720703 0.246094 0.724609 0.242188 0.724609 0.232422 0.722656 0.230469 0.722656 0.228516 0.718750 0.224609 0.718750 0.222656 0.710938 0.214844 0.703125 0.214844 0.701172 0.216797 0.699219 0.216797 0.697266 0.214844 0.689453 0.214844 0.687500 0.212891 0.685547 0.212891 0.683594 0.210938 0.683594 0.205078 0.679688 0.201172
0 0.447266 0.189453 0.443359 0.193359 0.443359 0.201172 0.447266 0.205078 0.455078 0.205078 0.458984 0.201172 0.458984 0.193359 0.455078 0.189453
0 0.906250 0.130859 0.904297 0.132812 0.898438 0.132812 0.894531 0.136719 0.894531 0.138672 0.890625 0.142578 0.890625 0.144531 0.888672 0.146484 0.888672 0.156250 0.882812 0.162109 0.882812 0.169922 0.886719 0.173828 0.898438 0.173828 0.904297 0.167969 0.904297 0.156250 0.906250 0.154297 0.908203 0.154297 0.910156 0.156250 0.910156 0.160156 0.912109 0.162109 0.912109 0.167969 0.910156 0.169922 0.910156 0.177734 0.914062 0.181641 0.916016 0.181641 0.917969 0.183594 0.917969 0.189453 0.923828 0.195312 0.919922 0.199219 0.919922 0.207031 0.923828 0.210938 0.925781 0.210938 0.929688 0.214844 0.929688 0.216797 0.925781 0.220703 0.919922 0.214844 0.916016 0.214844 0.914062 0.212891 0.898438 0.212891 0.894531 0.216797 0.894531 0.218750 0.890625 0.222656 0.890625 0.226562 0.888672 0.228516 0.888672 0.230469 0.886719 0.232422 0.880859 0.232422 0.875000 0.238281 0.875000 0.246094 0.878906 0.250000 0.886719 0.250000 0.888672 0.251953 0.888672 0.269531 0.894531 0.275391 0.919922 0.275391 0.923828 0.271484 0.923828 0.261719 0.919922 0.257812 0.914062 0.257812 0.912109 0.255859 0.910156 0.255859 0.908203 0.253906 0.906250 0.253906 0.904297 0.251953 0.904297 0.248047 0.902344 0.246094 0.902344 0.240234 0.906250 0.236328 0.906250 0.230469 0.908203 0.228516 0.910156 0.230469 0.910156 0.234375 0.912109 0.236328 0.912109 0.238281 0.917969 0.244141 0.921875 0.244141 0.923828 0.246094 0.923828 0.248047 0.927734 0.251953 0.929688 0.251953 0.931641 0.253906 0.941406 0.253906 0.945312 0.250000 0.947266 0.250000 0.951172 0.253906 0.951172 0.263672 0.953125 0.265625 0.953125 0.275391 0.957031 0.279297 0.951172 0.285156 0.951172 0.289062 0.947266 0.292969 0.947266 0.306641 0.951172 0.310547 0.960938 0.310547 0.968750 0.302734 0.968750 0.294922 0.972656 0.291016 0.974609 0.291016 0.984375 0.281250 0.984375 0.273438 0.976562 0.265625 0.976562 0.259766 0.974609 0.257812 0.974609 0.238281 0.972656 0.236328 0.972656 0.232422 0.970703 0.230469 0.970703 0.228516 0.966797 0.224609 0.966797 0.222656 0.962891 0.218750 0.958984 0.218750 0.955078 0.214844 0.953125 0.214844 0.951172 0.212891 0.951172 0.210938 0.943359 0.203125 0.945312 0.201172 0.945312 0.197266 0.947266 0.195312 0.947266 0.187500 0.943359 0.183594 0.941406 0.183594 0.939453 0.181641 0.939453 0.177734 0.935547 0.173828 0.935547 0.169922 0.929688 0.164062 0.929688 0.150391 0.923828 0.144531 0.923828 0.140625 0.914062 0.130859
0 0.421875 0.101562 0.417969 0.105469 0.416016 0.105469 0.414062 0.103516 0.406250 0.103516 0.402344 0.107422 0.402344 0.115234 0.406250 0.119141 0.414062 0.119141 0.417969 0.115234 0.419922 0.115234 0.421875 0.117188 0.427734 0.117188 0.429688 0.119141 0.429688 0.121094 0.425781 0.125000 0.425781 0.132812 0.429688 0.136719 0.437500 0.136719 0.439453 0.134766 0.441406 0.136719 0.441406 0.144531 0.439453 0.146484 0.439453 0.154297 0.443359 0.158203 0.445312 0.158203 0.447266 0.160156 0.443359 0.164062 0.443359 0.171875 0.447266 0.175781 0.455078 0.175781 0.458984 0.171875 0.458984 0.164062 0.455078 0.160156 0.453125 0.160156 0.451172 0.158203 0.455078 0.154297 0.455078 0.146484 0.457031 0.144531 0.457031 0.142578 0.458984 0.140625 0.464844 0.140625 0.468750 0.136719 0.468750 0.128906 0.464844 0.125000 0.457031 0.125000 0.453125 0.128906 0.453125 0.130859 0.451172 0.132812 0.445312 0.132812 0.443359 0.134766 0.441406 0.132812 0.441406 0.128906 0.445312 0.125000 0.445312 0.121094 0.447266 0.119141 0.451172 0.119141 0.455078 0.115234 0.455078 0.107422 0.451172 0.103516 0.443359 0.103516 0.439453 0.107422 0.439453 0.111328 0.437500 0.113281 0.435547 0.111328 0.435547 0.105469 0.431641 0.101562
0 0.851562 0.097656 0.847656 0.101562 0.847656 0.113281 0.855469 0.121094 0.865234 0.121094 0.869141 0.117188 0.869141 0.103516 0.863281 0.097656
0 0.376953 0.093750 0.371094 0.099609 0.353516 0.099609 0.349609 0.103516 0.349609 0.130859 0.353516 0.134766 0.353516 0.146484 0.355469 0.148438 0.353516 0.150391 0.351562 0.150391 0.345703 0.156250 0.345703 0.164062 0.349609 0.167969 0.347656 0.169922 0.345703 0.169922 0.343750 0.171875 0.341797 0.171875 0.337891 0.175781 0.335938 0.173828 0.335938 0.160156 0.339844 0.156250 0.339844 0.152344 0.341797 0.150391 0.341797 0.142578 0.339844 0.140625 0.339844 0.130859 0.345703 0.125000 0.345703 0.117188 0.341797 0.113281 0.337891 0.113281 0.335938 0.111328 0.335938 0.109375 0.333984 0.107422 0.333984 0.105469 0.332031 0.103516 0.330078 0.103516 0.328125 0.101562 0.326172 0.101562 0.324219 0.099609 0.304688 0.099609 0.302734 0.101562 0.300781 0.101562 0.298828 0.103516 0.296875 0.103516 0.292969 0.107422 0.291016 0.107422 0.287109 0.111328 0.285156 0.111328 0.277344 0.119141 0.271484 0.119141 0.269531 0.121094 0.267578 0.121094 0.265625 0.123047 0.263672 0.123047 0.261719 0.125000 0.261719 0.126953 0.257812 0.130859 0.257812 0.132812 0.253906 0.136719 0.251953 0.136719 0.246094 0.130859 0.244141 0.130859 0.242188 0.128906 0.240234 0.128906 0.238281 0.126953 0.224609 0.126953 0.222656 0.128906 0.220703 0.128906 0.218750 0.130859 0.216797 0.130859 0.212891 0.134766 0.208984 0.130859 0.201172 0.130859 0.197266 0.134766 0.150391 0.134766 0.144531 0.140625 0.142578 0.140625 0.140625 0.142578 0.134766 0.142578 0.132812 0.144531 0.130859 0.144531 0.126953 0.148438 0.126953 0.156250 0.130859 0.160156 0.140625 0.160156 0.142578 0.158203 0.148438 0.158203 0.150391 0.156250 0.152344 0.156250 0.154297 0.154297 0.156250 0.154297 0.160156 0.150391 0.173828 0.150391 0.175781 0.152344 0.175781 0.154297 0.173828 0.156250 0.173828 0.158203 0.169922 0.162109 0.167969 0.162109 0.166016 0.164062 0.164062 0.164062 0.162109 0.166016 0.162109 0.167969 0.158203 0.171875 0.156250 0.171875 0.152344 0.175781 0.150391 0.175781 0.148438 0.173828 0.146484 0.173828 0.144531 0.171875 0.128906 0.171875 0.123047 0.177734 0.123047 0.197266 0.125000 0.199219 0.125000 0.201172 0.126953 0.203125 0.126953 0.207031 0.128906 0.208984 0.128906 0.210938 0.126953 0.212891 0.126953 0.220703 0.125000 0.222656 0.125000 0.232422 0.119141 0.238281 0.113281 0.238281 0.107422 0.244141 0.107422 0.246094 0.105469 0.248047 0.105469 0.251953 0.103516 0.253906 0.103516 0.263672 0.109375 0.269531 0.111328 0.269531 0.113281 0.271484 0.113281 0.275391 0.111328 0.277344 0.111328 0.281250 0.109375 0.283203 0.109375 0.306641 0.113281 0.310547 0.113281 0.316406 0.115234 0.318359 0.115234 0.322266 0.117188 0.324219 0.117188 0.326172 0.125000 0.333984 0.126953 0.333984 0.130859 0.337891 0.130859 0.343750 0.132812 0.345703 0.132812 0.349609 0.136719 0.353516 0.144531 0.353516 0.150391 0.347656 0.152344 0.347656 0.154297 0.345703 0.156250 0.345703 0.158203 0.343750 0.160156 0.343750 0.167969 0.335938 0.169922 0.335938 0.173828 0.332031 0.175781 0.332031 0.181641 0.326172 0.185547 0.326172 0.195312 0.316406 0.197266 0.318359 0.197266 0.320312 0.203125 0.326172 0.203125 0.332031 0.207031 0.335938 0.214844 0.335938 0.218750 0.332031 0.218750 0.324219 0.212891 0.318359 0.212891 0.312500 0.214844 0.310547 0.218750 0.310547 0.224609 0.304688 0.224609 0.296875 0.220703 0.292969 0.212891 0.292969 0.207031 0.298828 0.207031 0.304688 0.205078 0.306641 0.203125 0.306641 0.201172 0.304688 0.201172 0.296875 0.203125 0.294922 0.203125 0.292969 0.205078 0.291016 0.205078 0.287109 0.207031 0.285156 0.207031 0.281250 0.208984 0.279297 0.208984 0.277344 0.210938 0.275391 0.210938 0.269531 0.212891 0.267578 0.212891 0.226562 0.210938 0.224609 0.210938 0.218750 0.212891 0.216797 0.212891 0.214844 0.214844 0.212891 0.216797 0.212891 0.224609 0.205078 0.224609 0.203125 0.226562 0.201172 0.226562 0.199219 0.230469 0.195312 0.232422 0.195312 0.234375 0.193359 0.240234 0.193359 0.246094 0.199219 0.250000 0.199219 0.255859 0.205078 0.257812 0.205078 0.259766 0.207031 0.261719 0.207031 0.265625 0.210938 0.271484 0.210938 0.273438 0.212891 0.275391 0.212891 0.283203 0.220703 0.294922 0.220703 0.298828 0.216797 0.304688 0.222656 0.314453 0.222656 0.318359 0.226562 0.343750 0.226562 0.345703 0.224609 0.349609 0.224609 0.351562 0.222656 0.353516 0.222656 0.361328 0.214844 0.363281 0.214844 0.367188 0.210938 0.369141 0.210938 0.373047 0.207031 0.373047 0.197266 0.369141 0.193359 0.359375 0.193359 0.357422 0.191406 0.357422 0.189453 0.361328 0.185547 0.361328 0.173828 0.357422 0.169922 0.357422 0.167969 0.359375 0.166016 0.361328 0.166016 0.365234 0.162109 0.367188 0.162109 0.369141 0.160156 0.371094 0.160156 0.373047 0.158203 0.380859 0.158203 0.386719 0.152344 0.388672 0.152344 0.390625 0.150391 0.392578 0.150391 0.396484 0.146484 0.396484 0.130859 0.392578 0.126953 0.392578 0.125000 0.388672 0.121094 0.388672 0.117188 0.390625 0.115234 0.392578 0.115234 0.396484 0.111328 0.396484 0.097656 0.392578 0.093750
0 0.058594 0.093750 0.054688 0.097656 0.054688 0.105469 0.058594 0.109375 0.066406 0.109375 0.070312 0.105469 0.070312 0.097656 0.066406 0.093750
0 0.132812 0.082031 0.130859 0.083984 0.125000 0.083984 0.121094 0.087891 0.121094 0.097656 0.125000 0.101562 0.132812 0.101562 0.134766 0.099609 0.140625 0.099609 0.144531 0.095703 0.144531 0.085938 0.140625 0.082031
0 0.443359 0.072266 0.439453 0.076172 0.431641 0.076172 0.427734 0.080078 0.425781 0.080078 0.421875 0.083984 0.421875 0.091797 0.425781 0.095703 0.433594 0.095703 0.437500 0.091797 0.447266 0.091797 0.449219 0.089844 0.451172 0.089844 0.453125 0.087891 0.455078 0.087891 0.457031 0.085938 0.458984 0.087891 0.458984 0.093750 0.464844 0.099609 0.464844 0.101562 0.462891 0.103516 0.462891 0.111328 0.466797 0.115234 0.468750 0.115234 0.472656 0.119141 0.476562 0.119141 0.478516 0.121094 0.478516 0.125000 0.482422 0.128906 0.486328 0.128906 0.488281 0.130859 0.498047 0.130859 0.500000 0.128906 0.503906 0.128906 0.505859 0.126953 0.507812 0.126953 0.513672 0.121094 0.513672 0.113281 0.509766 0.109375 0.501953 0.109375 0.500000 0.111328 0.498047 0.111328 0.496094 0.113281 0.494141 0.111328 0.494141 0.109375 0.488281 0.103516 0.486328 0.103516 0.484375 0.101562 0.484375 0.097656 0.480469 0.093750 0.476562 0.093750 0.474609 0.091797 0.474609 0.085938 0.470703 0.082031 0.462891 0.082031 0.460938 0.083984 0.458984 0.082031 0.458984 0.076172 0.455078 0.072266
0 0.242188 0.068359 0.238281 0.072266 0.238281 0.080078 0.242188 0.083984 0.250000 0.083984 0.253906 0.080078 0.253906 0.072266 0.250000 0.068359
0 0.173828 0.066406 0.171875 0.068359 0.169922 0.068359 0.167969 0.070312 0.156250 0.070312 0.150391 0.076172 0.150391 0.083984 0.154297 0.087891 0.162109 0.087891 0.164062 0.085938 0.177734 0.085938 0.185547 0.078125 0.185547 0.070312 0.181641 0.066406
0 0.218750 0.064453 0.214844 0.068359 0.214844 0.076172 0.218750 0.080078 0.226562 0.080078 0.230469 0.076172 0.230469 0.068359 0.226562 0.064453
0 0.197266 0.064453 0.193359 0.068359 0.193359 0.076172 0.197266 0.080078 0.205078 0.080078 0.208984 0.076172 0.208984 0.068359 0.205078 0.064453
0 0.939453 0.062500 0.935547 0.066406 0.925781 0.066406 0.921875 0.070312 0.921875 0.078125 0.925781 0.082031 0.947266 0.082031 0.951172 0.078125 0.951172 0.066406 0.947266 0.062500
0 0.849609 0.041016 0.845703 0.044922 0.845703 0.052734 0.839844 0.058594 0.839844 0.066406 0.843750 0.070312 0.853516 0.070312 0.861328 0.062500 0.861328 0.044922 0.857422 0.041016
0 0.228516 0.037109 0.224609 0.041016 0.224609 0.048828 0.228516 0.052734 0.236328 0.052734 0.240234 0.048828 0.240234 0.041016 0.236328 0.037109
0 0.927734 0.031250 0.923828 0.035156 0.921875 0.035156 0.917969 0.039062 0.917969 0.046875 0.921875 0.050781 0.923828 0.050781 0.929688 0.056641 0.939453 0.056641 0.943359 0.052734 0.943359 0.035156 0.939453 0.031250
0 0.693359 0.023438 0.689453 0.027344 0.689453 0.033203 0.685547 0.037109 0.685547 0.044922 0.689453 0.048828 0.697266 0.048828 0.699219 0.046875 0.708984 0.046875 0.712891 0.042969 0.712891 0.035156 0.708984 0.031250 0.707031 0.031250 0.705078 0.029297 0.705078 0.027344 0.701172 0.023438
0 0.207031 0.017578 0.203125 0.021484 0.203125 0.029297 0.207031 0.033203 0.214844 0.033203 0.218750 0.029297 0.218750 0.021484 0.214844 0.017578
0 0.726562 0.013672 0.722656 0.017578 0.722656 0.025391 0.726562 0.029297 0.732422 0.029297 0.734375 0.031250 0.742188 0.031250 0.746094 0.027344 0.746094 0.019531 0.742188 0.015625 0.736328 0.015625 0.734375 0.013672
0 0.111328 0.013672 0.107422 0.017578 0.107422 0.025391 0.109375 0.027344 0.107422 0.029297 0.105469 0.029297 0.101562 0.033203 0.099609 0.033203 0.095703 0.037109 0.095703 0.044922 0.099609 0.048828 0.111328 0.048828 0.115234 0.044922 0.117188 0.044922 0.121094 0.041016 0.123047 0.041016 0.126953 0.037109 0.128906 0.037109 0.136719 0.029297 0.136719 0.027344 0.138672 0.025391 0.138672 0.017578 0.134766 0.013672
0 0.771484 0.000000 0.771484 0.003906 0.769531 0.005859 0.767578 0.005859 0.765625 0.003906 0.755859 0.003906 0.751953 0.007812 0.751953 0.023438 0.755859 0.027344 0.763672 0.027344 0.765625 0.029297 0.765625 0.031250 0.769531 0.035156 0.777344 0.035156 0.783203 0.029297 0.785156 0.031250 0.785156 0.042969 0.783203 0.044922 0.779297 0.044922 0.773438 0.039062 0.765625 0.039062 0.761719 0.042969 0.761719 0.044922 0.759766 0.046875 0.755859 0.046875 0.750000 0.052734 0.750000 0.054688 0.748047 0.056641 0.738281 0.056641 0.734375 0.052734 0.726562 0.052734 0.722656 0.056641 0.722656 0.089844 0.730469 0.097656 0.730469 0.099609 0.734375 0.103516 0.734375 0.105469 0.740234 0.111328 0.748047 0.111328 0.751953 0.107422 0.751953 0.103516 0.753906 0.101562 0.755859 0.103516 0.755859 0.111328 0.757812 0.113281 0.757812 0.115234 0.761719 0.119141 0.769531 0.119141 0.771484 0.117188 0.773438 0.117188 0.775391 0.119141 0.785156 0.119141 0.789062 0.115234 0.791016 0.115234 0.794922 0.111328 0.794922 0.099609 0.787109 0.091797 0.787109 0.089844 0.783203 0.085938 0.773438 0.085938 0.771484 0.087891 0.769531 0.085938 0.769531 0.082031 0.767578 0.080078 0.769531 0.078125 0.771484 0.078125 0.775391 0.074219 0.775391 0.070312 0.781250 0.064453 0.783203 0.064453 0.785156 0.066406 0.785156 0.068359 0.783203 0.070312 0.783203 0.080078 0.787109 0.083984 0.794922 0.083984 0.800781 0.078125 0.800781 0.074219 0.802734 0.072266 0.808594 0.078125 0.808594 0.091797 0.806641 0.093750 0.806641 0.099609 0.804688 0.101562 0.804688 0.107422 0.802734 0.109375 0.802734 0.123047 0.806641 0.126953 0.806641 0.128906 0.808594 0.130859 0.808594 0.132812 0.810547 0.134766 0.810547 0.136719 0.814453 0.140625 0.822266 0.140625 0.826172 0.136719 0.826172 0.134766 0.828125 0.132812 0.835938 0.132812 0.839844 0.128906 0.839844 0.121094 0.835938 0.117188 0.830078 0.117188 0.828125 0.115234 0.832031 0.111328 0.832031 0.103516 0.828125 0.099609 0.826172 0.099609 0.824219 0.097656 0.824219 0.078125 0.818359 0.072266 0.818359 0.066406 0.820312 0.064453 0.820312 0.062500 0.822266 0.060547 0.828125 0.060547 0.832031 0.056641 0.832031 0.041016 0.828125 0.037109 0.820312 0.037109 0.818359 0.035156 0.818359 0.031250 0.812500 0.025391 0.814453 0.023438 0.814453 0.019531 0.818359 0.015625 0.818359 0.013672 0.822266 0.009766 0.826172 0.009766 0.830078 0.005859 0.830078 0.000000 0.802734 0.000000 0.802734 0.005859 0.800781 0.007812 0.798828 0.005859 0.798828 0.001953 0.796875 0.000000
0 0.662109 0.000000 0.662109 0.007812 0.666016 0.011719 0.675781 0.011719 0.679688 0.007812 0.679688 0.000000
0 0.607422 0.000000 0.605469 0.001953 0.605469 0.003906 0.599609 0.009766 0.587891 0.009766 0.583984 0.013672 0.583984 0.021484 0.587891 0.025391 0.607422 0.025391 0.611328 0.029297 0.626953 0.029297 0.628906 0.027344 0.640625 0.027344 0.642578 0.025391 0.644531 0.027344 0.644531 0.031250 0.656250 0.042969 0.664062 0.042969 0.667969 0.039062 0.667969 0.029297 0.660156 0.021484 0.660156 0.015625 0.658203 0.013672 0.658203 0.009766 0.652344 0.003906 0.634766 0.003906 0.632812 0.005859 0.626953 0.005859 0.625000 0.007812 0.623047 0.005859 0.623047 0.001953 0.621094 0.000000
0 0.330078 0.000000 0.326172 0.003906 0.326172 0.007812 0.322266 0.011719 0.322266 0.019531 0.326172 0.023438 0.339844 0.023438 0.341797 0.021484 0.343750 0.021484 0.345703 0.019531 0.347656 0.019531 0.351562 0.015625 0.353516 0.015625 0.359375 0.009766 0.359375 0.000000
0 0.000000 0.000000 0.000000 0.007812 0.003906 0.007812 0.007812 0.003906 0.033203 0.003906 0.035156 0.005859 0.037109 0.005859 0.039062 0.007812 0.037109 0.009766 0.029297 0.009766 0.025391 0.013672 0.025391 0.019531 0.021484 0.023438 0.021484 0.031250 0.027344 0.037109 0.027344 0.050781 0.025391 0.052734 0.025391 0.054688 0.023438 0.056641 0.023438 0.058594 0.021484 0.060547 0.021484 0.064453 0.019531 0.066406 0.019531 0.068359 0.017578 0.070312 0.017578 0.072266 0.015625 0.074219 0.013672 0.072266 0.000000 0.072266 0.000000 0.126953 0.011719 0.126953 0.017578 0.121094 0.019531 0.121094 0.023438 0.117188 0.023438 0.115234 0.025391 0.113281 0.025391 0.111328 0.042969 0.093750 0.042969 0.091797 0.046875 0.087891 0.046875 0.085938 0.050781 0.082031 0.050781 0.080078 0.052734 0.078125 0.054688 0.078125 0.056641 0.076172 0.058594 0.076172 0.060547 0.074219 0.062500 0.074219 0.066406 0.070312 0.068359 0.072266 0.076172 0.072266 0.078125 0.070312 0.083984 0.070312 0.085938 0.068359 0.087891 0.068359 0.091797 0.064453 0.091797 0.060547 0.093750 0.058594 0.093750 0.050781 0.091797 0.048828 0.091797 0.046875 0.089844 0.044922 0.089844 0.042969 0.087891 0.041016 0.087891 0.037109 0.083984 0.033203 0.074219 0.033203 0.072266 0.031250 0.072266 0.025391 0.066406 0.019531 0.066406 0.013672 0.068359 0.011719 0.070312 0.011719 0.072266 0.013672 0.076172 0.013672 0.078125 0.015625 0.085938 0.015625 0.089844 0.011719 0.089844 0.003906 0.091797 0.001953 0.091797 0.000000