0 0.578125 0.980469 0.574219 0.984375 0.574219 0.992188 0.578125 0.996094 0.587891 0.996094 0.591797 0.992188 0.591797 0.984375 0.587891 0.980469
0 0.605469 0.978516 0.601562 0.982422 0.601562 0.990234 0.605469 0.994141 0.613281 0.994141 0.617188 0.990234 0.617188 0.982422 0.613281 0.978516
0 0.748047 0.966797 0.746094 0.968750 0.742188 0.968750 0.740234 0.970703 0.738281 0.970703 0.734375 0.974609 0.734375 0.986328 0.742188 0.994141 0.742188 0.998047 0.771484 0.998047 0.771484 0.992188 0.759766 0.980469 0.759766 0.970703 0.755859 0.966797
0 0.689453 0.960938 0.685547 0.964844 0.685547 0.974609 0.683594 0.976562 0.673828 0.976562 0.671875 0.974609 0.669922 0.974609 0.664062 0.968750 0.646484 0.968750 0.642578 0.972656 0.642578 0.980469 0.646484 0.984375 0.656250 0.984375 0.658203 0.986328 0.656250 0.988281 0.656250 0.998047 0.679688 0.998047 0.681641 0.996094 0.703125 0.996094 0.707031 0.992188 0.707031 0.984375 0.705078 0.982422 0.707031 0.980469 0.708984 0.980469 0.712891 0.976562 0.712891 0.968750 0.708984 0.964844 0.707031 0.964844 0.703125 0.960938
0 0.619141 0.960938 0.615234 0.964844 0.615234 0.972656 0.619141 0.976562 0.626953 0.976562 0.630859 0.972656 0.630859 0.964844 0.626953 0.960938
0 0.359375 0.957031 0.357422 0.958984 0.355469 0.958984 0.351562 0.962891 0.351562 0.970703 0.355469 0.974609 0.357422 0.974609 0.361328 0.978516 0.373047 0.978516 0.376953 0.974609 0.376953 0.960938 0.373047 0.957031
0 0.572266 0.953125 0.568359 0.957031 0.568359 0.960938 0.566406 0.962891 0.562500 0.962891 0.558594 0.966797 0.558594 0.974609 0.562500 0.978516 0.572266 0.978516 0.576172 0.974609 0.576172 0.972656 0.578125 0.970703 0.580078 0.970703 0.583984 0.966797 0.583984 0.957031 0.580078 0.953125
0 0.703125 0.939453 0.699219 0.943359 0.699219 0.951172 0.703125 0.955078 0.710938 0.955078 0.714844 0.951172 0.714844 0.943359 0.710938 0.939453
0 0.994141 0.937500 0.990234 0.941406 0.990234 0.945312 0.986328 0.949219 0.986328 0.957031 0.990234 0.960938 0.998047 0.960938 0.998047 0.937500
0 0.658203 0.931641 0.654297 0.935547 0.646484 0.935547 0.640625 0.941406 0.638672 0.941406 0.634766 0.945312 0.634766 0.953125 0.638672 0.957031 0.646484 0.957031 0.652344 0.951172 0.666016 0.951172 0.669922 0.947266 0.669922 0.935547 0.666016 0.931641
0 0.734375 0.914062 0.730469 0.917969 0.730469 0.925781 0.734375 0.929688 0.734375 0.931641 0.736328 0.933594 0.736328 0.935547 0.734375 0.937500 0.730469 0.933594 0.722656 0.933594 0.718750 0.937500 0.718750 0.945312 0.722656 0.949219 0.722656 0.951172 0.726562 0.955078 0.736328 0.955078 0.740234 0.951172 0.740234 0.943359 0.742188 0.941406 0.748047 0.941406 0.751953 0.937500 0.751953 0.923828 0.742188 0.914062
0 0.673828 0.904297 0.669922 0.908203 0.669922 0.923828 0.673828 0.927734 0.675781 0.927734 0.677734 0.929688 0.685547 0.929688 0.689453 0.925781 0.689453 0.908203 0.685547 0.904297
0 0.779297 0.886719 0.775391 0.890625 0.775391 0.902344 0.777344 0.904297 0.777344 0.912109 0.781250 0.916016 0.779297 0.917969 0.777344 0.917969 0.773438 0.921875 0.773438 0.925781 0.769531 0.929688 0.769531 0.941406 0.771484 0.943359 0.771484 0.949219 0.773438 0.951172 0.773438 0.960938 0.777344 0.964844 0.787109 0.964844 0.789062 0.962891 0.791016 0.964844 0.791016 0.966797 0.787109 0.970703 0.785156 0.970703 0.781250 0.974609 0.781250 0.990234 0.783203 0.992188 0.783203 0.998047 0.888672 0.998047 0.888672 0.992188 0.886719 0.990234 0.886719 0.982422 0.888672 0.980469 0.888672 0.978516 0.892578 0.974609 0.892578 0.972656 0.900391 0.964844 0.900391 0.962891 0.902344 0.960938 0.902344 0.949219 0.898438 0.945312 0.890625 0.945312 0.886719 0.949219 0.886719 0.951172 0.884766 0.953125 0.884766 0.955078 0.880859 0.958984 0.876953 0.958984 0.875000 0.957031 0.876953 0.955078 0.876953 0.943359 0.873047 0.939453 0.863281 0.939453 0.861328 0.937500 0.861328 0.933594 0.857422 0.929688 0.841797 0.929688 0.837891 0.933594 0.824219 0.933594 0.822266 0.931641 0.822266 0.927734 0.818359 0.923828 0.818359 0.921875 0.814453 0.917969 0.812500 0.917969 0.810547 0.916016 0.812500 0.914062 0.812500 0.904297 0.808594 0.900391 0.806641 0.900391 0.798828 0.892578 0.798828 0.890625 0.794922 0.886719
0 0.652344 0.886719 0.648438 0.890625 0.648438 0.898438 0.652344 0.902344 0.660156 0.902344 0.664062 0.898438 0.664062 0.890625 0.660156 0.886719
0 0.708984 0.884766 0.705078 0.888672 0.705078 0.898438 0.708984 0.902344 0.716797 0.902344 0.720703 0.906250 0.728516 0.906250 0.732422 0.902344 0.732422 0.894531 0.728516 0.890625 0.724609 0.890625 0.718750 0.884766
0 0.937500 0.878906 0.931641 0.884766 0.931641 0.888672 0.929688 0.890625 0.929688 0.894531 0.927734 0.896484 0.927734 0.906250 0.931641 0.910156 0.931641 0.917969 0.929688 0.919922 0.923828 0.919922 0.919922 0.923828 0.919922 0.931641 0.923828 0.935547 0.925781 0.935547 0.927734 0.937500 0.927734 0.941406 0.929688 0.943359 0.927734 0.945312 0.919922 0.945312 0.916016 0.949219 0.916016 0.958984 0.919922 0.962891 0.927734 0.962891 0.929688 0.964844 0.929688 0.972656 0.933594 0.976562 0.941406 0.976562 0.943359 0.974609 0.951172 0.974609 0.955078 0.970703 0.955078 0.960938 0.951172 0.957031 0.943359 0.957031 0.939453 0.960938 0.933594 0.960938 0.931641 0.958984 0.931641 0.949219 0.929688 0.947266 0.931641 0.945312 0.939453 0.945312 0.943359 0.941406 0.943359 0.933594 0.939453 0.929688 0.937500 0.929688 0.935547 0.927734 0.937500 0.925781 0.943359 0.925781 0.947266 0.921875 0.947266 0.912109 0.943359 0.908203 0.943359 0.904297 0.945312 0.902344 0.945312 0.898438 0.947266 0.896484 0.947266 0.892578 0.949219 0.890625 0.949219 0.882812 0.945312 0.878906
0 0.689453 0.876953 0.685547 0.880859 0.685547 0.890625 0.689453 0.894531 0.697266 0.894531 0.701172 0.890625 0.701172 0.880859 0.697266 0.876953
0 0.976562 0.873047 0.972656 0.876953 0.972656 0.884766 0.982422 0.894531 0.992188 0.894531 0.996094 0.890625 0.996094 0.882812 0.992188 0.878906 0.990234 0.878906 0.984375 0.873047
0 0.855469 0.871094 0.851562 0.875000 0.851562 0.884766 0.857422 0.890625 0.865234 0.890625 0.871094 0.884766 0.873047 0.886719 0.873047 0.892578 0.869141 0.896484 0.869141 0.904297 0.871094 0.906250 0.871094 0.910156 0.873047 0.912109 0.873047 0.917969 0.875000 0.919922 0.875000 0.921875 0.873047 0.923828 0.873047 0.933594 0.876953 0.937500 0.884766 0.937500 0.894531 0.927734 0.894531 0.923828 0.896484 0.921875 0.896484 0.914062 0.894531 0.912109 0.900391 0.906250 0.908203 0.906250 0.910156 0.904297 0.914062 0.904297 0.919922 0.898438 0.919922 0.888672 0.916016 0.884766 0.902344 0.884766 0.900391 0.886719 0.894531 0.886719 0.892578 0.884766 0.890625 0.884766 0.888672 0.882812 0.876953 0.882812 0.875000 0.884766 0.873047 0.882812 0.873047 0.875000 0.869141 0.871094
0 0.800781 0.871094 0.796875 0.875000 0.796875 0.882812 0.800781 0.886719 0.808594 0.886719 0.812500 0.882812 0.812500 0.875000 0.808594 0.871094
0 0.521484 0.861328 0.517578 0.865234 0.517578 0.875000 0.521484 0.878906 0.531250 0.878906 0.535156 0.875000 0.535156 0.867188 0.529297 0.861328
0 0.250000 0.851562 0.248047 0.853516 0.242188 0.853516 0.238281 0.857422 0.238281 0.865234 0.242188 0.869141 0.257812 0.869141 0.261719 0.865234 0.261719 0.855469 0.257812 0.851562
0 0.373047 0.841797 0.369141 0.845703 0.369141 0.855469 0.367188 0.857422 0.367188 0.865234 0.371094 0.869141 0.378906 0.869141 0.382812 0.865234 0.386719 0.865234 0.394531 0.857422 0.394531 0.849609 0.390625 0.845703 0.384766 0.845703 0.380859 0.841797
0 0.628906 0.820312 0.625000 0.824219 0.625000 0.828125 0.623047 0.830078 0.619141 0.830078 0.615234 0.826172 0.607422 0.826172 0.603516 0.830078 0.603516 0.833984 0.599609 0.837891 0.593750 0.837891 0.589844 0.841797 0.589844 0.845703 0.587891 0.847656 0.582031 0.847656 0.578125 0.851562 0.578125 0.859375 0.582031 0.863281 0.582031 0.873047 0.585938 0.876953 0.591797 0.876953 0.593750 0.878906 0.591797 0.880859 0.585938 0.880859 0.582031 0.884766 0.582031 0.894531 0.587891 0.900391 0.587891 0.921875 0.585938 0.923828 0.585938 0.933594 0.589844 0.937500 0.583984 0.943359 0.583984 0.951172 0.587891 0.955078 0.599609 0.955078 0.603516 0.951172 0.603516 0.949219 0.607422 0.945312 0.607422 0.943359 0.609375 0.941406 0.609375 0.929688 0.611328 0.927734 0.613281 0.929688 0.613281 0.935547 0.617188 0.939453 0.617188 0.941406 0.613281 0.945312 0.613281 0.953125 0.617188 0.957031 0.625000 0.957031 0.628906 0.953125 0.628906 0.945312 0.625000 0.941406 0.625000 0.939453 0.628906 0.935547 0.628906 0.927734 0.630859 0.925781 0.630859 0.916016 0.626953 0.912109 0.619141 0.912109 0.613281 0.906250 0.609375 0.906250 0.605469 0.902344 0.605469 0.900391 0.607422 0.898438 0.607422 0.892578 0.609375 0.890625 0.609375 0.876953 0.605469 0.873047 0.599609 0.873047 0.597656 0.871094 0.597656 0.865234 0.593750 0.861328 0.593750 0.857422 0.595703 0.855469 0.601562 0.855469 0.603516 0.853516 0.605469 0.855469 0.605469 0.863281 0.609375 0.867188 0.617188 0.867188 0.621094 0.863281 0.623047 0.865234 0.623047 0.871094 0.626953 0.875000 0.623047 0.878906 0.621094 0.878906 0.617188 0.882812 0.617188 0.896484 0.621094 0.900391 0.628906 0.900391 0.632812 0.896484 0.632812 0.892578 0.638672 0.886719 0.638672 0.878906 0.634766 0.875000 0.638672 0.871094 0.638672 0.863281 0.634766 0.859375 0.626953 0.859375 0.623047 0.863281 0.621094 0.861328 0.621094 0.855469 0.617188 0.851562 0.613281 0.851562 0.611328 0.849609 0.615234 0.845703 0.625000 0.845703 0.630859 0.839844 0.634766 0.839844 0.636719 0.841797 0.636719 0.849609 0.640625 0.853516 0.642578 0.853516 0.644531 0.855469 0.646484 0.855469 0.648438 0.857422 0.656250 0.857422 0.660156 0.853516 0.660156 0.851562 0.666016 0.845703 0.666016 0.833984 0.662109 0.830078 0.644531 0.830078 0.642578 0.828125 0.642578 0.824219 0.638672 0.820312
0 0.771484 0.816406 0.767578 0.820312 0.767578 0.839844 0.771484 0.843750 0.779297 0.843750 0.783203 0.839844 0.783203 0.820312 0.779297 0.816406
0 0.650391 0.798828 0.646484 0.802734 0.646484 0.810547 0.650391 0.814453 0.664062 0.814453 0.666016 0.816406 0.666016 0.824219 0.669922 0.828125 0.677734 0.828125 0.681641 0.824219 0.681641 0.816406 0.677734 0.812500 0.669922 0.812500 0.667969 0.810547 0.667969 0.802734 0.664062 0.798828
0 0.001953 0.798828 0.000000 0.800781 0.000000 0.949219 0.009766 0.949219 0.011719 0.947266 0.013672 0.949219 0.013672 0.955078 0.017578 0.958984 0.029297 0.958984 0.033203 0.955078 0.033203 0.953125 0.035156 0.951172 0.037109 0.953125 0.037109 0.958984 0.041016 0.962891 0.050781 0.962891 0.052734 0.964844 0.052734 0.972656 0.050781 0.974609 0.050781 0.994141 0.054688 0.998047 0.097656 0.998047 0.103516 0.992188 0.105469 0.994141 0.123047 0.994141 0.126953 0.990234 0.126953 0.978516 0.128906 0.976562 0.128906 0.964844 0.125000 0.960938 0.115234 0.960938 0.113281 0.962891 0.103516 0.962891 0.099609 0.966797 0.099609 0.974609 0.103516 0.978516 0.101562 0.980469 0.101562 0.982422 0.099609 0.984375 0.097656 0.982422 0.093750 0.982422 0.087891 0.976562 0.085938 0.976562 0.083984 0.974609 0.082031 0.974609 0.080078 0.972656 0.080078 0.970703 0.078125 0.968750 0.078125 0.958984 0.074219 0.955078 0.070312 0.955078 0.068359 0.953125 0.068359 0.951172 0.072266 0.947266 0.072266 0.937500 0.068359 0.933594 0.068359 0.931641 0.072266 0.927734 0.072266 0.923828 0.074219 0.921875 0.074219 0.900391 0.070312 0.896484 0.056641 0.896484 0.052734 0.892578 0.044922 0.892578 0.041016 0.896484 0.041016 0.898438 0.035156 0.904297 0.035156 0.906250 0.033203 0.908203 0.033203 0.910156 0.029297 0.914062 0.027344 0.912109 0.027344 0.906250 0.023438 0.902344 0.015625 0.902344 0.013672 0.900391 0.013672 0.894531 0.015625 0.892578 0.025391 0.892578 0.031250 0.886719 0.037109 0.886719 0.039062 0.884766 0.041016 0.884766 0.044922 0.880859 0.044922 0.873047 0.041016 0.869141 0.041016 0.865234 0.042969 0.863281 0.044922 0.863281 0.048828 0.859375 0.048828 0.857422 0.050781 0.855469 0.064453 0.855469 0.068359 0.859375 0.080078 0.859375 0.083984 0.855469 0.083984 0.847656 0.078125 0.841797 0.078125 0.826172 0.076172 0.824219 0.076172 0.818359 0.072266 0.814453 0.070312 0.814453 0.068359 0.812500 0.060547 0.812500 0.056641 0.816406 0.056641 0.818359 0.054688 0.820312 0.054688 0.828125 0.058594 0.832031 0.060547 0.832031 0.062500 0.833984 0.062500 0.837891 0.060547 0.839844 0.056641 0.839844 0.052734 0.835938 0.050781 0.835938 0.048828 0.833984 0.029297 0.833984 0.025391 0.837891 0.025391 0.841797 0.023438 0.843750 0.019531 0.843750 0.011719 0.835938 0.017578 0.830078 0.017578 0.804688 0.011719 0.798828
0 0.625000 0.789062 0.621094 0.792969 0.621094 0.800781 0.625000 0.804688 0.632812 0.804688 0.636719 0.800781 0.636719 0.792969 0.632812 0.789062
0 0.103516 0.787109 0.099609 0.791016 0.093750 0.791016 0.087891 0.796875 0.083984 0.796875 0.080078 0.800781 0.080078 0.808594 0.083984 0.812500 0.103516 0.812500 0.109375 0.806641 0.109375 0.804688 0.115234 0.798828 0.115234 0.791016 0.111328 0.787109
0 0.746094 0.783203 0.740234 0.789062 0.736328 0.789062 0.732422 0.792969 0.726562 0.787109 0.724609 0.787109 0.722656 0.785156 0.714844 0.785156 0.710938 0.789062 0.710938 0.798828 0.714844 0.802734 0.716797 0.802734 0.718750 0.804688 0.728516 0.804688 0.732422 0.800781 0.736328 0.804688 0.738281 0.804688 0.742188 0.808594 0.744141 0.808594 0.746094 0.810547 0.755859 0.810547 0.757812 0.812500 0.765625 0.812500 0.769531 0.808594 0.769531 0.798828 0.765625 0.794922 0.765625 0.787109 0.761719 0.783203
0 0.519531 0.781250 0.515625 0.785156 0.515625 0.796875 0.513672 0.798828 0.511719 0.798828 0.507812 0.802734 0.505859 0.800781 0.505859 0.798828 0.501953 0.794922 0.494141 0.794922 0.490234 0.791016 0.482422 0.791016 0.478516 0.794922 0.478516 0.820312 0.472656 0.826172 0.472656 0.833984 0.476562 0.837891 0.476562 0.847656 0.480469 0.851562 0.490234 0.851562 0.492188 0.853516 0.490234 0.855469 0.490234 0.863281 0.494141 0.867188 0.505859 0.867188 0.509766 0.863281 0.509766 0.859375 0.519531 0.849609 0.519531 0.847656 0.521484 0.845703 0.521484 0.843750 0.523438 0.841797 0.523438 0.839844 0.525391 0.837891 0.527344 0.839844 0.537109 0.839844 0.541016 0.843750 0.541016 0.849609 0.544922 0.853516 0.554688 0.853516 0.558594 0.849609 0.558594 0.845703 0.560547 0.843750 0.562500 0.843750 0.566406 0.839844 0.566406 0.818359 0.568359 0.816406 0.572266 0.816406 0.574219 0.814453 0.583984 0.814453 0.585938 0.812500 0.587891 0.812500 0.591797 0.808594 0.593750 0.808594 0.597656 0.804688 0.597656 0.796875 0.593750 0.792969 0.582031 0.792969 0.580078 0.794922 0.568359 0.794922 0.564453 0.791016 0.550781 0.791016 0.548828 0.789062 0.548828 0.787109 0.544922 0.783203 0.537109 0.783203 0.535156 0.785156 0.533203 0.785156 0.529297 0.781250
0 0.330078 0.779297 0.326172 0.783203 0.326172 0.789062 0.324219 0.791016 0.316406 0.791016 0.312500 0.794922 0.312500 0.804688 0.316406 0.808594 0.324219 0.808594 0.328125 0.804688 0.328125 0.796875 0.330078 0.794922 0.341797 0.794922 0.345703 0.791016 0.345703 0.783203 0.341797 0.779297
0 0.835938 0.775391 0.830078 0.781250 0.830078 0.789062 0.826172 0.792969 0.826172 0.800781 0.830078 0.804688 0.833984 0.804688 0.835938 0.806641 0.835938 0.814453 0.843750 0.822266 0.843750 0.833984 0.847656 0.837891 0.855469 0.837891 0.859375 0.833984 0.859375 0.818359 0.861328 0.816406 0.861328 0.800781 0.857422 0.796875 0.849609 0.796875 0.847656 0.798828 0.845703 0.796875 0.845703 0.792969 0.851562 0.787109 0.851562 0.779297 0.847656 0.775391
0 0.630859 0.767578 0.626953 0.771484 0.626953 0.779297 0.630859 0.783203 0.638672 0.783203 0.642578 0.779297 0.642578 0.771484 0.638672 0.767578
0 0.810547 0.761719 0.806641 0.765625 0.806641 0.781250 0.810547 0.785156 0.818359 0.785156 0.822266 0.781250 0.822266 0.779297 0.826172 0.775391 0.826172 0.765625 0.822266 0.761719
0 0.722656 0.759766 0.718750 0.763672 0.718750 0.771484 0.726562 0.779297 0.734375 0.779297 0.738281 0.775391 0.738281 0.765625 0.734375 0.761719 0.732422 0.761719 0.730469 0.759766
0 0.083984 0.755859 0.082031 0.757812 0.080078 0.757812 0.078125 0.759766 0.076172 0.759766 0.072266 0.763672 0.072266 0.765625 0.070312 0.767578 0.070312 0.775391 0.072266 0.777344 0.072266 0.783203 0.076172 0.787109 0.085938 0.787109 0.087891 0.785156 0.093750 0.785156 0.095703 0.783203 0.099609 0.783203 0.103516 0.779297 0.103516 0.765625 0.095703 0.757812 0.093750 0.757812 0.091797 0.755859
0 0.025391 0.726562 0.021484 0.730469 0.021484 0.740234 0.023438 0.742188 0.023438 0.744141 0.027344 0.748047 0.037109 0.748047 0.041016 0.744141 0.041016 0.734375 0.039062 0.732422 0.039062 0.730469 0.035156 0.726562
0 0.000000 0.707031 0.000000 0.744141 0.005859 0.744141 0.009766 0.740234 0.009766 0.734375 0.013672 0.730469 0.013672 0.718750 0.009766 0.714844 0.007812 0.714844
0 0.095703 0.701172 0.091797 0.705078 0.085938 0.705078 0.083984 0.707031 0.082031 0.707031 0.078125 0.710938 0.078125 0.718750 0.082031 0.722656 0.093750 0.722656 0.095703 0.720703 0.111328 0.720703 0.117188 0.714844 0.117188 0.707031 0.113281 0.703125 0.111328 0.703125 0.109375 0.701172
0 0.328125 0.691406 0.324219 0.695312 0.324219 0.697266 0.318359 0.703125 0.318359 0.705078 0.312500 0.710938 0.310547 0.710938 0.306641 0.714844 0.304688 0.714844 0.300781 0.718750 0.300781 0.728516 0.304688 0.732422 0.312500 0.732422 0.320312 0.724609 0.322266 0.724609 0.326172 0.720703 0.328125 0.720703 0.333984 0.714844 0.333984 0.712891 0.339844 0.707031 0.339844 0.695312 0.335938 0.691406
0 0.615234 0.687500 0.611328 0.691406 0.611328 0.699219 0.615234 0.703125 0.623047 0.703125 0.626953 0.699219 0.626953 0.691406 0.623047 0.687500
0 0.679688 0.671875 0.677734 0.673828 0.673828 0.673828 0.669922 0.677734 0.669922 0.679688 0.664062 0.685547 0.662109 0.683594 0.662109 0.677734 0.658203 0.673828 0.648438 0.673828 0.644531 0.677734 0.644531 0.681641 0.640625 0.685547 0.638672 0.685547 0.634766 0.689453 0.634766 0.697266 0.638672 0.701172 0.648438 0.701172 0.650391 0.703125 0.650391 0.705078 0.648438 0.707031 0.640625 0.707031 0.636719 0.710938 0.636719 0.718750 0.640625 0.722656 0.646484 0.722656 0.648438 0.724609 0.644531 0.728516 0.644531 0.736328 0.648438 0.740234 0.654297 0.740234 0.656250 0.742188 0.656250 0.746094 0.662109 0.751953 0.662109 0.775391 0.666016 0.779297 0.673828 0.779297 0.677734 0.775391 0.677734 0.748047 0.679688 0.746094 0.679688 0.744141 0.683594 0.740234 0.685547 0.740234 0.687500 0.742188 0.687500 0.744141 0.689453 0.746094 0.689453 0.748047 0.693359 0.751953 0.707031 0.751953 0.712891 0.746094 0.720703 0.746094 0.724609 0.742188 0.724609 0.732422 0.720703 0.728516 0.712891 0.728516 0.707031 0.734375 0.705078 0.732422 0.705078 0.726562 0.707031 0.724609 0.714844 0.724609 0.718750 0.720703 0.718750 0.707031 0.714844 0.703125 0.707031 0.703125 0.703125 0.707031 0.691406 0.707031 0.687500 0.710938 0.687500 0.718750 0.689453 0.720703 0.689453 0.722656 0.687500 0.724609 0.681641 0.724609 0.679688 0.722656 0.669922 0.722656 0.667969 0.720703 0.660156 0.720703 0.656250 0.724609 0.650391 0.724609 0.648438 0.722656 0.652344 0.718750 0.652344 0.712891 0.654297 0.710938 0.666016 0.710938 0.667969 0.708984 0.675781 0.708984 0.683594 0.701172 0.685547 0.703125 0.693359 0.703125 0.697266 0.699219 0.697266 0.685547 0.695312 0.683594 0.695312 0.681641 0.693359 0.679688 0.693359 0.677734 0.687500 0.671875
0 0.582031 0.669922 0.578125 0.673828 0.578125 0.681641 0.582031 0.685547 0.585938 0.685547 0.587891 0.687500 0.587891 0.693359 0.591797 0.697266 0.599609 0.697266 0.601562 0.695312 0.603516 0.695312 0.607422 0.691406 0.607422 0.683594 0.609375 0.681641 0.609375 0.673828 0.605469 0.669922 0.597656 0.669922 0.593750 0.673828 0.589844 0.669922
0 0.408203 0.667969 0.404297 0.671875 0.404297 0.679688 0.402344 0.681641 0.402344 0.683594 0.396484 0.689453 0.396484 0.697266 0.400391 0.701172 0.402344 0.701172 0.408203 0.707031 0.419922 0.707031 0.423828 0.703125 0.423828 0.679688 0.421875 0.677734 0.421875 0.673828 0.416016 0.667969
0 0.513672 0.648438 0.509766 0.652344 0.507812 0.652344 0.501953 0.658203 0.501953 0.669922 0.505859 0.673828 0.515625 0.673828 0.519531 0.669922 0.525391 0.669922 0.531250 0.664062 0.535156 0.664062 0.539062 0.660156 0.539062 0.652344 0.535156 0.648438
0 0.562500 0.646484 0.556641 0.652344 0.550781 0.652344 0.546875 0.656250 0.546875 0.664062 0.550781 0.667969 0.548828 0.669922 0.542969 0.669922 0.539062 0.673828 0.539062 0.681641 0.542969 0.685547 0.550781 0.685547 0.552734 0.683594 0.558594 0.689453 0.566406 0.689453 0.570312 0.685547 0.570312 0.677734 0.566406 0.673828 0.558594 0.673828 0.556641 0.675781 0.550781 0.669922 0.552734 0.667969 0.558594 0.667969 0.564453 0.662109 0.570312 0.662109 0.574219 0.658203 0.574219 0.650391 0.570312 0.646484
0 0.363281 0.646484 0.359375 0.650391 0.359375 0.658203 0.363281 0.662109 0.371094 0.662109 0.375000 0.658203 0.375000 0.650391 0.371094 0.646484
0 0.007812 0.640625 0.003906 0.644531 0.003906 0.646484 0.001953 0.648438 0.000000 0.648438 0.000000 0.666016 0.005859 0.666016 0.009766 0.669922 0.017578 0.669922 0.021484 0.666016 0.021484 0.644531 0.017578 0.640625
0 0.625000 0.638672 0.621094 0.642578 0.617188 0.642578 0.613281 0.646484 0.613281 0.664062 0.621094 0.671875 0.623047 0.671875 0.628906 0.677734 0.638672 0.677734 0.642578 0.673828 0.642578 0.671875 0.644531 0.669922 0.648438 0.669922 0.654297 0.664062 0.656250 0.664062 0.660156 0.660156 0.660156 0.652344 0.656250 0.648438 0.654297 0.648438 0.652344 0.646484 0.650391 0.646484 0.642578 0.638672
0 0.410156 0.621094 0.406250 0.625000 0.406250 0.632812 0.410156 0.636719 0.419922 0.636719 0.423828 0.632812 0.423828 0.625000 0.419922 0.621094
0 0.283203 0.609375 0.277344 0.615234 0.277344 0.625000 0.281250 0.628906 0.281250 0.634766 0.285156 0.638672 0.291016 0.638672 0.294922 0.642578 0.302734 0.642578 0.308594 0.636719 0.312500 0.636719 0.316406 0.632812 0.316406 0.623047 0.304688 0.611328 0.300781 0.611328 0.298828 0.609375
0 0.392578 0.601562 0.388672 0.605469 0.388672 0.613281 0.392578 0.617188 0.400391 0.617188 0.404297 0.613281 0.404297 0.605469 0.400391 0.601562
0 0.078125 0.601562 0.072266 0.607422 0.072266 0.619141 0.082031 0.628906 0.087891 0.628906 0.089844 0.630859 0.093750 0.630859 0.097656 0.634766 0.107422 0.634766 0.113281 0.628906 0.117188 0.628906 0.121094 0.625000 0.121094 0.617188 0.117188 0.613281 0.109375 0.613281 0.107422 0.611328 0.107422 0.605469 0.103516 0.601562
0 0.406250 0.583984 0.402344 0.587891 0.402344 0.595703 0.406250 0.599609 0.410156 0.599609 0.412109 0.601562 0.412109 0.607422 0.416016 0.611328 0.423828 0.611328 0.427734 0.607422 0.427734 0.603516 0.429688 0.601562 0.433594 0.601562 0.437500 0.597656 0.437500 0.589844 0.433594 0.585938 0.425781 0.585938 0.421875 0.589844 0.421875 0.593750 0.419922 0.595703 0.417969 0.593750 0.417969 0.587891 0.414062 0.583984
0 0.386719 0.578125 0.382812 0.582031 0.382812 0.589844 0.386719 0.593750 0.394531 0.593750 0.398438 0.589844 0.398438 0.582031 0.394531 0.578125
0 0.800781 0.576172 0.796875 0.580078 0.796875 0.587891 0.789062 0.595703 0.789062 0.603516 0.796875 0.611328 0.804688 0.611328 0.812500 0.603516 0.812500 0.580078 0.808594 0.576172
0 0.509766 0.576172 0.505859 0.580078 0.505859 0.593750 0.507812 0.595703 0.507812 0.601562 0.505859 0.603516 0.505859 0.611328 0.509766 0.615234 0.509766 0.617188 0.513672 0.621094 0.525391 0.621094 0.527344 0.619141 0.531250 0.619141 0.537109 0.625000 0.542969 0.625000 0.546875 0.628906 0.548828 0.628906 0.552734 0.632812 0.564453 0.632812 0.566406 0.634766 0.578125 0.634766 0.585938 0.626953 0.587891 0.626953 0.589844 0.625000 0.591797 0.625000 0.597656 0.619141 0.603516 0.619141 0.607422 0.615234 0.607422 0.601562 0.597656 0.591797 0.591797 0.591797 0.589844 0.589844 0.580078 0.589844 0.578125 0.591797 0.576172 0.591797 0.572266 0.587891 0.572266 0.585938 0.568359 0.582031 0.554688 0.582031 0.548828 0.587891 0.541016 0.587891 0.537109 0.591797 0.535156 0.591797 0.531250 0.595703 0.531250 0.599609 0.527344 0.603516 0.525391 0.601562 0.525391 0.595703 0.523438 0.593750 0.523438 0.585938 0.521484 0.583984 0.521484 0.580078 0.517578 0.576172
0 0.365234 0.576172 0.361328 0.580078 0.361328 0.587891 0.355469 0.593750 0.355469 0.601562 0.359375 0.605469 0.361328 0.605469 0.363281 0.607422 0.363281 0.613281 0.365234 0.615234 0.363281 0.617188 0.359375 0.617188 0.355469 0.621094 0.355469 0.632812 0.359375 0.636719 0.367188 0.636719 0.371094 0.632812 0.375000 0.636719 0.382812 0.636719 0.386719 0.632812 0.386719 0.625000 0.382812 0.621094 0.375000 0.621094 0.373047 0.623047 0.369141 0.619141 0.371094 0.617188 0.375000 0.617188 0.378906 0.613281 0.378906 0.605469 0.375000 0.601562 0.373047 0.601562 0.371094 0.599609 0.371094 0.593750 0.376953 0.587891 0.376953 0.580078 0.373047 0.576172
0 0.822266 0.562500 0.818359 0.566406 0.818359 0.576172 0.820312 0.578125 0.820312 0.580078 0.824219 0.583984 0.832031 0.583984 0.833984 0.582031 0.837891 0.582031 0.841797 0.578125 0.841797 0.568359 0.835938 0.562500
0 0.583984 0.542969 0.580078 0.546875 0.580078 0.554688 0.583984 0.558594 0.591797 0.558594 0.595703 0.554688 0.595703 0.546875 0.591797 0.542969
0 0.400391 0.542969 0.396484 0.546875 0.396484 0.554688 0.404297 0.562500 0.406250 0.562500 0.408203 0.564453 0.417969 0.564453 0.421875 0.560547 0.421875 0.552734 0.416016 0.546875 0.412109 0.546875 0.408203 0.542969
0 0.429688 0.539062 0.425781 0.542969 0.425781 0.552734 0.435547 0.562500 0.447266 0.562500 0.451172 0.558594 0.451172 0.548828 0.447266 0.544922 0.445312 0.544922 0.443359 0.542969 0.441406 0.542969 0.437500 0.539062
0 0.832031 0.537109 0.828125 0.541016 0.828125 0.548828 0.832031 0.552734 0.841797 0.552734 0.845703 0.548828 0.845703 0.541016 0.841797 0.537109
0 0.310547 0.535156 0.306641 0.539062 0.306641 0.554688 0.310547 0.558594 0.312500 0.558594 0.320312 0.566406 0.328125 0.566406 0.332031 0.562500 0.332031 0.554688 0.330078 0.552734 0.330078 0.550781 0.332031 0.548828 0.332031 0.539062 0.328125 0.535156
0 0.500000 0.533203 0.496094 0.537109 0.496094 0.542969 0.494141 0.544922 0.486328 0.544922 0.482422 0.548828 0.482422 0.556641 0.486328 0.560547 0.492188 0.560547 0.496094 0.564453 0.503906 0.564453 0.507812 0.560547 0.507812 0.552734 0.505859 0.550781 0.511719 0.544922 0.511719 0.537109 0.507812 0.533203
0 0.345703 0.527344 0.339844 0.533203 0.339844 0.548828 0.337891 0.550781 0.337891 0.562500 0.341797 0.566406 0.349609 0.566406 0.353516 0.562500 0.363281 0.562500 0.367188 0.558594 0.367188 0.537109 0.365234 0.535156 0.365234 0.533203 0.359375 0.527344
0 0.523438 0.515625 0.519531 0.519531 0.519531 0.527344 0.523438 0.531250 0.531250 0.531250 0.535156 0.527344 0.535156 0.519531 0.531250 0.515625
0 0.033203 0.507812 0.029297 0.511719 0.029297 0.523438 0.033203 0.527344 0.035156 0.527344 0.041016 0.533203 0.046875 0.533203 0.050781 0.537109 0.050781 0.556641 0.048828 0.558594 0.048828 0.583984 0.052734 0.587891 0.052734 0.591797 0.050781 0.593750 0.050781 0.601562 0.054688 0.605469 0.062500 0.605469 0.066406 0.601562 0.066406 0.597656 0.068359 0.595703 0.068359 0.578125 0.064453 0.574219 0.064453 0.566406 0.066406 0.564453 0.066406 0.525391 0.062500 0.521484 0.062500 0.511719 0.058594 0.507812
0 0.558594 0.503906 0.554688 0.507812 0.554688 0.513672 0.552734 0.515625 0.548828 0.515625 0.544922 0.519531 0.544922 0.533203 0.548828 0.537109 0.556641 0.537109 0.560547 0.541016 0.574219 0.541016 0.578125 0.537109 0.578125 0.529297 0.574219 0.525391 0.568359 0.525391 0.566406 0.523438 0.568359 0.521484 0.570312 0.521484 0.574219 0.517578 0.574219 0.507812 0.570312 0.503906
0 0.171875 0.501953 0.167969 0.505859 0.166016 0.505859 0.162109 0.509766 0.162109 0.523438 0.166016 0.527344 0.175781 0.527344 0.177734 0.525391 0.179688 0.525391 0.183594 0.521484 0.183594 0.519531 0.185547 0.517578 0.185547 0.505859 0.181641 0.501953
0 0.562500 0.474609 0.558594 0.478516 0.558594 0.486328 0.562500 0.490234 0.570312 0.490234 0.574219 0.486328 0.574219 0.478516 0.570312 0.474609
0 0.476562 0.443359 0.470703 0.449219 0.470703 0.458984 0.468750 0.460938 0.468750 0.468750 0.472656 0.472656 0.480469 0.472656 0.484375 0.468750 0.494141 0.468750 0.498047 0.464844 0.498047 0.453125 0.488281 0.443359
0 0.753906 0.417969 0.748047 0.423828 0.748047 0.435547 0.751953 0.439453 0.763672 0.439453 0.765625 0.441406 0.765625 0.445312 0.761719 0.449219 0.761719 0.451172 0.748047 0.464844 0.748047 0.472656 0.751953 0.476562 0.755859 0.476562 0.759766 0.480469 0.767578 0.480469 0.773438 0.474609 0.773438 0.472656 0.777344 0.468750 0.777344 0.466797 0.779297 0.464844 0.779297 0.457031 0.787109 0.449219 0.787109 0.433594 0.783203 0.429688 0.773438 0.429688 0.771484 0.427734 0.771484 0.423828 0.767578 0.419922 0.765625 0.419922 0.763672 0.417969
0 0.007812 0.392578 0.000000 0.400391 0.000000 0.457031 0.025391 0.457031 0.029297 0.453125 0.033203 0.457031 0.041016 0.457031 0.044922 0.453125 0.044922 0.445312 0.042969 0.443359 0.042969 0.441406 0.041016 0.439453 0.041016 0.437500 0.037109 0.433594 0.037109 0.427734 0.033203 0.423828 0.033203 0.402344 0.027344 0.396484 0.025391 0.396484 0.021484 0.392578
0 0.644531 0.376953 0.640625 0.380859 0.640625 0.382812 0.632812 0.390625 0.630859 0.390625 0.628906 0.392578 0.609375 0.392578 0.605469 0.396484 0.603516 0.396484 0.601562 0.398438 0.591797 0.398438 0.587891 0.402344 0.587891 0.416016 0.585938 0.417969 0.585938 0.435547 0.582031 0.439453 0.582031 0.449219 0.574219 0.457031 0.574219 0.466797 0.578125 0.470703 0.605469 0.470703 0.609375 0.466797 0.611328 0.466797 0.613281 0.464844 0.615234 0.464844 0.623047 0.457031 0.623047 0.455078 0.628906 0.449219 0.630859 0.449219 0.632812 0.447266 0.634766 0.447266 0.636719 0.445312 0.638672 0.445312 0.646484 0.437500 0.648438 0.437500 0.652344 0.441406 0.650391 0.443359 0.648438 0.443359 0.640625 0.451172 0.638672 0.451172 0.634766 0.455078 0.634766 0.457031 0.630859 0.460938 0.630859 0.470703 0.628906 0.472656 0.628906 0.476562 0.626953 0.478516 0.611328 0.478516 0.607422 0.482422 0.607422 0.490234 0.611328 0.494141 0.621094 0.494141 0.623047 0.496094 0.640625 0.496094 0.642578 0.498047 0.638672 0.501953 0.638672 0.503906 0.630859 0.511719 0.630859 0.523438 0.628906 0.525391 0.617188 0.525391 0.613281 0.529297 0.613281 0.535156 0.611328 0.537109 0.611328 0.544922 0.609375 0.546875 0.603516 0.546875 0.599609 0.550781 0.599609 0.558594 0.603516 0.562500 0.609375 0.562500 0.611328 0.564453 0.619141 0.564453 0.626953 0.556641 0.626953 0.548828 0.628906 0.546875 0.630859 0.548828 0.638672 0.548828 0.642578 0.544922 0.642578 0.542969 0.644531 0.541016 0.648438 0.544922 0.660156 0.544922 0.664062 0.541016 0.664062 0.529297 0.660156 0.525391 0.658203 0.525391 0.656250 0.523438 0.656250 0.521484 0.658203 0.519531 0.658203 0.517578 0.660156 0.515625 0.660156 0.513672 0.662109 0.511719 0.667969 0.511719 0.669922 0.509766 0.673828 0.509766 0.683594 0.519531 0.683594 0.521484 0.679688 0.525391 0.679688 0.529297 0.675781 0.533203 0.671875 0.533203 0.667969 0.537109 0.667969 0.548828 0.669922 0.550781 0.667969 0.552734 0.648438 0.552734 0.644531 0.556641 0.644531 0.566406 0.648438 0.570312 0.652344 0.570312 0.654297 0.572266 0.656250 0.572266 0.660156 0.576172 0.669922 0.576172 0.671875 0.578125 0.673828 0.578125 0.679688 0.583984 0.679688 0.601562 0.683594 0.605469 0.687500 0.605469 0.693359 0.611328 0.693359 0.613281 0.695312 0.615234 0.695312 0.621094 0.699219 0.625000 0.701172 0.625000 0.705078 0.628906 0.716797 0.628906 0.720703 0.625000 0.720703 0.621094 0.722656 0.619141 0.722656 0.617188 0.726562 0.613281 0.730469 0.617188 0.730469 0.626953 0.726562 0.630859 0.726562 0.632812 0.714844 0.644531 0.712891 0.642578 0.705078 0.642578 0.701172 0.646484 0.701172 0.658203 0.705078 0.662109 0.718750 0.662109 0.720703 0.664062 0.720703 0.671875 0.726562 0.677734 0.726562 0.679688 0.730469 0.683594 0.738281 0.683594 0.746094 0.675781 0.748047 0.677734 0.748047 0.710938 0.751953 0.714844 0.751953 0.724609 0.757812 0.730469 0.759766 0.730469 0.761719 0.732422 0.761719 0.734375 0.765625 0.738281 0.769531 0.738281 0.771484 0.740234 0.775391 0.740234 0.777344 0.742188 0.783203 0.742188 0.787109 0.746094 0.800781 0.746094 0.804688 0.742188 0.808594 0.742188 0.816406 0.734375 0.816406 0.720703 0.818359 0.718750 0.822266 0.718750 0.826172 0.714844 0.826172 0.707031 0.822266 0.703125 0.802734 0.703125 0.800781 0.701172 0.800781 0.699219 0.802734 0.697266 0.812500 0.697266 0.820312 0.689453 0.820312 0.679688 0.808594 0.667969 0.781250 0.667969 0.779297 0.666016 0.779297 0.660156 0.777344 0.658203 0.777344 0.656250 0.771484 0.650391 0.757812 0.650391 0.755859 0.652344 0.751953 0.652344 0.750000 0.650391 0.750000 0.648438 0.757812 0.640625 0.757812 0.623047 0.755859 0.621094 0.755859 0.619141 0.753906 0.617188 0.753906 0.613281 0.751953 0.611328 0.751953 0.605469 0.748047 0.601562 0.730469 0.601562 0.726562 0.605469 0.724609 0.603516 0.724609 0.595703 0.718750 0.589844 0.718750 0.587891 0.716797 0.585938 0.716797 0.582031 0.718750 0.580078 0.722656 0.583984 0.730469 0.583984 0.734375 0.580078 0.734375 0.572266 0.730469 0.568359 0.730469 0.566406 0.728516 0.564453 0.728516 0.560547 0.722656 0.554688 0.722656 0.537109 0.724609 0.535156 0.724609 0.527344 0.720703 0.523438 0.710938 0.523438 0.708984 0.525391 0.707031 0.523438 0.707031 0.519531 0.705078 0.517578 0.705078 0.515625 0.695312 0.505859 0.699219 0.501953 0.699219 0.494141 0.693359 0.488281 0.695312 0.486328 0.699219 0.486328 0.703125 0.482422 0.703125 0.476562 0.705078 0.474609 0.708984 0.474609 0.712891 0.470703 0.712891 0.462891 0.708984 0.458984 0.701172 0.458984 0.697266 0.462891 0.697266 0.468750 0.695312 0.470703 0.691406 0.470703 0.687500 0.474609 0.687500 0.482422 0.685547 0.484375 0.675781 0.484375 0.673828 0.482422 0.679688 0.476562 0.679688 0.466797 0.691406 0.455078 0.691406 0.453125 0.695312 0.449219 0.697266 0.449219 0.701172 0.445312 0.701172 0.435547 0.703125 0.433594 0.707031 0.433594 0.710938 0.429688 0.712891 0.429688 0.716797 0.425781 0.716797 0.417969 0.712891 0.414062 0.705078 0.414062 0.703125 0.412109 0.705078 0.410156 0.705078 0.392578 0.701172 0.388672 0.693359 0.388672 0.691406 0.386719 0.691406 0.380859 0.687500 0.376953 0.679688 0.376953 0.666016 0.390625 0.662109 0.390625 0.660156 0.392578 0.658203 0.390625 0.658203 0.380859 0.654297 0.376953
0 0.056641 0.244141 0.052734 0.248047 0.052734 0.251953 0.050781 0.253906 0.050781 0.255859 0.046875 0.259766 0.046875 0.265625 0.044922 0.267578 0.033203 0.267578 0.029297 0.271484 0.029297 0.285156 0.033203 0.289062 0.037109 0.289062 0.039062 0.291016 0.046875 0.291016 0.050781 0.287109 0.050781 0.277344 0.048828 0.275391 0.050781 0.273438 0.064453 0.273438 0.066406 0.271484 0.074219 0.271484 0.076172 0.269531 0.078125 0.269531 0.083984 0.263672 0.083984 0.248047 0.080078 0.244141
0 0.091797 0.144531 0.087891 0.148438 0.087891 0.154297 0.083984 0.158203 0.083984 0.173828 0.087891 0.177734 0.089844 0.177734 0.091797 0.179688 0.111328 0.179688 0.115234 0.175781 0.128906 0.175781 0.132812 0.171875 0.132812 0.164062 0.128906 0.160156 0.126953 0.160156 0.125000 0.158203 0.125000 0.148438 0.121094 0.144531
0 0.152344 0.140625 0.148438 0.144531 0.148438 0.154297 0.154297 0.160156 0.169922 0.160156 0.173828 0.156250 0.173828 0.148438 0.169922 0.144531 0.164062 0.144531 0.160156 0.140625
0 0.304688 0.125000 0.300781 0.128906 0.300781 0.134766 0.298828 0.136719 0.292969 0.136719 0.289062 0.140625 0.289062 0.148438 0.292969 0.152344 0.298828 0.152344 0.302734 0.156250 0.312500 0.156250 0.316406 0.152344 0.316406 0.142578 0.318359 0.140625 0.318359 0.132812 0.316406 0.130859 0.316406 0.128906 0.312500 0.125000
0 0.150391 0.115234 0.146484 0.119141 0.144531 0.119141 0.140625 0.123047 0.140625 0.130859 0.144531 0.134766 0.156250 0.134766 0.164062 0.126953 0.164062 0.119141 0.160156 0.115234
0 0.171875 0.066406 0.166016 0.072266 0.166016 0.074219 0.158203 0.082031 0.158203 0.095703 0.164062 0.101562 0.171875 0.101562 0.173828 0.099609 0.181641 0.099609 0.187500 0.093750 0.189453 0.093750 0.193359 0.097656 0.203125 0.097656 0.205078 0.095703 0.207031 0.095703 0.214844 0.087891 0.214844 0.085938 0.216797 0.083984 0.216797 0.074219 0.212891 0.070312 0.205078 0.070312 0.201172 0.074219 0.199219 0.074219 0.197266 0.076172 0.195312 0.076172 0.193359 0.078125 0.187500 0.078125 0.183594 0.074219 0.183594 0.070312 0.179688 0.066406
0 0.095703 0.042969 0.091797 0.046875 0.091797 0.064453 0.095703 0.068359 0.115234 0.068359 0.119141 0.064453 0.119141 0.050781 0.111328 0.042969
0 0.005859 0.005859 0.001953 0.009766 0.001953 0.017578 0.005859 0.021484 0.013672 0.021484 0.017578 0.017578 0.019531 0.019531 0.019531 0.021484 0.023438 0.025391 0.029297 0.025391 0.031250 0.027344 0.027344 0.031250 0.027344 0.035156 0.025391 0.037109 0.019531 0.037109 0.015625 0.041016 0.013672 0.039062 0.013672 0.029297 0.009766 0.025391 0.001953 0.025391 0.000000 0.027344 0.000000 0.046875 0.005859 0.046875 0.013672 0.039062 0.015625 0.041016 0.015625 0.062500 0.011719 0.066406 0.011719 0.078125 0.019531 0.085938 0.029297 0.085938 0.033203 0.082031 0.037109 0.082031 0.041016 0.078125 0.042969 0.078125 0.046875 0.074219 0.048828 0.074219 0.050781 0.072266 0.054688 0.072266 0.058594 0.068359 0.058594 0.054688 0.052734 0.048828 0.052734 0.046875 0.050781 0.044922 0.050781 0.033203 0.046875 0.029297 0.041016 0.029297 0.039062 0.027344 0.042969 0.023438 0.042969 0.015625 0.039062 0.011719 0.037109 0.011719 0.035156 0.009766 0.023438 0.009766 0.019531 0.013672 0.017578 0.011719 0.017578 0.009766 0.013672 0.005859
0 0.615234 0.000000 0.615234 0.007812 0.617188 0.009766 0.617188 0.013672 0.619141 0.015625 0.619141 0.017578 0.621094 0.019531 0.621094 0.021484 0.623047 0.023438 0.625000 0.023438 0.626953 0.025391 0.628906 0.025391 0.630859 0.027344 0.642578 0.027344 0.644531 0.025391 0.646484 0.025391 0.648438 0.023438 0.650391 0.023438 0.652344 0.021484 0.652344 0.019531 0.654297 0.017578 0.654297 0.015625 0.656250 0.013672 0.656250 0.001953 0.654297 0.000000
0 0.197266 0.000000 0.189453 0.007812 0.189453 0.019531 0.187500 0.021484 0.164062 0.021484 0.162109 0.019531 0.134766 0.019531 0.130859 0.023438 0.130859 0.031250 0.134766 0.035156 0.150391 0.035156 0.152344 0.037109 0.152344 0.046875 0.158203 0.052734 0.158203 0.054688 0.160156 0.056641 0.160156 0.058594 0.164062 0.062500 0.197266 0.062500 0.205078 0.054688 0.208984 0.054688 0.212891 0.050781 0.214844 0.050781 0.216797 0.052734 0.216797 0.054688 0.218750 0.056641 0.220703 0.056641 0.222656 0.058594 0.224609 0.058594 0.226562 0.060547 0.228516 0.060547 0.230469 0.062500 0.232422 0.062500 0.234375 0.064453 0.232422 0.066406 0.230469 0.066406 0.226562 0.070312 0.226562 0.076172 0.222656 0.080078 0.222656 0.087891 0.218750 0.091797 0.218750 0.099609 0.222656 0.103516 0.220703 0.105469 0.195312 0.105469 0.191406 0.109375 0.191406 0.117188 0.189453 0.119141 0.189453 0.126953 0.195312 0.132812 0.195312 0.136719 0.199219 0.140625 0.201172 0.140625 0.205078 0.144531 0.218750 0.144531 0.226562 0.136719 0.226562 0.134766 0.238281 0.123047 0.238281 0.113281 0.240234 0.111328 0.255859 0.111328 0.259766 0.107422 0.259766 0.097656 0.261719 0.095703 0.263672 0.097656 0.265625 0.097656 0.267578 0.099609 0.287109 0.099609 0.289062 0.097656 0.291016 0.097656 0.292969 0.095703 0.294922 0.095703 0.296875 0.093750 0.298828 0.093750 0.300781 0.091797 0.302734 0.091797 0.304688 0.089844 0.312500 0.089844 0.314453 0.091797 0.314453 0.093750 0.316406 0.095703 0.318359 0.095703 0.320312 0.097656 0.322266 0.097656 0.324219 0.099609 0.330078 0.099609 0.333984 0.103516 0.335938 0.103516 0.337891 0.105469 0.339844 0.105469 0.341797 0.107422 0.345703 0.107422 0.347656 0.109375 0.347656 0.113281 0.345703 0.115234 0.341797 0.111328 0.333984 0.111328 0.330078 0.115234 0.330078 0.123047 0.332031 0.125000 0.330078 0.126953 0.330078 0.140625 0.333984 0.144531 0.341797 0.144531 0.345703 0.140625 0.345703 0.132812 0.347656 0.130859 0.349609 0.132812 0.349609 0.134766 0.351562 0.136719 0.353516 0.136719 0.355469 0.138672 0.357422 0.138672 0.361328 0.142578 0.359375 0.144531 0.357422 0.144531 0.349609 0.152344 0.349609 0.154297 0.343750 0.160156 0.343750 0.162109 0.341797 0.164062 0.341797 0.173828 0.345703 0.177734 0.351562 0.177734 0.353516 0.179688 0.353516 0.181641 0.357422 0.185547 0.373047 0.185547 0.375000 0.183594 0.376953 0.185547 0.376953 0.187500 0.371094 0.193359 0.371094 0.201172 0.375000 0.205078 0.386719 0.205078 0.390625 0.208984 0.390625 0.210938 0.394531 0.214844 0.394531 0.216797 0.398438 0.220703 0.400391 0.220703 0.402344 0.222656 0.408203 0.222656 0.410156 0.224609 0.412109 0.224609 0.414062 0.226562 0.439453 0.226562 0.441406 0.224609 0.443359 0.224609 0.445312 0.222656 0.458984 0.222656 0.460938 0.224609 0.462891 0.224609 0.468750 0.230469 0.472656 0.230469 0.476562 0.234375 0.480469 0.234375 0.482422 0.236328 0.492188 0.236328 0.494141 0.234375 0.496094 0.236328 0.496094 0.238281 0.500000 0.242188 0.505859 0.242188 0.507812 0.244141 0.544922 0.244141 0.546875 0.242188 0.548828 0.242188 0.558594 0.232422 0.562500 0.232422 0.564453 0.230469 0.566406 0.230469 0.570312 0.226562 0.580078 0.226562 0.582031 0.224609 0.589844 0.224609 0.591797 0.222656 0.593750 0.222656 0.595703 0.220703 0.597656 0.220703 0.601562 0.216797 0.601562 0.208984 0.605469 0.205078 0.605469 0.199219 0.607422 0.197266 0.630859 0.197266 0.634766 0.201172 0.634766 0.203125 0.626953 0.210938 0.626953 0.212891 0.625000 0.214844 0.621094 0.214844 0.617188 0.218750 0.617188 0.224609 0.615234 0.226562 0.615234 0.234375 0.621094 0.240234 0.625000 0.240234 0.626953 0.242188 0.628906 0.242188 0.630859 0.244141 0.630859 0.250000 0.632812 0.251953 0.632812 0.261719 0.634766 0.263672 0.634766 0.265625 0.632812 0.267578 0.626953 0.267578 0.623047 0.271484 0.621094 0.271484 0.617188 0.275391 0.611328 0.275391 0.607422 0.279297 0.607422 0.316406 0.609375 0.318359 0.609375 0.320312 0.613281 0.324219 0.621094 0.324219 0.626953 0.330078 0.625000 0.332031 0.599609 0.332031 0.595703 0.335938 0.595703 0.343750 0.599609 0.347656 0.634766 0.347656 0.642578 0.355469 0.642578 0.365234 0.646484 0.369141 0.654297 0.369141 0.662109 0.361328 0.664062 0.361328 0.667969 0.365234 0.675781 0.365234 0.679688 0.361328 0.697266 0.361328 0.699219 0.359375 0.701172 0.359375 0.705078 0.355469 0.710938 0.355469 0.714844 0.351562 0.714844 0.349609 0.718750 0.345703 0.722656 0.349609 0.722656 0.351562 0.726562 0.355469 0.720703 0.361328 0.720703 0.363281 0.716797 0.367188 0.716797 0.369141 0.712891 0.373047 0.712891 0.384766 0.716797 0.388672 0.724609 0.388672 0.728516 0.384766 0.728516 0.382812 0.732422 0.378906 0.732422 0.376953 0.734375 0.375000 0.736328 0.376953 0.736328 0.386719 0.742188 0.392578 0.753906 0.392578 0.755859 0.394531 0.763672 0.394531 0.765625 0.396484 0.783203 0.396484 0.785156 0.394531 0.791016 0.394531 0.792969 0.396484 0.792969 0.400391 0.796875 0.404297 0.792969 0.408203 0.792969 0.419922 0.804688 0.431641 0.814453 0.431641 0.818359 0.427734 0.818359 0.425781 0.820312 0.423828 0.826172 0.423828 0.828125 0.425781 0.828125 0.431641 0.832031 0.435547 0.839844 0.435547 0.845703 0.429688 0.851562 0.429688 0.853516 0.431641 0.853516 0.445312 0.849609 0.449219 0.843750 0.449219 0.841797 0.451172 0.839844 0.451172 0.835938 0.455078 0.830078 0.455078 0.828125 0.457031 0.824219 0.457031 0.820312 0.460938 0.808594 0.460938 0.804688 0.464844 0.804688 0.476562 0.806641 0.478516 0.806641 0.486328 0.808594 0.488281 0.808594 0.490234 0.810547 0.492188 0.810547 0.496094 0.816406 0.501953 0.818359 0.501953 0.820312 0.503906 0.828125 0.503906 0.830078 0.505859 0.841797 0.505859 0.845703 0.501953 0.845703 0.494141 0.841797 0.490234 0.835938 0.490234 0.833984 0.488281 0.828125 0.488281 0.826172 0.486328 0.828125 0.484375 0.835938 0.484375 0.845703 0.474609 0.847656 0.476562 0.847656 0.486328 0.851562 0.490234 0.859375 0.490234 0.861328 0.488281 0.865234 0.488281 0.867188 0.486328 0.871094 0.490234 0.871094 0.492188 0.873047 0.494141 0.873047 0.496094 0.875000 0.498047 0.876953 0.498047 0.878906 0.500000 0.880859 0.500000 0.882812 0.501953 0.888672 0.501953 0.890625 0.503906 0.894531 0.503906 0.896484 0.505859 0.894531 0.507812 0.894531 0.509766 0.892578 0.511719 0.892578 0.515625 0.890625 0.517578 0.890625 0.519531 0.888672 0.521484 0.886719 0.521484 0.882812 0.525391 0.878906 0.525391 0.876953 0.527344 0.875000 0.527344 0.873047 0.529297 0.871094 0.529297 0.869141 0.531250 0.869141 0.533203 0.867188 0.535156 0.867188 0.537109 0.865234 0.539062 0.865234 0.550781 0.867188 0.552734 0.867188 0.554688 0.869141 0.556641 0.869141 0.558594 0.873047 0.562500 0.873047 0.564453 0.871094 0.566406 0.871094 0.572266 0.869141 0.574219 0.869141 0.576172 0.867188 0.578125 0.867188 0.580078 0.865234 0.582031 0.865234 0.585938 0.863281 0.587891 0.863281 0.597656 0.861328 0.599609 0.859375 0.599609 0.857422 0.601562 0.857422 0.603516 0.855469 0.605469 0.855469 0.607422 0.853516 0.609375 0.853516 0.623047 0.851562 0.625000 0.851562 0.626953 0.849609 0.628906 0.849609 0.648438 0.851562 0.650391 0.851562 0.652344 0.853516 0.654297 0.853516 0.658203 0.851562 0.660156 0.851562 0.669922 0.849609 0.671875 0.849609 0.687500 0.851562 0.689453 0.851562 0.691406 0.853516 0.693359 0.853516 0.695312 0.857422 0.699219 0.857422 0.701172 0.861328 0.705078 0.861328 0.707031 0.857422 0.710938 0.857422 0.712891 0.855469 0.714844 0.855469 0.716797 0.853516 0.718750 0.853516 0.732422 0.851562 0.734375 0.851562 0.765625 0.853516 0.767578 0.853516 0.769531 0.855469 0.771484 0.855469 0.773438 0.857422 0.775391 0.859375 0.775391 0.861328 0.777344 0.863281 0.777344 0.865234 0.779297 0.867188 0.779297 0.871094 0.783203 0.873047 0.783203 0.875000 0.785156 0.876953 0.785156 0.878906 0.787109 0.880859 0.787109 0.882812 0.789062 0.884766 0.789062 0.886719 0.791016 0.888672 0.791016 0.890625 0.792969 0.892578 0.792969 0.894531 0.794922 0.896484 0.794922 0.898438 0.796875 0.902344 0.796875 0.904297 0.798828 0.908203 0.798828 0.910156 0.800781 0.912109 0.800781 0.914062 0.802734 0.919922 0.802734 0.921875 0.804688 0.923828 0.804688 0.925781 0.806641 0.927734 0.806641 0.929688 0.808594 0.945312 0.808594 0.947266 0.810547 0.953125 0.810547 0.955078 0.812500 0.988281 0.812500 0.990234 0.810547 0.992188 0.810547 0.994141 0.808594 0.996094 0.808594 0.998047 0.806641 0.998047 0.320312 0.996094 0.318359 0.998047 0.316406 0.998047 0.000000 0.964844 0.000000 0.964844 0.001953 0.962891 0.003906 0.962891 0.015625 0.964844 0.017578 0.964844 0.021484 0.960938 0.025391 0.958984 0.025391 0.957031 0.023438 0.955078 0.023438 0.953125 0.021484 0.941406 0.021484 0.939453 0.023438 0.935547 0.023438 0.933594 0.025391 0.931641 0.025391 0.929688 0.023438 0.929688 0.021484 0.925781 0.017578 0.925781 0.007812 0.921875 0.003906 0.914062 0.003906 0.910156 0.007812 0.910156 0.009766 0.908203 0.011719 0.908203 0.019531 0.906250 0.021484 0.904297 0.021484 0.898438 0.027344 0.898438 0.035156 0.900391 0.037109 0.900391 0.042969 0.896484 0.046875 0.896484 0.050781 0.894531 0.052734 0.888672 0.046875 0.888672 0.044922 0.886719 0.042969 0.884766 0.042969 0.882812 0.041016 0.880859 0.041016 0.878906 0.039062 0.867188 0.039062 0.865234 0.037109 0.853516 0.037109 0.851562 0.035156 0.849609 0.035156 0.847656 0.033203 0.845703 0.033203 0.843750 0.031250 0.812500 0.031250 0.810547 0.029297 0.806641 0.029297 0.804688 0.027344 0.802734 0.027344 0.800781 0.025391 0.798828 0.025391 0.796875 0.023438 0.785156 0.023438 0.783203 0.021484 0.779297 0.021484 0.777344 0.019531 0.771484 0.019531 0.769531 0.017578 0.765625 0.017578 0.763672 0.015625 0.759766 0.015625 0.757812 0.013672 0.755859 0.013672 0.753906 0.011719 0.750000 0.011719 0.748047 0.009766 0.740234 0.009766 0.738281 0.007812 0.730469 0.007812 0.728516 0.005859 0.714844 0.005859 0.712891 0.007812 0.710938 0.007812 0.708984 0.005859 0.707031 0.005859 0.705078 0.003906 0.703125 0.003906 0.701172 0.001953 0.699219 0.001953 0.697266 0.000000 0.681641 0.000000 0.679688 0.001953 0.677734 0.001953 0.675781 0.003906 0.673828 0.003906 0.671875 0.005859 0.671875 0.007812 0.669922 0.009766 0.669922 0.011719 0.667969 0.013672 0.667969 0.027344 0.669922 0.029297 0.669922 0.031250 0.671875 0.033203 0.671875 0.035156 0.673828 0.037109 0.671875 0.039062 0.644531 0.039062 0.642578 0.041016 0.640625 0.041016 0.638672 0.042969 0.636719 0.042969 0.634766 0.044922 0.630859 0.044922 0.628906 0.046875 0.626953 0.046875 0.625000 0.048828 0.623047 0.048828 0.621094 0.050781 0.621094 0.052734 0.619141 0.054688 0.619141 0.056641 0.617188 0.058594 0.617188 0.066406 0.615234 0.068359 0.585938 0.068359 0.583984 0.070312 0.582031 0.070312 0.580078 0.072266 0.578125 0.072266 0.576172 0.070312 0.578125 0.068359 0.578125 0.062500 0.580078 0.060547 0.580078 0.044922 0.578125 0.042969 0.578125 0.041016 0.576172 0.039062 0.576172 0.037109 0.574219 0.035156 0.572266 0.035156 0.570312 0.033203 0.568359 0.033203 0.566406 0.031250 0.558594 0.031250 0.556641 0.029297 0.554688 0.029297 0.552734 0.027344 0.550781 0.027344 0.546875 0.023438 0.544922 0.023438 0.542969 0.021484 0.541016 0.021484 0.539062 0.019531 0.535156 0.019531 0.533203 0.017578 0.505859 0.017578 0.503906 0.019531 0.501953 0.019531 0.500000 0.017578 0.500000 0.015625 0.496094 0.011719 0.496094 0.009766 0.494141 0.007812 0.492188 0.007812 0.490234 0.005859 0.488281 0.005859 0.486328 0.003906 0.470703 0.003906 0.468750 0.005859 0.466797 0.005859 0.464844 0.007812 0.462891 0.007812 0.457031 0.013672 0.455078 0.013672 0.453125 0.015625 0.451172 0.015625 0.445312 0.021484 0.445312 0.023438 0.443359 0.025391 0.441406 0.025391 0.439453 0.027344 0.439453 0.029297 0.433594 0.035156 0.416016 0.035156 0.414062 0.037109 0.412109 0.037109 0.410156 0.039062 0.408203 0.039062 0.406250 0.041016 0.406250 0.042969 0.404297 0.044922 0.404297 0.046875 0.402344 0.048828 0.400391 0.046875 0.398438 0.046875 0.396484 0.044922 0.394531 0.044922 0.392578 0.042969 0.390625 0.042969 0.388672 0.041016 0.376953 0.041016 0.375000 0.039062 0.373047 0.039062 0.371094 0.037109 0.369141 0.037109 0.365234 0.033203 0.365234 0.031250 0.367188 0.029297 0.367188 0.017578 0.365234 0.015625 0.365234 0.013672 0.363281 0.011719 0.363281 0.009766 0.361328 0.007812 0.359375 0.007812 0.357422 0.005859 0.355469 0.005859 0.353516 0.003906 0.341797 0.003906 0.339844 0.005859 0.337891 0.005859 0.335938 0.007812 0.333984 0.007812 0.330078 0.011719 0.328125 0.011719 0.326172 0.009766 0.324219 0.009766 0.322266 0.007812 0.320312 0.007812 0.318359 0.005859 0.316406 0.005859 0.314453 0.003906 0.308594 0.003906 0.306641 0.001953 0.304688 0.001953 0.302734 0.000000 0.291016 0.000000 0.289062 0.001953 0.287109 0.000000