0 0.845703 0.988281 0.841797 0.992188 0.841797 0.998047 0.886719 0.998047 0.886719 0.992188 0.882812 0.988281
0 0.597656 0.972656 0.593750 0.976562 0.593750 0.984375 0.597656 0.988281 0.605469 0.988281 0.609375 0.984375 0.609375 0.976562 0.605469 0.972656
0 0.652344 0.970703 0.646484 0.976562 0.640625 0.976562 0.636719 0.980469 0.636719 0.988281 0.640625 0.992188 0.648438 0.992188 0.654297 0.986328 0.656250 0.986328 0.660156 0.990234 0.667969 0.990234 0.671875 0.986328 0.671875 0.978516 0.667969 0.974609 0.664062 0.974609 0.660156 0.970703
0 0.105469 0.962891 0.101562 0.966797 0.101562 0.974609 0.105469 0.978516 0.107422 0.978516 0.111328 0.982422 0.123047 0.982422 0.126953 0.978516 0.126953 0.968750 0.123047 0.964844 0.119141 0.964844 0.117188 0.962891
0 0.945312 0.955078 0.939453 0.960938 0.935547 0.960938 0.931641 0.964844 0.931641 0.972656 0.935547 0.976562 0.943359 0.976562 0.949219 0.970703 0.953125 0.970703 0.957031 0.966797 0.957031 0.958984 0.953125 0.955078
0 0.572266 0.955078 0.568359 0.958984 0.568359 0.964844 0.566406 0.966797 0.564453 0.966797 0.560547 0.970703 0.560547 0.978516 0.564453 0.982422 0.572266 0.982422 0.576172 0.978516 0.576172 0.972656 0.578125 0.970703 0.580078 0.970703 0.583984 0.966797 0.583984 0.958984 0.580078 0.955078
0 0.353516 0.953125 0.351562 0.955078 0.349609 0.955078 0.345703 0.958984 0.345703 0.972656 0.359375 0.986328 0.375000 0.986328 0.378906 0.982422 0.378906 0.962891 0.375000 0.958984 0.373047 0.958984 0.367188 0.953125
0 0.074219 0.949219 0.070312 0.953125 0.070312 0.957031 0.068359 0.958984 0.068359 0.962891 0.066406 0.964844 0.066406 0.976562 0.070312 0.980469 0.078125 0.980469 0.082031 0.976562 0.082031 0.972656 0.083984 0.970703 0.083984 0.962891 0.085938 0.960938 0.085938 0.953125 0.082031 0.949219
0 0.628906 0.916016 0.625000 0.919922 0.625000 0.923828 0.623047 0.925781 0.617188 0.925781 0.613281 0.929688 0.613281 0.937500 0.619141 0.943359 0.617188 0.945312 0.617188 0.953125 0.621094 0.957031 0.619141 0.958984 0.613281 0.958984 0.609375 0.962891 0.609375 0.970703 0.613281 0.974609 0.621094 0.974609 0.625000 0.970703 0.625000 0.962891 0.621094 0.958984 0.623047 0.957031 0.628906 0.957031 0.630859 0.955078 0.632812 0.957031 0.640625 0.957031 0.644531 0.953125 0.644531 0.945312 0.640625 0.941406 0.632812 0.941406 0.630859 0.943359 0.626953 0.939453 0.628906 0.937500 0.628906 0.933594 0.630859 0.931641 0.638672 0.931641 0.642578 0.927734 0.642578 0.919922 0.638672 0.916016
0 0.707031 0.894531 0.703125 0.898438 0.703125 0.906250 0.707031 0.910156 0.714844 0.910156 0.718750 0.906250 0.718750 0.898438 0.714844 0.894531
0 0.042969 0.884766 0.039062 0.888672 0.039062 0.896484 0.033203 0.902344 0.033203 0.908203 0.029297 0.912109 0.029297 0.937500 0.033203 0.941406 0.041016 0.941406 0.042969 0.943359 0.060547 0.943359 0.064453 0.939453 0.064453 0.933594 0.068359 0.929688 0.068359 0.894531 0.062500 0.888672 0.054688 0.888672 0.050781 0.884766
0 0.980469 0.882812 0.976562 0.886719 0.976562 0.894531 0.980469 0.898438 0.988281 0.898438 0.992188 0.894531 0.992188 0.886719 0.988281 0.882812
0 0.855469 0.878906 0.851562 0.882812 0.851562 0.890625 0.855469 0.894531 0.857422 0.894531 0.859375 0.896484 0.859375 0.902344 0.861328 0.904297 0.861328 0.906250 0.865234 0.910156 0.865234 0.921875 0.867188 0.923828 0.867188 0.927734 0.863281 0.931641 0.861328 0.931641 0.857422 0.927734 0.849609 0.927734 0.845703 0.931641 0.845703 0.939453 0.847656 0.941406 0.847656 0.943359 0.845703 0.945312 0.841797 0.941406 0.839844 0.941406 0.832031 0.933594 0.826172 0.933594 0.820312 0.927734 0.816406 0.927734 0.814453 0.925781 0.814453 0.919922 0.808594 0.914062 0.800781 0.914062 0.798828 0.912109 0.779297 0.912109 0.777344 0.914062 0.775391 0.914062 0.765625 0.923828 0.765625 0.964844 0.769531 0.968750 0.777344 0.968750 0.779297 0.966797 0.785156 0.966797 0.789062 0.970703 0.789062 0.972656 0.785156 0.976562 0.781250 0.976562 0.777344 0.980469 0.777344 0.986328 0.775391 0.988281 0.773438 0.988281 0.769531 0.984375 0.767578 0.984375 0.765625 0.982422 0.748047 0.982422 0.744141 0.986328 0.744141 0.994141 0.746094 0.996094 0.746094 0.998047 0.826172 0.998047 0.826172 0.994141 0.832031 0.988281 0.832031 0.986328 0.837891 0.980469 0.839844 0.982422 0.853516 0.982422 0.857422 0.978516 0.859375 0.978516 0.863281 0.974609 0.863281 0.970703 0.867188 0.966797 0.871094 0.966797 0.878906 0.958984 0.878906 0.957031 0.884766 0.951172 0.884766 0.941406 0.882812 0.939453 0.882812 0.925781 0.884766 0.923828 0.884766 0.919922 0.886719 0.917969 0.890625 0.917969 0.894531 0.914062 0.894531 0.908203 0.898438 0.904297 0.900391 0.904297 0.902344 0.902344 0.908203 0.902344 0.912109 0.898438 0.912109 0.890625 0.908203 0.886719 0.892578 0.886719 0.890625 0.888672 0.888672 0.888672 0.884766 0.884766 0.880859 0.884766 0.875000 0.878906
0 0.593750 0.876953 0.589844 0.880859 0.589844 0.910156 0.587891 0.912109 0.587891 0.933594 0.583984 0.937500 0.583984 0.945312 0.587891 0.949219 0.597656 0.949219 0.605469 0.941406 0.605469 0.931641 0.603516 0.929688 0.603516 0.927734 0.609375 0.921875 0.609375 0.914062 0.605469 0.910156 0.605469 0.880859 0.601562 0.876953
0 0.949219 0.871094 0.939453 0.880859 0.939453 0.886719 0.935547 0.890625 0.935547 0.896484 0.933594 0.898438 0.933594 0.900391 0.931641 0.902344 0.931641 0.910156 0.935547 0.914062 0.949219 0.914062 0.953125 0.910156 0.953125 0.900391 0.955078 0.898438 0.955078 0.896484 0.957031 0.894531 0.957031 0.892578 0.958984 0.890625 0.958984 0.888672 0.960938 0.886719 0.960938 0.875000 0.957031 0.871094
0 0.671875 0.857422 0.667969 0.861328 0.667969 0.869141 0.671875 0.873047 0.679688 0.873047 0.683594 0.869141 0.685547 0.871094 0.685547 0.875000 0.683594 0.876953 0.683594 0.884766 0.687500 0.888672 0.695312 0.888672 0.699219 0.884766 0.699219 0.875000 0.701172 0.873047 0.701172 0.865234 0.697266 0.861328 0.689453 0.861328 0.685547 0.865234 0.683594 0.863281 0.683594 0.861328 0.679688 0.857422
0 0.611328 0.857422 0.607422 0.861328 0.607422 0.869141 0.611328 0.873047 0.619141 0.873047 0.623047 0.869141 0.623047 0.861328 0.619141 0.857422
0 0.375000 0.839844 0.371094 0.843750 0.371094 0.851562 0.369141 0.853516 0.367188 0.853516 0.363281 0.857422 0.363281 0.865234 0.367188 0.869141 0.369141 0.869141 0.371094 0.871094 0.371094 0.875000 0.375000 0.878906 0.384766 0.878906 0.388672 0.875000 0.388672 0.873047 0.390625 0.871094 0.390625 0.843750 0.386719 0.839844
0 0.617188 0.835938 0.613281 0.839844 0.613281 0.847656 0.617188 0.851562 0.625000 0.851562 0.628906 0.847656 0.628906 0.839844 0.625000 0.835938
0 0.652344 0.808594 0.648438 0.812500 0.648438 0.820312 0.652344 0.824219 0.664062 0.824219 0.667969 0.820312 0.667969 0.812500 0.664062 0.808594
0 0.089844 0.791016 0.085938 0.794922 0.085938 0.812500 0.091797 0.818359 0.103516 0.818359 0.107422 0.814453 0.107422 0.794922 0.103516 0.791016
0 0.640625 0.785156 0.634766 0.791016 0.634766 0.792969 0.628906 0.798828 0.619141 0.798828 0.615234 0.802734 0.615234 0.810547 0.619141 0.814453 0.638672 0.814453 0.650391 0.802734 0.650391 0.800781 0.652344 0.798828 0.652344 0.789062 0.648438 0.785156
0 0.554688 0.771484 0.552734 0.773438 0.550781 0.773438 0.546875 0.777344 0.546875 0.779297 0.542969 0.783203 0.539062 0.779297 0.515625 0.779297 0.511719 0.783203 0.511719 0.791016 0.515625 0.794922 0.517578 0.794922 0.519531 0.796875 0.517578 0.798828 0.517578 0.804688 0.515625 0.806641 0.511719 0.806641 0.509766 0.808594 0.503906 0.808594 0.501953 0.806641 0.501953 0.800781 0.498047 0.796875 0.474609 0.796875 0.468750 0.802734 0.468750 0.814453 0.472656 0.818359 0.476562 0.818359 0.478516 0.820312 0.478516 0.822266 0.476562 0.824219 0.476562 0.835938 0.474609 0.837891 0.472656 0.837891 0.468750 0.841797 0.468750 0.849609 0.472656 0.853516 0.480469 0.853516 0.482422 0.851562 0.484375 0.851562 0.486328 0.849609 0.490234 0.849609 0.492188 0.847656 0.494141 0.849609 0.494141 0.855469 0.486328 0.863281 0.486328 0.871094 0.490234 0.875000 0.511719 0.875000 0.515625 0.871094 0.519531 0.871094 0.523438 0.867188 0.523438 0.857422 0.525391 0.855469 0.525391 0.847656 0.527344 0.845703 0.533203 0.845703 0.537109 0.841797 0.541016 0.845703 0.552734 0.845703 0.554688 0.843750 0.560547 0.843750 0.568359 0.835938 0.570312 0.835938 0.576172 0.830078 0.580078 0.830078 0.582031 0.828125 0.583984 0.828125 0.585938 0.826172 0.587891 0.826172 0.591797 0.822266 0.595703 0.822266 0.605469 0.812500 0.605469 0.810547 0.607422 0.808594 0.607422 0.806641 0.609375 0.804688 0.609375 0.794922 0.605469 0.791016 0.597656 0.791016 0.591797 0.796875 0.591797 0.798828 0.589844 0.800781 0.587891 0.798828 0.585938 0.798828 0.580078 0.792969 0.578125 0.792969 0.576172 0.791016 0.576172 0.789062 0.570312 0.783203 0.568359 0.783203 0.566406 0.781250 0.566406 0.775391 0.562500 0.771484
0 0.816406 0.765625 0.814453 0.767578 0.812500 0.767578 0.808594 0.771484 0.806641 0.771484 0.802734 0.775391 0.802734 0.783203 0.806641 0.787109 0.816406 0.787109 0.820312 0.783203 0.824219 0.783203 0.828125 0.779297 0.828125 0.769531 0.824219 0.765625
0 0.076172 0.759766 0.074219 0.761719 0.072266 0.761719 0.068359 0.765625 0.068359 0.777344 0.072266 0.781250 0.074219 0.781250 0.078125 0.785156 0.089844 0.785156 0.091797 0.783203 0.093750 0.783203 0.097656 0.779297 0.097656 0.769531 0.095703 0.767578 0.095703 0.763672 0.091797 0.759766
0 0.328125 0.701172 0.316406 0.712891 0.304688 0.712891 0.294922 0.722656 0.294922 0.730469 0.298828 0.734375 0.306641 0.734375 0.312500 0.728516 0.318359 0.728516 0.322266 0.724609 0.330078 0.724609 0.332031 0.722656 0.333984 0.722656 0.341797 0.714844 0.341797 0.705078 0.337891 0.701172
0 0.091797 0.697266 0.089844 0.699219 0.087891 0.699219 0.080078 0.707031 0.076172 0.707031 0.072266 0.710938 0.072266 0.718750 0.076172 0.722656 0.085938 0.722656 0.087891 0.720703 0.089844 0.720703 0.091797 0.718750 0.093750 0.718750 0.099609 0.712891 0.103516 0.712891 0.107422 0.708984 0.107422 0.701172 0.103516 0.697266
0 0.597656 0.683594 0.593750 0.687500 0.593750 0.695312 0.597656 0.699219 0.605469 0.699219 0.609375 0.695312 0.609375 0.687500 0.605469 0.683594
0 0.664062 0.673828 0.662109 0.675781 0.660156 0.675781 0.658203 0.677734 0.654297 0.677734 0.648438 0.683594 0.648438 0.691406 0.652344 0.695312 0.660156 0.695312 0.662109 0.697266 0.660156 0.699219 0.660156 0.701172 0.656250 0.705078 0.656250 0.712891 0.660156 0.716797 0.669922 0.716797 0.675781 0.710938 0.675781 0.708984 0.677734 0.707031 0.685547 0.707031 0.689453 0.710938 0.701172 0.710938 0.705078 0.707031 0.705078 0.699219 0.699219 0.693359 0.699219 0.689453 0.695312 0.685547 0.687500 0.685547 0.685547 0.683594 0.685547 0.677734 0.681641 0.673828
0 0.419922 0.673828 0.416016 0.677734 0.416016 0.681641 0.414062 0.683594 0.400391 0.683594 0.396484 0.687500 0.396484 0.695312 0.400391 0.699219 0.423828 0.699219 0.431641 0.691406 0.431641 0.677734 0.427734 0.673828
0 0.361328 0.626953 0.357422 0.630859 0.357422 0.638672 0.361328 0.642578 0.369141 0.642578 0.371094 0.640625 0.375000 0.644531 0.382812 0.644531 0.386719 0.640625 0.386719 0.632812 0.382812 0.628906 0.375000 0.628906 0.373047 0.630859 0.369141 0.626953
0 0.410156 0.621094 0.406250 0.625000 0.406250 0.632812 0.410156 0.636719 0.417969 0.636719 0.421875 0.632812 0.421875 0.625000 0.417969 0.621094
0 0.083984 0.603516 0.080078 0.607422 0.080078 0.621094 0.083984 0.625000 0.083984 0.630859 0.087891 0.634766 0.091797 0.634766 0.095703 0.638672 0.109375 0.638672 0.115234 0.632812 0.115234 0.626953 0.119141 0.623047 0.119141 0.613281 0.115234 0.609375 0.107422 0.609375 0.101562 0.603516
0 0.365234 0.597656 0.361328 0.601562 0.361328 0.609375 0.365234 0.613281 0.373047 0.613281 0.376953 0.609375 0.376953 0.601562 0.373047 0.597656
0 0.416016 0.585938 0.412109 0.589844 0.412109 0.597656 0.416016 0.601562 0.423828 0.601562 0.427734 0.597656 0.427734 0.589844 0.423828 0.585938
0 0.513672 0.582031 0.509766 0.585938 0.509766 0.595703 0.515625 0.601562 0.509766 0.607422 0.509766 0.615234 0.513672 0.619141 0.523438 0.619141 0.525391 0.617188 0.529297 0.617188 0.531250 0.615234 0.535156 0.615234 0.537109 0.617188 0.537109 0.619141 0.541016 0.623047 0.546875 0.623047 0.550781 0.626953 0.558594 0.626953 0.560547 0.628906 0.560547 0.634766 0.564453 0.638672 0.572266 0.638672 0.576172 0.634766 0.576172 0.630859 0.578125 0.628906 0.582031 0.628906 0.591797 0.619141 0.591797 0.617188 0.593750 0.615234 0.597656 0.615234 0.599609 0.617188 0.599609 0.625000 0.603516 0.628906 0.611328 0.628906 0.615234 0.625000 0.615234 0.623047 0.617188 0.621094 0.621094 0.621094 0.625000 0.617188 0.625000 0.609375 0.621094 0.605469 0.613281 0.605469 0.609375 0.609375 0.609375 0.611328 0.607422 0.613281 0.603516 0.613281 0.601562 0.611328 0.601562 0.599609 0.595703 0.593750 0.593750 0.593750 0.591797 0.591797 0.568359 0.591797 0.566406 0.589844 0.560547 0.589844 0.558594 0.587891 0.558594 0.585938 0.554688 0.582031 0.546875 0.582031 0.542969 0.585938 0.542969 0.587891 0.539062 0.591797 0.537109 0.589844 0.537109 0.587891 0.533203 0.583984 0.523438 0.583984 0.521484 0.582031
0 0.826172 0.568359 0.822266 0.572266 0.822266 0.580078 0.826172 0.583984 0.833984 0.583984 0.837891 0.580078 0.837891 0.572266 0.833984 0.568359
0 0.826172 0.537109 0.822266 0.541016 0.822266 0.548828 0.826172 0.552734 0.833984 0.552734 0.837891 0.548828 0.837891 0.541016 0.833984 0.537109
0 0.505859 0.535156 0.501953 0.539062 0.501953 0.546875 0.505859 0.550781 0.513672 0.550781 0.517578 0.546875 0.517578 0.539062 0.513672 0.535156
0 0.162109 0.509766 0.160156 0.511719 0.158203 0.511719 0.154297 0.515625 0.154297 0.529297 0.156250 0.531250 0.156250 0.533203 0.160156 0.537109 0.177734 0.537109 0.181641 0.533203 0.181641 0.513672 0.177734 0.509766
0 0.027344 0.505859 0.023438 0.509766 0.023438 0.519531 0.021484 0.521484 0.021484 0.529297 0.025391 0.533203 0.031250 0.533203 0.035156 0.537109 0.050781 0.537109 0.060547 0.527344 0.060547 0.515625 0.054688 0.509766 0.052734 0.509766 0.048828 0.505859
0 0.580078 0.498047 0.576172 0.501953 0.576172 0.503906 0.574219 0.505859 0.570312 0.501953 0.562500 0.501953 0.558594 0.505859 0.558594 0.513672 0.562500 0.517578 0.560547 0.519531 0.556641 0.519531 0.552734 0.523438 0.552734 0.531250 0.556641 0.535156 0.564453 0.535156 0.566406 0.537109 0.566406 0.544922 0.570312 0.548828 0.578125 0.548828 0.582031 0.544922 0.582031 0.537109 0.578125 0.533203 0.570312 0.533203 0.568359 0.531250 0.568359 0.523438 0.564453 0.519531 0.566406 0.517578 0.570312 0.517578 0.574219 0.513672 0.574219 0.511719 0.576172 0.509766 0.580078 0.513672 0.587891 0.513672 0.591797 0.509766 0.591797 0.501953 0.587891 0.498047
0 0.677734 0.462891 0.673828 0.466797 0.667969 0.466797 0.666016 0.468750 0.660156 0.468750 0.658203 0.470703 0.652344 0.470703 0.648438 0.474609 0.648438 0.484375 0.654297 0.490234 0.652344 0.492188 0.640625 0.492188 0.638672 0.490234 0.638672 0.486328 0.634766 0.482422 0.626953 0.482422 0.623047 0.486328 0.623047 0.494141 0.626953 0.498047 0.628906 0.498047 0.630859 0.500000 0.628906 0.501953 0.628906 0.503906 0.623047 0.509766 0.623047 0.515625 0.621094 0.517578 0.621094 0.527344 0.623047 0.529297 0.621094 0.531250 0.615234 0.531250 0.611328 0.535156 0.611328 0.539062 0.609375 0.541016 0.609375 0.558594 0.617188 0.566406 0.619141 0.566406 0.621094 0.568359 0.623047 0.568359 0.628906 0.574219 0.630859 0.574219 0.632812 0.576172 0.636719 0.576172 0.638672 0.578125 0.644531 0.578125 0.648438 0.582031 0.644531 0.585938 0.644531 0.601562 0.648438 0.605469 0.650391 0.605469 0.656250 0.611328 0.660156 0.611328 0.664062 0.615234 0.671875 0.615234 0.675781 0.611328 0.679688 0.611328 0.681641 0.613281 0.673828 0.621094 0.673828 0.628906 0.677734 0.632812 0.685547 0.632812 0.693359 0.625000 0.695312 0.626953 0.695312 0.628906 0.693359 0.630859 0.693359 0.638672 0.695312 0.640625 0.695312 0.644531 0.693359 0.646484 0.693359 0.658203 0.697266 0.662109 0.707031 0.662109 0.710938 0.658203 0.712891 0.660156 0.712891 0.671875 0.716797 0.675781 0.726562 0.675781 0.728516 0.677734 0.728516 0.681641 0.732422 0.685547 0.740234 0.685547 0.744141 0.681641 0.746094 0.683594 0.746094 0.691406 0.750000 0.695312 0.759766 0.695312 0.765625 0.701172 0.765625 0.703125 0.759766 0.708984 0.757812 0.708984 0.751953 0.714844 0.751953 0.722656 0.755859 0.726562 0.763672 0.726562 0.765625 0.728516 0.765625 0.730469 0.771484 0.736328 0.773438 0.736328 0.775391 0.738281 0.785156 0.738281 0.789062 0.742188 0.798828 0.742188 0.802734 0.738281 0.802734 0.728516 0.800781 0.726562 0.800781 0.724609 0.796875 0.720703 0.787109 0.720703 0.785156 0.722656 0.783203 0.720703 0.781250 0.720703 0.779297 0.718750 0.781250 0.716797 0.785156 0.716797 0.791016 0.710938 0.792969 0.710938 0.796875 0.707031 0.796875 0.699219 0.794922 0.697266 0.796875 0.695312 0.798828 0.695312 0.802734 0.691406 0.802734 0.683594 0.796875 0.677734 0.791016 0.677734 0.789062 0.675781 0.787109 0.675781 0.785156 0.673828 0.777344 0.673828 0.775391 0.675781 0.761719 0.675781 0.757812 0.679688 0.750000 0.679688 0.746094 0.683594 0.744141 0.681641 0.744141 0.671875 0.750000 0.666016 0.750000 0.658203 0.746094 0.654297 0.753906 0.646484 0.753906 0.644531 0.759766 0.638672 0.759766 0.626953 0.753906 0.621094 0.751953 0.621094 0.750000 0.619141 0.748047 0.619141 0.746094 0.617188 0.746094 0.609375 0.742188 0.605469 0.732422 0.605469 0.726562 0.611328 0.724609 0.609375 0.724609 0.601562 0.722656 0.599609 0.722656 0.597656 0.724609 0.595703 0.724609 0.591797 0.726562 0.589844 0.726562 0.587891 0.730469 0.583984 0.730469 0.574219 0.726562 0.570312 0.724609 0.570312 0.722656 0.568359 0.722656 0.566406 0.724609 0.564453 0.724609 0.560547 0.726562 0.558594 0.726562 0.542969 0.724609 0.541016 0.724609 0.535156 0.720703 0.531250 0.718750 0.531250 0.716797 0.529297 0.716797 0.527344 0.712891 0.523438 0.712891 0.519531 0.708984 0.515625 0.705078 0.515625 0.703125 0.513672 0.705078 0.511719 0.707031 0.511719 0.714844 0.503906 0.714844 0.492188 0.707031 0.484375 0.707031 0.478516 0.703125 0.474609 0.693359 0.474609 0.691406 0.472656 0.691406 0.466797 0.687500 0.462891
0 0.640625 0.447266 0.630859 0.457031 0.630859 0.460938 0.628906 0.462891 0.628906 0.470703 0.632812 0.474609 0.642578 0.474609 0.646484 0.470703 0.646484 0.464844 0.652344 0.458984 0.652344 0.451172 0.648438 0.447266
0 0.478516 0.443359 0.476562 0.445312 0.472656 0.445312 0.468750 0.449219 0.468750 0.458984 0.472656 0.462891 0.480469 0.462891 0.482422 0.460938 0.484375 0.460938 0.486328 0.458984 0.490234 0.458984 0.494141 0.455078 0.494141 0.447266 0.490234 0.443359
0 0.757812 0.416016 0.751953 0.421875 0.750000 0.421875 0.748047 0.423828 0.742188 0.423828 0.736328 0.429688 0.736328 0.437500 0.740234 0.441406 0.748047 0.441406 0.750000 0.439453 0.755859 0.439453 0.757812 0.437500 0.761719 0.437500 0.769531 0.429688 0.769531 0.419922 0.765625 0.416016
0 0.000000 0.400391 0.000000 0.457031 0.001953 0.458984 0.001953 0.462891 0.005859 0.466797 0.021484 0.466797 0.025391 0.462891 0.025391 0.458984 0.031250 0.453125 0.031250 0.445312 0.033203 0.443359 0.033203 0.416016 0.029297 0.412109 0.015625 0.412109 0.013672 0.410156 0.013672 0.404297 0.009766 0.400391
0 0.031250 0.267578 0.025391 0.273438 0.025391 0.285156 0.029297 0.289062 0.039062 0.289062 0.042969 0.285156 0.042969 0.283203 0.044922 0.281250 0.044922 0.271484 0.041016 0.267578
0 0.052734 0.244141 0.044922 0.251953 0.044922 0.261719 0.050781 0.267578 0.066406 0.267578 0.070312 0.263672 0.070312 0.248047 0.066406 0.244141
0 0.410156 0.164062 0.406250 0.167969 0.406250 0.175781 0.410156 0.179688 0.417969 0.179688 0.421875 0.175781 0.421875 0.167969 0.417969 0.164062
0 0.431641 0.162109 0.427734 0.166016 0.427734 0.173828 0.431641 0.177734 0.449219 0.177734 0.453125 0.173828 0.453125 0.166016 0.449219 0.162109
0 0.089844 0.152344 0.085938 0.156250 0.085938 0.166016 0.083984 0.167969 0.083984 0.175781 0.087891 0.179688 0.107422 0.179688 0.109375 0.181641 0.125000 0.181641 0.128906 0.177734 0.128906 0.166016 0.125000 0.162109 0.107422 0.162109 0.097656 0.152344
0 0.298828 0.109375 0.294922 0.113281 0.294922 0.128906 0.296875 0.130859 0.296875 0.132812 0.300781 0.136719 0.300781 0.138672 0.310547 0.148438 0.316406 0.148438 0.318359 0.150391 0.326172 0.150391 0.330078 0.146484 0.330078 0.144531 0.332031 0.142578 0.333984 0.144531 0.335938 0.144531 0.337891 0.146484 0.333984 0.150391 0.333984 0.158203 0.337891 0.162109 0.345703 0.162109 0.349609 0.158203 0.351562 0.158203 0.355469 0.162109 0.363281 0.162109 0.365234 0.164062 0.363281 0.166016 0.363281 0.167969 0.357422 0.173828 0.351562 0.167969 0.343750 0.167969 0.337891 0.173828 0.335938 0.173828 0.332031 0.177734 0.332031 0.185547 0.335938 0.189453 0.343750 0.189453 0.347656 0.185547 0.351562 0.189453 0.367188 0.189453 0.369141 0.191406 0.371094 0.191406 0.373047 0.193359 0.373047 0.195312 0.376953 0.199219 0.386719 0.199219 0.392578 0.193359 0.392578 0.191406 0.394531 0.189453 0.394531 0.179688 0.390625 0.175781 0.382812 0.175781 0.380859 0.177734 0.378906 0.175781 0.378906 0.169922 0.380859 0.167969 0.388672 0.167969 0.392578 0.164062 0.392578 0.160156 0.394531 0.158203 0.396484 0.160156 0.404297 0.160156 0.408203 0.156250 0.408203 0.148438 0.404297 0.144531 0.396484 0.144531 0.392578 0.148438 0.392578 0.152344 0.390625 0.154297 0.388672 0.152344 0.375000 0.152344 0.373047 0.150391 0.375000 0.148438 0.375000 0.140625 0.371094 0.136719 0.363281 0.136719 0.359375 0.140625 0.359375 0.144531 0.357422 0.146484 0.355469 0.146484 0.351562 0.150391 0.349609 0.150391 0.345703 0.146484 0.343750 0.146484 0.341797 0.144531 0.345703 0.140625 0.345703 0.132812 0.341797 0.128906 0.333984 0.128906 0.330078 0.132812 0.330078 0.134766 0.328125 0.136719 0.316406 0.125000 0.314453 0.125000 0.310547 0.121094 0.310547 0.113281 0.306641 0.109375
0 0.099609 0.042969 0.097656 0.044922 0.095703 0.044922 0.091797 0.048828 0.087891 0.048828 0.083984 0.052734 0.083984 0.060547 0.087891 0.064453 0.101562 0.064453 0.105469 0.060547 0.107422 0.060547 0.111328 0.056641 0.111328 0.046875 0.107422 0.042969
0 0.166016 0.000000 0.166016 0.003906 0.167969 0.005859 0.167969 0.007812 0.169922 0.009766 0.169922 0.011719 0.171875 0.013672 0.171875 0.015625 0.183594 0.027344 0.185547 0.027344 0.189453 0.031250 0.191406 0.031250 0.193359 0.033203 0.195312 0.033203 0.197266 0.035156 0.199219 0.035156 0.205078 0.041016 0.207031 0.041016 0.208984 0.042969 0.210938 0.042969 0.212891 0.044922 0.216797 0.044922 0.218750 0.046875 0.220703 0.046875 0.224609 0.050781 0.224609 0.052734 0.222656 0.054688 0.222656 0.058594 0.220703 0.060547 0.218750 0.060547 0.216797 0.062500 0.193359 0.062500 0.191406 0.064453 0.189453 0.064453 0.187500 0.066406 0.185547 0.066406 0.183594 0.068359 0.183594 0.070312 0.181641 0.072266 0.181641 0.074219 0.179688 0.076172 0.179688 0.115234 0.177734 0.117188 0.175781 0.115234 0.164062 0.115234 0.162109 0.117188 0.160156 0.117188 0.158203 0.119141 0.156250 0.119141 0.154297 0.121094 0.150391 0.121094 0.144531 0.126953 0.144531 0.132812 0.142578 0.134766 0.142578 0.142578 0.146484 0.146484 0.154297 0.146484 0.160156 0.140625 0.160156 0.138672 0.164062 0.134766 0.166016 0.134766 0.167969 0.136719 0.175781 0.136719 0.179688 0.132812 0.179688 0.125000 0.181641 0.123047 0.183594 0.125000 0.183594 0.126953 0.185547 0.128906 0.185547 0.134766 0.187500 0.136719 0.187500 0.138672 0.189453 0.140625 0.189453 0.142578 0.191406 0.144531 0.193359 0.144531 0.195312 0.146484 0.197266 0.146484 0.199219 0.148438 0.218750 0.148438 0.220703 0.146484 0.222656 0.146484 0.224609 0.144531 0.226562 0.144531 0.228516 0.142578 0.230469 0.142578 0.234375 0.138672 0.234375 0.136719 0.236328 0.134766 0.236328 0.132812 0.238281 0.130859 0.238281 0.125000 0.251953 0.111328 0.253906 0.111328 0.255859 0.109375 0.255859 0.107422 0.257812 0.105469 0.257812 0.103516 0.259766 0.101562 0.259766 0.099609 0.261719 0.097656 0.261719 0.095703 0.265625 0.091797 0.265625 0.089844 0.267578 0.087891 0.267578 0.085938 0.269531 0.083984 0.269531 0.082031 0.273438 0.078125 0.275391 0.080078 0.277344 0.080078 0.279297 0.082031 0.281250 0.082031 0.283203 0.083984 0.285156 0.083984 0.287109 0.085938 0.289062 0.085938 0.291016 0.087891 0.292969 0.087891 0.294922 0.089844 0.306641 0.089844 0.308594 0.087891 0.310547 0.087891 0.312500 0.085938 0.314453 0.085938 0.316406 0.087891 0.316406 0.097656 0.318359 0.099609 0.318359 0.101562 0.320312 0.103516 0.320312 0.105469 0.324219 0.109375 0.326172 0.109375 0.328125 0.111328 0.330078 0.111328 0.332031 0.113281 0.333984 0.113281 0.335938 0.115234 0.343750 0.115234 0.345703 0.117188 0.357422 0.117188 0.361328 0.121094 0.363281 0.121094 0.365234 0.123047 0.367188 0.123047 0.369141 0.125000 0.384766 0.125000 0.386719 0.126953 0.388672 0.126953 0.390625 0.128906 0.392578 0.128906 0.394531 0.130859 0.396484 0.130859 0.398438 0.132812 0.400391 0.132812 0.402344 0.134766 0.404297 0.134766 0.406250 0.136719 0.408203 0.136719 0.410156 0.138672 0.416016 0.138672 0.417969 0.140625 0.419922 0.140625 0.421875 0.142578 0.423828 0.142578 0.425781 0.144531 0.429688 0.144531 0.431641 0.146484 0.447266 0.146484 0.449219 0.148438 0.451172 0.148438 0.453125 0.150391 0.455078 0.150391 0.457031 0.152344 0.464844 0.152344 0.466797 0.154297 0.462891 0.158203 0.462891 0.175781 0.464844 0.177734 0.464844 0.179688 0.460938 0.183594 0.460938 0.187500 0.458984 0.189453 0.458984 0.197266 0.457031 0.199219 0.457031 0.201172 0.455078 0.203125 0.435547 0.203125 0.433594 0.201172 0.433594 0.195312 0.429688 0.191406 0.419922 0.191406 0.416016 0.195312 0.416016 0.203125 0.421875 0.208984 0.423828 0.208984 0.425781 0.210938 0.425781 0.214844 0.429688 0.218750 0.445312 0.218750 0.447266 0.220703 0.447266 0.224609 0.451172 0.228516 0.457031 0.228516 0.460938 0.232422 0.466797 0.232422 0.468750 0.234375 0.468750 0.238281 0.472656 0.242188 0.484375 0.242188 0.488281 0.246094 0.503906 0.246094 0.507812 0.242188 0.507812 0.238281 0.511719 0.234375 0.511719 0.228516 0.515625 0.224609 0.517578 0.224609 0.523438 0.218750 0.535156 0.218750 0.537109 0.216797 0.541016 0.216797 0.544922 0.212891 0.544922 0.205078 0.546875 0.203125 0.548828 0.203125 0.550781 0.205078 0.550781 0.214844 0.546875 0.218750 0.546875 0.226562 0.550781 0.230469 0.560547 0.230469 0.562500 0.228516 0.564453 0.228516 0.568359 0.224609 0.568359 0.214844 0.570312 0.212891 0.582031 0.212891 0.585938 0.208984 0.591797 0.208984 0.599609 0.201172 0.599609 0.199219 0.601562 0.197266 0.603516 0.199219 0.605469 0.199219 0.607422 0.201172 0.615234 0.201172 0.617188 0.203125 0.626953 0.203125 0.628906 0.205078 0.630859 0.205078 0.632812 0.207031 0.630859 0.208984 0.628906 0.208984 0.626953 0.210938 0.621094 0.210938 0.613281 0.218750 0.613281 0.220703 0.609375 0.224609 0.609375 0.232422 0.613281 0.236328 0.617188 0.236328 0.619141 0.238281 0.625000 0.238281 0.626953 0.240234 0.626953 0.242188 0.625000 0.244141 0.625000 0.255859 0.626953 0.257812 0.626953 0.259766 0.628906 0.261719 0.623047 0.267578 0.623047 0.269531 0.621094 0.271484 0.619141 0.271484 0.615234 0.275391 0.613281 0.275391 0.607422 0.281250 0.607422 0.289062 0.611328 0.292969 0.619141 0.292969 0.621094 0.291016 0.623047 0.291016 0.625000 0.292969 0.621094 0.296875 0.619141 0.296875 0.615234 0.300781 0.615234 0.310547 0.619141 0.314453 0.626953 0.314453 0.632812 0.308594 0.634766 0.308594 0.636719 0.306641 0.640625 0.306641 0.642578 0.308594 0.650391 0.308594 0.654297 0.304688 0.656250 0.306641 0.656250 0.314453 0.652344 0.318359 0.652344 0.320312 0.650391 0.322266 0.650391 0.324219 0.648438 0.326172 0.648438 0.339844 0.646484 0.341797 0.644531 0.341797 0.640625 0.337891 0.630859 0.337891 0.626953 0.341797 0.626953 0.349609 0.630859 0.353516 0.632812 0.353516 0.634766 0.355469 0.636719 0.355469 0.638672 0.357422 0.636719 0.359375 0.636719 0.369141 0.640625 0.373047 0.648438 0.373047 0.654297 0.367188 0.654297 0.363281 0.656250 0.361328 0.658203 0.361328 0.662109 0.357422 0.662109 0.355469 0.664062 0.353516 0.687500 0.353516 0.689453 0.355469 0.689453 0.365234 0.691406 0.367188 0.691406 0.369141 0.693359 0.371094 0.693359 0.373047 0.697266 0.376953 0.695312 0.378906 0.691406 0.378906 0.687500 0.382812 0.685547 0.380859 0.667969 0.380859 0.664062 0.376953 0.656250 0.376953 0.650391 0.382812 0.644531 0.382812 0.640625 0.378906 0.632812 0.378906 0.628906 0.382812 0.628906 0.384766 0.626953 0.386719 0.626953 0.390625 0.625000 0.392578 0.625000 0.394531 0.621094 0.398438 0.617188 0.398438 0.615234 0.396484 0.615234 0.394531 0.611328 0.390625 0.595703 0.390625 0.589844 0.396484 0.589844 0.398438 0.585938 0.402344 0.585938 0.404297 0.583984 0.406250 0.583984 0.416016 0.587891 0.419922 0.595703 0.419922 0.599609 0.416016 0.599609 0.414062 0.603516 0.410156 0.607422 0.414062 0.607422 0.416016 0.605469 0.417969 0.603516 0.417969 0.595703 0.425781 0.589844 0.425781 0.587891 0.427734 0.582031 0.427734 0.580078 0.429688 0.578125 0.429688 0.568359 0.439453 0.568359 0.447266 0.572266 0.451172 0.574219 0.451172 0.578125 0.455078 0.582031 0.455078 0.583984 0.457031 0.583984 0.458984 0.587891 0.462891 0.595703 0.462891 0.597656 0.460938 0.599609 0.460938 0.601562 0.462891 0.609375 0.462891 0.613281 0.458984 0.613281 0.451172 0.609375 0.447266 0.611328 0.445312 0.613281 0.445312 0.617188 0.441406 0.617188 0.439453 0.619141 0.437500 0.621094 0.437500 0.623047 0.435547 0.626953 0.439453 0.632812 0.439453 0.634766 0.441406 0.654297 0.441406 0.658203 0.437500 0.664062 0.437500 0.666016 0.435547 0.671875 0.435547 0.673828 0.433594 0.687500 0.433594 0.691406 0.429688 0.691406 0.417969 0.693359 0.416016 0.699219 0.416016 0.703125 0.412109 0.703125 0.406250 0.707031 0.402344 0.707031 0.394531 0.703125 0.390625 0.703125 0.382812 0.701172 0.380859 0.703125 0.378906 0.712891 0.378906 0.716797 0.382812 0.730469 0.382812 0.736328 0.376953 0.736328 0.361328 0.740234 0.357422 0.742188 0.357422 0.744141 0.359375 0.742188 0.361328 0.742188 0.384766 0.744141 0.386719 0.744141 0.388672 0.742188 0.390625 0.742188 0.398438 0.746094 0.402344 0.753906 0.402344 0.755859 0.400391 0.757812 0.402344 0.757812 0.408203 0.761719 0.412109 0.773438 0.412109 0.775391 0.414062 0.787109 0.414062 0.789062 0.416016 0.789062 0.429688 0.791016 0.431641 0.791016 0.433594 0.787109 0.437500 0.787109 0.445312 0.789062 0.447266 0.789062 0.449219 0.785156 0.453125 0.785156 0.460938 0.789062 0.464844 0.796875 0.464844 0.798828 0.466797 0.798828 0.488281 0.802734 0.492188 0.814453 0.492188 0.816406 0.490234 0.818359 0.490234 0.822266 0.486328 0.824219 0.486328 0.828125 0.490234 0.835938 0.490234 0.839844 0.486328 0.843750 0.490234 0.843750 0.494141 0.847656 0.498047 0.849609 0.498047 0.855469 0.503906 0.871094 0.503906 0.878906 0.496094 0.878906 0.494141 0.880859 0.492188 0.882812 0.494141 0.894531 0.494141 0.896484 0.492188 0.898438 0.494141 0.898438 0.496094 0.896484 0.498047 0.896484 0.500000 0.894531 0.501953 0.894531 0.517578 0.892578 0.519531 0.884766 0.519531 0.882812 0.521484 0.880859 0.521484 0.878906 0.523438 0.876953 0.523438 0.875000 0.525391 0.875000 0.527344 0.873047 0.529297 0.873047 0.531250 0.871094 0.533203 0.871094 0.544922 0.873047 0.546875 0.873047 0.548828 0.875000 0.550781 0.875000 0.552734 0.880859 0.558594 0.882812 0.558594 0.886719 0.562500 0.878906 0.570312 0.876953 0.570312 0.871094 0.576172 0.869141 0.576172 0.867188 0.578125 0.867188 0.580078 0.863281 0.583984 0.863281 0.585938 0.861328 0.587891 0.861328 0.589844 0.859375 0.591797 0.859375 0.603516 0.861328 0.605469 0.861328 0.607422 0.863281 0.609375 0.863281 0.611328 0.865234 0.613281 0.867188 0.613281 0.869141 0.615234 0.867188 0.617188 0.865234 0.617188 0.859375 0.623047 0.857422 0.623047 0.853516 0.626953 0.853516 0.638672 0.859375 0.644531 0.855469 0.648438 0.855469 0.656250 0.853516 0.658203 0.853516 0.660156 0.851562 0.662109 0.851562 0.667969 0.845703 0.673828 0.845703 0.681641 0.849609 0.685547 0.853516 0.685547 0.855469 0.687500 0.863281 0.687500 0.865234 0.689453 0.865234 0.691406 0.861328 0.695312 0.857422 0.691406 0.845703 0.691406 0.841797 0.695312 0.841797 0.705078 0.845703 0.708984 0.849609 0.708984 0.851562 0.710938 0.849609 0.712891 0.849609 0.714844 0.847656 0.716797 0.847656 0.734375 0.849609 0.736328 0.849609 0.738281 0.851562 0.740234 0.851562 0.742188 0.853516 0.744141 0.853516 0.746094 0.851562 0.748047 0.851562 0.759766 0.853516 0.761719 0.853516 0.763672 0.855469 0.765625 0.855469 0.767578 0.845703 0.777344 0.843750 0.775391 0.835938 0.775391 0.832031 0.779297 0.832031 0.787109 0.828125 0.791016 0.824219 0.791016 0.818359 0.796875 0.818359 0.804688 0.822266 0.808594 0.832031 0.808594 0.833984 0.806641 0.835938 0.806641 0.837891 0.804688 0.839844 0.804688 0.841797 0.802734 0.843750 0.802734 0.847656 0.798828 0.847656 0.789062 0.849609 0.787109 0.855469 0.792969 0.851562 0.796875 0.851562 0.804688 0.855469 0.808594 0.867188 0.808594 0.869141 0.810547 0.869141 0.812500 0.867188 0.814453 0.867188 0.822266 0.871094 0.826172 0.878906 0.826172 0.882812 0.822266 0.882812 0.818359 0.884766 0.816406 0.884766 0.808594 0.880859 0.804688 0.875000 0.804688 0.873047 0.802734 0.873047 0.789062 0.875000 0.787109 0.906250 0.787109 0.908203 0.789062 0.908203 0.796875 0.916016 0.804688 0.923828 0.804688 0.927734 0.808594 0.935547 0.808594 0.939453 0.804688 0.939453 0.792969 0.935547 0.789062 0.925781 0.789062 0.923828 0.787109 0.925781 0.785156 0.931641 0.785156 0.933594 0.783203 0.935547 0.783203 0.937500 0.781250 0.939453 0.781250 0.941406 0.779297 0.953125 0.779297 0.955078 0.777344 0.957031 0.777344 0.958984 0.775391 0.960938 0.775391 0.962891 0.773438 0.964844 0.773438 0.968750 0.777344 0.968750 0.779297 0.972656 0.783203 0.974609 0.783203 0.976562 0.785156 0.978516 0.785156 0.980469 0.787109 0.992188 0.787109 0.994141 0.785156 0.996094 0.785156 0.998047 0.783203 0.998047 0.546875 0.996094 0.544922 0.982422 0.544922 0.980469 0.542969 0.964844 0.542969 0.958984 0.537109 0.958984 0.535156 0.960938 0.533203 0.962891 0.533203 0.964844 0.531250 0.964844 0.529297 0.966797 0.527344 0.966797 0.525391 0.972656 0.519531 0.974609 0.519531 0.976562 0.517578 0.978516 0.517578 0.980469 0.515625 0.980469 0.513672 0.982422 0.511719 0.982422 0.509766 0.984375 0.507812 0.984375 0.500000 0.986328 0.498047 0.986328 0.494141 0.998047 0.482422 0.998047 0.416016 0.990234 0.416016 0.988281 0.417969 0.986328 0.417969 0.984375 0.419922 0.982422 0.419922 0.980469 0.421875 0.980469 0.423828 0.978516 0.425781 0.978516 0.427734 0.976562 0.429688 0.976562 0.437500 0.974609 0.439453 0.974609 0.443359 0.972656 0.445312 0.972656 0.449219 0.958984 0.462891 0.957031 0.462891 0.955078 0.464844 0.955078 0.466797 0.953125 0.468750 0.953125 0.470703 0.951172 0.472656 0.951172 0.474609 0.949219 0.476562 0.949219 0.478516 0.947266 0.480469 0.947266 0.484375 0.945312 0.486328 0.945312 0.496094 0.943359 0.498047 0.941406 0.498047 0.939453 0.496094 0.935547 0.496094 0.933594 0.494141 0.931641 0.494141 0.929688 0.492188 0.927734 0.492188 0.925781 0.490234 0.923828 0.490234 0.921875 0.488281 0.908203 0.488281 0.906250 0.486328 0.910156 0.482422 0.912109 0.482422 0.914062 0.480469 0.916016 0.480469 0.917969 0.478516 0.919922 0.478516 0.929688 0.468750 0.929688 0.466797 0.931641 0.464844 0.931641 0.462891 0.933594 0.460938 0.933594 0.449219 0.931641 0.447266 0.931641 0.445312 0.929688 0.443359 0.929688 0.441406 0.927734 0.439453 0.925781 0.439453 0.923828 0.437500 0.929688 0.431641 0.929688 0.429688 0.931641 0.427734 0.933594 0.427734 0.935547 0.425781 0.937500 0.425781 0.939453 0.423828 0.939453 0.421875 0.943359 0.417969 0.951172 0.417969 0.953125 0.416016 0.955078 0.416016 0.957031 0.414062 0.958984 0.414062 0.960938 0.412109 0.960938 0.410156 0.962891 0.408203 0.962891 0.406250 0.968750 0.400391 0.970703 0.400391 0.972656 0.398438 0.988281 0.398438 0.990234 0.396484 0.992188 0.396484 0.994141 0.394531 0.996094 0.394531 0.998047 0.392578 0.998047 0.314453 0.996094 0.314453 0.994141 0.312500 0.970703 0.312500 0.968750 0.310547 0.966797 0.310547 0.964844 0.308594 0.962891 0.308594 0.960938 0.306641 0.960938 0.304688 0.962891 0.302734 0.962891 0.300781 0.964844 0.298828 0.964844 0.294922 0.966797 0.292969 0.968750 0.294922 0.998047 0.294922 0.998047 0.220703 0.988281 0.220703 0.986328 0.218750 0.980469 0.218750 0.978516 0.216797 0.962891 0.216797 0.960938 0.214844 0.953125 0.214844 0.951172 0.212891 0.949219 0.212891 0.947266 0.210938 0.945312 0.210938 0.943359 0.208984 0.916016 0.208984 0.914062 0.207031 0.900391 0.207031 0.898438 0.205078 0.896484 0.205078 0.894531 0.203125 0.880859 0.203125 0.878906 0.201172 0.876953 0.201172 0.875000 0.199219 0.873047 0.199219 0.871094 0.197266 0.869141 0.197266 0.867188 0.195312 0.865234 0.195312 0.863281 0.193359 0.859375 0.193359 0.857422 0.191406 0.855469 0.191406 0.853516 0.189453 0.845703 0.189453 0.843750 0.187500 0.841797 0.187500 0.839844 0.185547 0.837891 0.185547 0.835938 0.183594 0.830078 0.183594 0.828125 0.181641 0.818359 0.181641 0.816406 0.179688 0.810547 0.179688 0.808594 0.177734 0.806641 0.177734 0.804688 0.175781 0.794922 0.175781 0.792969 0.173828 0.791016 0.173828 0.789062 0.171875 0.787109 0.171875 0.785156 0.169922 0.783203 0.169922 0.781250 0.167969 0.773438 0.167969 0.771484 0.166016 0.769531 0.166016 0.767578 0.164062 0.759766 0.164062 0.757812 0.162109 0.750000 0.162109 0.748047 0.160156 0.740234 0.160156 0.738281 0.158203 0.736328 0.158203 0.734375 0.156250 0.730469 0.156250 0.728516 0.154297 0.722656 0.154297 0.720703 0.152344 0.716797 0.152344 0.714844 0.150391 0.707031 0.150391 0.705078 0.148438 0.699219 0.148438 0.697266 0.146484 0.695312 0.146484 0.693359 0.144531 0.691406 0.144531 0.689453 0.142578 0.681641 0.142578 0.679688 0.140625 0.667969 0.140625 0.666016 0.138672 0.662109 0.138672 0.660156 0.136719 0.648438 0.136719 0.646484 0.134766 0.630859 0.134766 0.628906 0.132812 0.626953 0.132812 0.625000 0.130859 0.623047 0.130859 0.621094 0.128906 0.615234 0.128906 0.613281 0.126953 0.611328 0.126953 0.609375 0.125000 0.605469 0.125000 0.603516 0.123047 0.601562 0.123047 0.599609 0.121094 0.593750 0.121094 0.591797 0.119141 0.589844 0.119141 0.587891 0.117188 0.585938 0.117188 0.583984 0.115234 0.580078 0.115234 0.578125 0.113281 0.576172 0.113281 0.574219 0.111328 0.570312 0.111328 0.568359 0.109375 0.564453 0.109375 0.562500 0.107422 0.548828 0.107422 0.546875 0.105469 0.542969 0.105469 0.541016 0.103516 0.537109 0.103516 0.535156 0.101562 0.533203 0.101562 0.531250 0.099609 0.529297 0.099609 0.527344 0.097656 0.529297 0.095703 0.531250 0.095703 0.533203 0.093750 0.533203 0.091797 0.535156 0.089844 0.535156 0.087891 0.537109 0.085938 0.541016 0.085938 0.542969 0.087891 0.544922 0.087891 0.546875 0.089844 0.562500 0.089844 0.564453 0.087891 0.566406 0.087891 0.568359 0.085938 0.574219 0.085938 0.576172 0.083984 0.587891 0.083984 0.589844 0.082031 0.591797 0.082031 0.593750 0.080078 0.595703 0.080078 0.599609 0.076172 0.605469 0.076172 0.609375 0.080078 0.609375 0.082031 0.611328 0.083984 0.613281 0.083984 0.615234 0.085938 0.617188 0.085938 0.619141 0.087891 0.634766 0.087891 0.638672 0.091797 0.640625 0.091797 0.642578 0.093750 0.644531 0.093750 0.646484 0.095703 0.650391 0.095703 0.652344 0.097656 0.658203 0.097656 0.660156 0.099609 0.664062 0.099609 0.666016 0.101562 0.667969 0.101562 0.669922 0.103516 0.671875 0.103516 0.673828 0.105469 0.675781 0.105469 0.677734 0.107422 0.679688 0.107422 0.681641 0.109375 0.697266 0.109375 0.699219 0.111328 0.699219 0.115234 0.701172 0.117188 0.701172 0.119141 0.703125 0.121094 0.703125 0.123047 0.705078 0.125000 0.707031 0.125000 0.708984 0.126953 0.710938 0.126953 0.714844 0.130859 0.716797 0.130859 0.718750 0.132812 0.720703 0.132812 0.722656 0.134766 0.728516 0.134766 0.730469 0.136719 0.736328 0.136719 0.738281 0.138672 0.759766 0.138672 0.761719 0.140625 0.763672 0.140625 0.765625 0.142578 0.794922 0.142578 0.796875 0.144531 0.804688 0.144531 0.806641 0.146484 0.826172 0.146484 0.828125 0.148438 0.835938 0.148438 0.837891 0.150391 0.851562 0.150391 0.853516 0.152344 0.855469 0.152344 0.857422 0.154297 0.861328 0.154297 0.863281 0.156250 0.867188 0.156250 0.869141 0.158203 0.917969 0.158203 0.919922 0.156250 0.925781 0.156250 0.927734 0.158203 0.941406 0.158203 0.943359 0.156250 0.945312 0.156250 0.947266 0.154297 0.974609 0.154297 0.976562 0.152344 0.978516 0.152344 0.980469 0.150391 0.982422 0.150391 0.986328 0.146484 0.994141 0.146484 0.996094 0.144531 0.998047 0.144531 0.998047 0.000000 0.933594 0.000000 0.931641 0.001953 0.929688 0.000000 0.912109 0.000000 0.912109 0.005859 0.910156 0.007812 0.910156 0.011719 0.908203 0.013672 0.906250 0.013672 0.904297 0.015625 0.902344 0.015625 0.900391 0.017578 0.898438 0.017578 0.894531 0.013672 0.896484 0.011719 0.900391 0.011719 0.904297 0.007812 0.904297 0.000000 0.888672 0.000000 0.888672 0.007812 0.892578 0.011719 0.890625 0.013672 0.882812 0.013672 0.880859 0.015625 0.875000 0.015625 0.873047 0.017578 0.871094 0.017578 0.869141 0.019531 0.861328 0.019531 0.859375 0.021484 0.843750 0.021484 0.841797 0.019531 0.839844 0.019531 0.833984 0.013672 0.818359 0.013672 0.814453 0.009766 0.816406 0.007812 0.816406 0.000000 0.789062 0.000000 0.789062 0.007812 0.796875 0.015625 0.796875 0.021484 0.794922 0.023438 0.771484 0.023438 0.769531 0.021484 0.763672 0.021484 0.761719 0.019531 0.761719 0.017578 0.755859 0.011719 0.755859 0.009766 0.753906 0.007812 0.751953 0.007812 0.750000 0.005859 0.748047 0.005859 0.746094 0.003906 0.726562 0.003906 0.724609 0.005859 0.722656 0.005859 0.720703 0.007812 0.718750 0.007812 0.716797 0.009766 0.708984 0.009766 0.707031 0.011719 0.705078 0.011719 0.703125 0.013672 0.701172 0.013672 0.697266 0.017578 0.695312 0.015625 0.695312 0.013672 0.691406 0.009766 0.689453 0.009766 0.687500 0.007812 0.685547 0.007812 0.683594 0.005859 0.681641 0.005859 0.679688 0.003906 0.660156 0.003906 0.658203 0.001953 0.646484 0.001953 0.644531 0.000000 0.611328 0.000000 0.609375 0.001953 0.607422 0.001953 0.605469 0.003906 0.605469 0.005859 0.603516 0.007812 0.603516 0.009766 0.601562 0.011719 0.601562 0.025391 0.603516 0.027344 0.603516 0.029297 0.605469 0.031250 0.605469 0.033203 0.603516 0.035156 0.597656 0.035156 0.595703 0.037109 0.585938 0.037109 0.583984 0.039062 0.582031 0.039062 0.580078 0.041016 0.578125 0.041016 0.576172 0.042969 0.572266 0.039062 0.570312 0.039062 0.568359 0.037109 0.566406 0.037109 0.564453 0.035156 0.550781 0.035156 0.548828 0.037109 0.546875 0.037109 0.544922 0.035156 0.544922 0.033203 0.542969 0.031250 0.542969 0.029297 0.541016 0.027344 0.541016 0.025391 0.539062 0.023438 0.539062 0.021484 0.535156 0.017578 0.533203 0.017578 0.531250 0.015625 0.529297 0.015625 0.527344 0.013672 0.525391 0.013672 0.523438 0.011719 0.519531 0.011719 0.517578 0.009766 0.478516 0.009766 0.476562 0.011719 0.466797 0.011719 0.464844 0.013672 0.462891 0.013672 0.460938 0.015625 0.458984 0.015625 0.449219 0.025391 0.447266 0.025391 0.445312 0.027344 0.445312 0.029297 0.443359 0.031250 0.443359 0.033203 0.441406 0.035156 0.441406 0.042969 0.437500 0.046875 0.437500 0.048828 0.435547 0.050781 0.435547 0.052734 0.433594 0.054688 0.433594 0.062500 0.431641 0.064453 0.429688 0.064453 0.427734 0.062500 0.427734 0.060547 0.425781 0.058594 0.425781 0.056641 0.421875 0.052734 0.419922 0.052734 0.417969 0.050781 0.416016 0.050781 0.414062 0.048828 0.402344 0.048828 0.400391 0.050781 0.398438 0.050781 0.396484 0.052734 0.390625 0.052734 0.388672 0.050781 0.382812 0.050781 0.380859 0.048828 0.378906 0.048828 0.376953 0.046875 0.375000 0.046875 0.373047 0.044922 0.365234 0.044922 0.363281 0.042969 0.361328 0.042969 0.359375 0.041016 0.357422 0.041016 0.355469 0.039062 0.349609 0.039062 0.347656 0.037109 0.343750 0.037109 0.341797 0.035156 0.339844 0.035156 0.337891 0.033203 0.335938 0.033203 0.333984 0.031250 0.330078 0.031250 0.326172 0.027344 0.324219 0.027344 0.322266 0.025391 0.320312 0.025391 0.318359 0.023438 0.310547 0.023438 0.308594 0.021484 0.306641 0.021484 0.294922 0.009766 0.292969 0.009766 0.289062 0.005859 0.289062 0.003906 0.285156 0.000000
0 0.072266 0.000000 0.072266 0.001953 0.074219 0.003906 0.074219 0.005859 0.083984 0.015625 0.095703 0.015625 0.099609 0.011719 0.099609 0.000000
0 0.000000 0.000000 0.000000 0.017578 0.003906 0.021484 0.009766 0.021484 0.013672 0.025391 0.015625 0.025391 0.017578 0.027344 0.019531 0.027344 0.021484 0.029297 0.019531 0.031250 0.019531 0.033203 0.017578 0.035156 0.015625 0.035156 0.011719 0.031250 0.000000 0.031250 0.000000 0.048828 0.001953 0.048828 0.003906 0.046875 0.009766 0.046875 0.015625 0.052734 0.015625 0.054688 0.013672 0.056641 0.013672 0.064453 0.017578 0.068359 0.025391 0.068359 0.027344 0.066406 0.029297 0.066406 0.033203 0.062500 0.033203 0.060547 0.035156 0.058594 0.035156 0.048828 0.033203 0.046875 0.033203 0.042969 0.035156 0.041016 0.035156 0.039062 0.037109 0.037109 0.037109 0.031250 0.039062 0.029297 0.039062 0.025391 0.041016 0.023438 0.041016 0.015625 0.044922 0.011719 0.044922 0.000000 0.029297 0.000000 0.029297 0.001953 0.027344 0.003906 0.027344 0.005859 0.023438 0.009766 0.021484 0.009766 0.019531 0.007812 0.019531 0.000000