0 0.296875 0.980469 0.292969 0.984375 0.292969 0.992188 0.296875 0.996094 0.304688 0.996094 0.308594 0.992188 0.308594 0.984375 0.304688 0.980469
0 0.787109 0.972656 0.783203 0.976562 0.783203 0.978516 0.779297 0.982422 0.779297 0.996094 0.781250 0.998047 0.832031 0.998047 0.832031 0.990234 0.830078 0.988281 0.830078 0.986328 0.826172 0.982422 0.824219 0.982422 0.822266 0.980469 0.820312 0.980469 0.818359 0.978516 0.816406 0.978516 0.814453 0.976562 0.810547 0.976562 0.808594 0.974609 0.798828 0.974609 0.796875 0.972656
0 0.339844 0.968750 0.333984 0.974609 0.332031 0.972656 0.324219 0.972656 0.320312 0.976562 0.320312 0.984375 0.322266 0.986328 0.316406 0.992188 0.316406 0.998047 0.343750 0.998047 0.343750 0.994141 0.339844 0.990234 0.333984 0.990234 0.332031 0.988281 0.337891 0.982422 0.339844 0.984375 0.347656 0.984375 0.351562 0.980469 0.351562 0.972656 0.347656 0.968750
0 0.583984 0.941406 0.580078 0.945312 0.580078 0.951172 0.576172 0.955078 0.576172 0.968750 0.578125 0.970703 0.578125 0.972656 0.582031 0.976562 0.585938 0.976562 0.589844 0.980469 0.597656 0.980469 0.601562 0.976562 0.601562 0.968750 0.597656 0.964844 0.593750 0.964844 0.591797 0.962891 0.591797 0.957031 0.595703 0.953125 0.595703 0.945312 0.591797 0.941406
0 0.318359 0.941406 0.314453 0.945312 0.314453 0.953125 0.318359 0.957031 0.326172 0.957031 0.330078 0.953125 0.330078 0.945312 0.326172 0.941406
0 0.876953 0.937500 0.873047 0.941406 0.873047 0.943359 0.871094 0.945312 0.871094 0.947266 0.865234 0.953125 0.865234 0.955078 0.863281 0.957031 0.863281 0.974609 0.865234 0.976562 0.865234 0.978516 0.867188 0.978516 0.871094 0.982422 0.873047 0.982422 0.875000 0.984375 0.888672 0.984375 0.890625 0.982422 0.892578 0.982422 0.892578 0.980469 0.894531 0.978516 0.894531 0.972656 0.896484 0.970703 0.896484 0.949219 0.894531 0.947266 0.894531 0.945312 0.892578 0.943359 0.892578 0.941406 0.890625 0.939453 0.888672 0.939453 0.886719 0.937500
0 0.353516 0.937500 0.351562 0.939453 0.345703 0.939453 0.341797 0.943359 0.341797 0.953125 0.343750 0.955078 0.343750 0.957031 0.345703 0.957031 0.347656 0.958984 0.355469 0.958984 0.357422 0.957031 0.363281 0.957031 0.365234 0.955078 0.367188 0.955078 0.367188 0.953125 0.369141 0.951172 0.369141 0.943359 0.367188 0.941406 0.367188 0.939453 0.365234 0.939453 0.363281 0.937500
0 0.433594 0.933594 0.429688 0.937500 0.429688 0.949219 0.431641 0.951172 0.427734 0.955078 0.427734 0.964844 0.429688 0.966797 0.427734 0.968750 0.427734 0.972656 0.425781 0.974609 0.419922 0.974609 0.416016 0.978516 0.416016 0.988281 0.417969 0.990234 0.417969 0.992188 0.419922 0.992188 0.421875 0.994141 0.429688 0.994141 0.431641 0.992188 0.433594 0.992188 0.433594 0.990234 0.435547 0.988281 0.435547 0.986328 0.437500 0.984375 0.441406 0.984375 0.443359 0.982422 0.445312 0.982422 0.445312 0.980469 0.447266 0.978516 0.447266 0.970703 0.445312 0.968750 0.445312 0.966797 0.447266 0.964844 0.447266 0.957031 0.445312 0.955078 0.447266 0.953125 0.447266 0.951172 0.449219 0.949219 0.449219 0.939453 0.447266 0.937500 0.447266 0.935547 0.445312 0.935547 0.443359 0.933594
0 0.486328 0.931641 0.482422 0.935547 0.482422 0.945312 0.484375 0.947266 0.484375 0.949219 0.486328 0.949219 0.488281 0.951172 0.496094 0.951172 0.498047 0.949219 0.500000 0.949219 0.500000 0.947266 0.501953 0.945312 0.501953 0.937500 0.500000 0.935547 0.500000 0.933594 0.498047 0.933594 0.496094 0.931641
0 0.332031 0.923828 0.328125 0.927734 0.328125 0.935547 0.332031 0.939453 0.339844 0.939453 0.343750 0.935547 0.343750 0.927734 0.339844 0.923828
0 0.796875 0.921875 0.792969 0.925781 0.792969 0.935547 0.794922 0.937500 0.794922 0.939453 0.796875 0.941406 0.796875 0.943359 0.798828 0.945312 0.798828 0.947266 0.800781 0.949219 0.800781 0.955078 0.802734 0.957031 0.802734 0.958984 0.804688 0.958984 0.806641 0.960938 0.808594 0.960938 0.810547 0.962891 0.812500 0.962891 0.814453 0.964844 0.816406 0.964844 0.818359 0.966797 0.828125 0.966797 0.830078 0.964844 0.832031 0.964844 0.833984 0.962891 0.835938 0.962891 0.837891 0.960938 0.839844 0.960938 0.839844 0.958984 0.841797 0.957031 0.841797 0.947266 0.839844 0.945312 0.839844 0.943359 0.837891 0.943359 0.835938 0.941406 0.835938 0.939453 0.833984 0.937500 0.833984 0.935547 0.830078 0.931641 0.828125 0.931641 0.826172 0.929688 0.816406 0.929688 0.810547 0.923828 0.808594 0.923828 0.806641 0.921875
0 0.982422 0.919922 0.978516 0.923828 0.978516 0.925781 0.974609 0.929688 0.974609 0.933594 0.972656 0.935547 0.964844 0.935547 0.960938 0.939453 0.960938 0.949219 0.962891 0.951172 0.962891 0.953125 0.964844 0.953125 0.966797 0.955078 0.972656 0.955078 0.974609 0.957031 0.970703 0.960938 0.970703 0.972656 0.972656 0.974609 0.972656 0.980469 0.974609 0.982422 0.972656 0.984375 0.966797 0.984375 0.962891 0.988281 0.962891 0.998047 0.998047 0.998047 0.998047 0.919922
0 0.585938 0.914062 0.582031 0.917969 0.582031 0.925781 0.585938 0.929688 0.593750 0.929688 0.597656 0.925781 0.597656 0.917969 0.593750 0.914062
0 0.564453 0.914062 0.560547 0.917969 0.560547 0.925781 0.564453 0.929688 0.572266 0.929688 0.576172 0.925781 0.576172 0.917969 0.572266 0.914062
0 0.835938 0.908203 0.832031 0.912109 0.832031 0.919922 0.835938 0.923828 0.843750 0.923828 0.847656 0.919922 0.847656 0.912109 0.843750 0.908203
0 0.867188 0.892578 0.861328 0.898438 0.861328 0.910156 0.863281 0.912109 0.863281 0.917969 0.865234 0.919922 0.865234 0.921875 0.867188 0.921875 0.869141 0.923828 0.871094 0.923828 0.873047 0.925781 0.875000 0.925781 0.876953 0.927734 0.892578 0.927734 0.894531 0.925781 0.896484 0.925781 0.896484 0.923828 0.898438 0.921875 0.898438 0.904297 0.896484 0.902344 0.896484 0.900391 0.894531 0.898438 0.892578 0.898438 0.890625 0.896484 0.886719 0.896484 0.884766 0.894531 0.882812 0.894531 0.880859 0.892578
0 0.544922 0.876953 0.541016 0.880859 0.541016 0.888672 0.544922 0.892578 0.552734 0.892578 0.556641 0.888672 0.556641 0.880859 0.552734 0.876953
0 0.580078 0.869141 0.576172 0.873047 0.576172 0.880859 0.580078 0.884766 0.587891 0.884766 0.591797 0.880859 0.591797 0.873047 0.587891 0.869141
0 0.703125 0.859375 0.699219 0.863281 0.699219 0.871094 0.703125 0.875000 0.710938 0.875000 0.714844 0.871094 0.714844 0.863281 0.710938 0.859375
0 0.757812 0.855469 0.753906 0.859375 0.753906 0.876953 0.750000 0.880859 0.748047 0.880859 0.744141 0.884766 0.744141 0.892578 0.748047 0.896484 0.755859 0.896484 0.759766 0.892578 0.763672 0.892578 0.767578 0.888672 0.767578 0.878906 0.769531 0.876953 0.771484 0.878906 0.771484 0.880859 0.775391 0.884766 0.775391 0.896484 0.779297 0.900391 0.779297 0.910156 0.783203 0.914062 0.798828 0.914062 0.802734 0.910156 0.802734 0.902344 0.798828 0.898438 0.792969 0.898438 0.791016 0.896484 0.791016 0.890625 0.792969 0.888672 0.792969 0.886719 0.794922 0.884766 0.800781 0.884766 0.802734 0.882812 0.804688 0.884766 0.804688 0.892578 0.808594 0.896484 0.816406 0.896484 0.820312 0.892578 0.820312 0.884766 0.816406 0.880859 0.808594 0.880859 0.806641 0.878906 0.808594 0.876953 0.808594 0.869141 0.798828 0.859375 0.791016 0.859375 0.787109 0.863281 0.779297 0.855469 0.769531 0.855469 0.767578 0.857422 0.765625 0.855469
0 0.435547 0.849609 0.431641 0.853516 0.431641 0.857422 0.425781 0.863281 0.423828 0.863281 0.419922 0.867188 0.419922 0.876953 0.421875 0.878906 0.421875 0.880859 0.423828 0.880859 0.425781 0.882812 0.427734 0.882812 0.429688 0.884766 0.429688 0.886719 0.431641 0.888672 0.431641 0.892578 0.433594 0.894531 0.433594 0.896484 0.435547 0.898438 0.437500 0.898438 0.439453 0.900391 0.441406 0.900391 0.443359 0.902344 0.453125 0.902344 0.455078 0.904297 0.466797 0.904297 0.468750 0.902344 0.470703 0.902344 0.472656 0.900391 0.474609 0.900391 0.474609 0.898438 0.476562 0.896484 0.476562 0.888672 0.474609 0.886719 0.474609 0.884766 0.472656 0.884766 0.470703 0.882812 0.464844 0.882812 0.462891 0.880859 0.451172 0.880859 0.449219 0.878906 0.449219 0.875000 0.453125 0.871094 0.455078 0.871094 0.455078 0.869141 0.457031 0.867188 0.457031 0.859375 0.455078 0.857422 0.455078 0.855469 0.453125 0.853516 0.453125 0.851562 0.451172 0.851562 0.449219 0.849609
0 0.593750 0.845703 0.589844 0.849609 0.589844 0.857422 0.593750 0.861328 0.601562 0.861328 0.605469 0.857422 0.605469 0.849609 0.601562 0.845703
0 0.664062 0.769531 0.660156 0.773438 0.660156 0.781250 0.671875 0.792969 0.677734 0.792969 0.679688 0.794922 0.677734 0.796875 0.675781 0.796875 0.671875 0.800781 0.666016 0.794922 0.658203 0.794922 0.654297 0.798828 0.654297 0.806641 0.658203 0.810547 0.666016 0.810547 0.669922 0.806641 0.675781 0.812500 0.687500 0.812500 0.691406 0.808594 0.691406 0.804688 0.695312 0.800781 0.695312 0.789062 0.691406 0.785156 0.687500 0.785156 0.685547 0.783203 0.685547 0.781250 0.677734 0.773438 0.675781 0.773438 0.671875 0.769531
0 0.617188 0.769531 0.615234 0.771484 0.613281 0.771484 0.609375 0.775391 0.609375 0.777344 0.605469 0.781250 0.605469 0.783203 0.601562 0.787109 0.601562 0.796875 0.603516 0.798828 0.603516 0.806641 0.605469 0.808594 0.605469 0.810547 0.607422 0.810547 0.611328 0.814453 0.611328 0.820312 0.613281 0.822266 0.613281 0.824219 0.615234 0.824219 0.617188 0.826172 0.625000 0.826172 0.626953 0.824219 0.638672 0.824219 0.640625 0.822266 0.642578 0.822266 0.642578 0.820312 0.644531 0.818359 0.644531 0.810547 0.646484 0.808594 0.646484 0.806641 0.648438 0.804688 0.648438 0.796875 0.646484 0.794922 0.648438 0.792969 0.648438 0.785156 0.646484 0.783203 0.646484 0.781250 0.644531 0.781250 0.638672 0.775391 0.638672 0.773438 0.636719 0.771484 0.634766 0.771484 0.632812 0.769531
0 0.984375 0.621094 0.980469 0.625000 0.980469 0.632812 0.982422 0.634766 0.982422 0.640625 0.986328 0.644531 0.994141 0.644531 0.998047 0.640625 0.998047 0.625000 0.994141 0.621094
0 0.974609 0.589844 0.970703 0.593750 0.970703 0.609375 0.974609 0.613281 0.984375 0.613281 0.988281 0.609375 0.988281 0.601562 0.986328 0.599609 0.986328 0.593750 0.982422 0.589844
0 0.994141 0.523438 0.992188 0.525391 0.978516 0.525391 0.974609 0.529297 0.974609 0.541016 0.980469 0.546875 0.978516 0.548828 0.976562 0.548828 0.972656 0.552734 0.972656 0.560547 0.976562 0.564453 0.984375 0.564453 0.988281 0.560547 0.988281 0.554688 0.990234 0.552734 0.994141 0.552734 0.998047 0.548828 0.998047 0.523438
0 0.992188 0.460938 0.988281 0.464844 0.988281 0.466797 0.984375 0.470703 0.982422 0.468750 0.974609 0.468750 0.970703 0.472656 0.970703 0.492188 0.974609 0.496094 0.980469 0.496094 0.986328 0.501953 0.994141 0.501953 0.998047 0.498047 0.998047 0.460938
0 0.876953 0.445312 0.873047 0.449219 0.873047 0.457031 0.876953 0.460938 0.884766 0.460938 0.888672 0.457031 0.888672 0.449219 0.884766 0.445312
0 0.982422 0.408203 0.976562 0.414062 0.974609 0.412109 0.966797 0.412109 0.962891 0.416016 0.962891 0.419922 0.960938 0.421875 0.960938 0.429688 0.964844 0.433594 0.972656 0.433594 0.978516 0.427734 0.986328 0.427734 0.994141 0.419922 0.994141 0.412109 0.990234 0.408203
0 0.888672 0.371094 0.884766 0.375000 0.884766 0.382812 0.888672 0.386719 0.896484 0.386719 0.900391 0.382812 0.900391 0.375000 0.896484 0.371094
0 0.851562 0.365234 0.847656 0.369141 0.847656 0.376953 0.851562 0.380859 0.859375 0.380859 0.863281 0.376953 0.863281 0.369141 0.859375 0.365234
0 0.919922 0.351562 0.916016 0.355469 0.916016 0.363281 0.919922 0.367188 0.927734 0.367188 0.931641 0.363281 0.931641 0.355469 0.927734 0.351562
0 0.925781 0.269531 0.921875 0.273438 0.921875 0.281250 0.925781 0.285156 0.933594 0.285156 0.937500 0.281250 0.937500 0.273438 0.933594 0.269531
0 0.970703 0.236328 0.966797 0.240234 0.966797 0.255859 0.962891 0.259766 0.962891 0.261719 0.960938 0.263672 0.960938 0.273438 0.964844 0.277344 0.972656 0.277344 0.976562 0.273438 0.978516 0.275391 0.978516 0.283203 0.976562 0.285156 0.976562 0.294922 0.980469 0.298828 0.988281 0.298828 0.994141 0.292969 0.994141 0.285156 0.998047 0.281250 0.998047 0.250000 0.986328 0.250000 0.984375 0.251953 0.982422 0.250000 0.982422 0.240234 0.978516 0.236328
0 0.927734 0.185547 0.923828 0.189453 0.923828 0.197266 0.927734 0.201172 0.935547 0.201172 0.939453 0.197266 0.939453 0.189453 0.935547 0.185547
0 0.925781 0.085938 0.921875 0.089844 0.921875 0.097656 0.925781 0.101562 0.935547 0.101562 0.939453 0.097656 0.939453 0.089844 0.935547 0.085938
0 0.892578 0.076172 0.888672 0.080078 0.888672 0.083984 0.886719 0.085938 0.886719 0.087891 0.880859 0.093750 0.880859 0.095703 0.878906 0.097656 0.878906 0.103516 0.875000 0.107422 0.875000 0.117188 0.878906 0.121094 0.886719 0.121094 0.890625 0.117188 0.890625 0.115234 0.892578 0.113281 0.892578 0.111328 0.894531 0.109375 0.894531 0.107422 0.896484 0.105469 0.896484 0.103516 0.900391 0.099609 0.900391 0.097656 0.902344 0.095703 0.902344 0.093750 0.904297 0.091797 0.904297 0.080078 0.900391 0.076172
0 0.871094 0.072266 0.867188 0.076172 0.867188 0.083984 0.871094 0.087891 0.878906 0.087891 0.882812 0.083984 0.882812 0.076172 0.878906 0.072266
0 0.937500 0.000000 0.937500 0.003906 0.931641 0.009766 0.931641 0.011719 0.929688 0.013672 0.929688 0.017578 0.927734 0.019531 0.927734 0.021484 0.925781 0.023438 0.925781 0.027344 0.923828 0.029297 0.923828 0.031250 0.921875 0.033203 0.921875 0.056641 0.923828 0.058594 0.923828 0.060547 0.927734 0.064453 0.927734 0.068359 0.933594 0.074219 0.935547 0.074219 0.937500 0.076172 0.939453 0.076172 0.943359 0.080078 0.951172 0.080078 0.953125 0.082031 0.962891 0.082031 0.964844 0.083984 0.968750 0.083984 0.970703 0.085938 0.974609 0.085938 0.976562 0.087891 0.998047 0.087891 0.998047 0.000000
0 0.000000 0.000000 0.000000 0.035156 0.009766 0.035156 0.011719 0.037109 0.011719 0.041016 0.005859 0.046875 0.005859 0.056641 0.001953 0.060547 0.001953 0.076172 0.000000 0.078125 0.000000 0.257812 0.007812 0.257812 0.009766 0.259766 0.005859 0.263672 0.005859 0.281250 0.000000 0.287109 0.000000 0.322266 0.001953 0.322266 0.005859 0.326172 0.005859 0.330078 0.003906 0.332031 0.003906 0.335938 0.000000 0.339844 0.000000 0.798828 0.001953 0.800781 0.001953 0.802734 0.003906 0.804688 0.003906 0.806641 0.005859 0.808594 0.007812 0.808594 0.009766 0.810547 0.011719 0.810547 0.013672 0.812500 0.025391 0.812500 0.027344 0.810547 0.029297 0.810547 0.031250 0.808594 0.033203 0.808594 0.035156 0.806641 0.039062 0.806641 0.042969 0.810547 0.042969 0.812500 0.050781 0.820312 0.050781 0.822266 0.052734 0.824219 0.052734 0.826172 0.054688 0.828125 0.054688 0.830078 0.056641 0.832031 0.058594 0.832031 0.060547 0.833984 0.062500 0.833984 0.064453 0.835938 0.072266 0.835938 0.074219 0.837891 0.085938 0.837891 0.087891 0.839844 0.087891 0.843750 0.089844 0.845703 0.089844 0.847656 0.093750 0.851562 0.093750 0.853516 0.095703 0.853516 0.097656 0.855469 0.101562 0.855469 0.105469 0.859375 0.105469 0.861328 0.107422 0.861328 0.109375 0.863281 0.111328 0.863281 0.113281 0.865234 0.111328 0.867188 0.111328 0.871094 0.107422 0.875000 0.107422 0.876953 0.105469 0.878906 0.105469 0.880859 0.103516 0.882812 0.103516 0.890625 0.099609 0.894531 0.099609 0.896484 0.093750 0.902344 0.093750 0.912109 0.095703 0.914062 0.095703 0.916016 0.097656 0.916016 0.099609 0.917969 0.109375 0.917969 0.111328 0.916016 0.113281 0.916016 0.113281 0.914062 0.115234 0.912109 0.115234 0.910156 0.117188 0.908203 0.119141 0.908203 0.123047 0.912109 0.123047 0.914062 0.125000 0.914062 0.126953 0.916016 0.134766 0.916016 0.136719 0.914062 0.138672 0.914062 0.138672 0.912109 0.140625 0.910156 0.144531 0.914062 0.144531 0.916016 0.146484 0.917969 0.146484 0.919922 0.148438 0.921875 0.148438 0.923828 0.150391 0.925781 0.146484 0.929688 0.146484 0.931641 0.144531 0.933594 0.144531 0.935547 0.142578 0.937500 0.136719 0.937500 0.132812 0.941406 0.121094 0.941406 0.117188 0.937500 0.117188 0.935547 0.115234 0.935547 0.113281 0.933594 0.101562 0.933594 0.097656 0.937500 0.064453 0.937500 0.062500 0.935547 0.056641 0.935547 0.054688 0.933594 0.050781 0.933594 0.048828 0.931641 0.029297 0.931641 0.027344 0.933594 0.025391 0.933594 0.023438 0.931641 0.023438 0.927734 0.025391 0.925781 0.025391 0.923828 0.027344 0.921875 0.027344 0.914062 0.025391 0.912109 0.025391 0.910156 0.023438 0.910156 0.021484 0.908203 0.000000 0.908203 0.000000 0.998047 0.197266 0.998047 0.199219 0.996094 0.203125 0.996094 0.205078 0.994141 0.207031 0.994141 0.208984 0.992188 0.212891 0.992188 0.214844 0.990234 0.216797 0.990234 0.218750 0.988281 0.222656 0.988281 0.224609 0.986328 0.228516 0.986328 0.230469 0.984375 0.236328 0.984375 0.238281 0.982422 0.240234 0.982422 0.242188 0.980469 0.246094 0.980469 0.248047 0.978516 0.251953 0.978516 0.253906 0.976562 0.255859 0.976562 0.259766 0.972656 0.261719 0.972656 0.263672 0.970703 0.263672 0.968750 0.265625 0.966797 0.265625 0.955078 0.263672 0.953125 0.263672 0.951172 0.261719 0.949219 0.259766 0.949219 0.257812 0.947266 0.259766 0.945312 0.263672 0.945312 0.265625 0.943359 0.271484 0.943359 0.273438 0.941406 0.275391 0.941406 0.279297 0.937500 0.285156 0.937500 0.287109 0.935547 0.289062 0.935547 0.291016 0.933594 0.296875 0.933594 0.298828 0.931641 0.308594 0.931641 0.310547 0.929688 0.312500 0.929688 0.314453 0.927734 0.316406 0.927734 0.318359 0.925781 0.320312 0.925781 0.322266 0.923828 0.324219 0.923828 0.326172 0.921875 0.328125 0.921875 0.330078 0.919922 0.333984 0.919922 0.335938 0.917969 0.337891 0.917969 0.339844 0.916016 0.341797 0.916016 0.341797 0.914062 0.343750 0.912109 0.347656 0.912109 0.349609 0.910156 0.351562 0.910156 0.355469 0.906250 0.357422 0.906250 0.359375 0.904297 0.361328 0.904297 0.363281 0.902344 0.365234 0.902344 0.365234 0.900391 0.369141 0.896484 0.373047 0.896484 0.375000 0.894531 0.376953 0.894531 0.376953 0.892578 0.378906 0.890625 0.378906 0.880859 0.376953 0.878906 0.376953 0.876953 0.373047 0.873047 0.373047 0.871094 0.371094 0.871094 0.369141 0.869141 0.361328 0.869141 0.359375 0.867188 0.359375 0.865234 0.363281 0.861328 0.365234 0.861328 0.367188 0.859375 0.367188 0.857422 0.369141 0.855469 0.369141 0.853516 0.371094 0.851562 0.375000 0.851562 0.376953 0.853516 0.384766 0.853516 0.386719 0.855469 0.388672 0.855469 0.390625 0.857422 0.392578 0.857422 0.394531 0.859375 0.394531 0.861328 0.396484 0.861328 0.398438 0.863281 0.410156 0.863281 0.412109 0.861328 0.414062 0.861328 0.414062 0.859375 0.416016 0.857422 0.416016 0.841797 0.414062 0.839844 0.416016 0.837891 0.417969 0.837891 0.419922 0.835938 0.421875 0.835938 0.423828 0.833984 0.427734 0.833984 0.429688 0.832031 0.433594 0.832031 0.435547 0.830078 0.437500 0.830078 0.437500 0.828125 0.439453 0.826172 0.441406 0.826172 0.443359 0.824219 0.445312 0.824219 0.447266 0.826172 0.443359 0.830078 0.443359 0.839844 0.445312 0.841797 0.445312 0.843750 0.447266 0.843750 0.449219 0.845703 0.453125 0.845703 0.455078 0.847656 0.457031 0.847656 0.458984 0.849609 0.466797 0.849609 0.468750 0.847656 0.470703 0.847656 0.472656 0.845703 0.476562 0.845703 0.478516 0.843750 0.480469 0.843750 0.480469 0.841797 0.482422 0.839844 0.482422 0.835938 0.484375 0.833984 0.486328 0.833984 0.488281 0.832031 0.492188 0.832031 0.494141 0.830078 0.496094 0.830078 0.498047 0.828125 0.503906 0.828125 0.505859 0.826172 0.507812 0.826172 0.509766 0.824219 0.511719 0.824219 0.513672 0.822266 0.519531 0.822266 0.521484 0.820312 0.523438 0.820312 0.525391 0.818359 0.527344 0.818359 0.529297 0.816406 0.533203 0.816406 0.535156 0.814453 0.537109 0.814453 0.541016 0.810547 0.542969 0.810547 0.546875 0.806641 0.548828 0.806641 0.548828 0.804688 0.550781 0.802734 0.552734 0.804688 0.560547 0.804688 0.562500 0.802734 0.564453 0.802734 0.564453 0.800781 0.566406 0.798828 0.566406 0.792969 0.570312 0.789062 0.572266 0.789062 0.574219 0.787109 0.576172 0.787109 0.580078 0.783203 0.582031 0.783203 0.585938 0.779297 0.587891 0.779297 0.589844 0.777344 0.591797 0.777344 0.593750 0.775391 0.595703 0.775391 0.597656 0.773438 0.599609 0.773438 0.599609 0.771484 0.601562 0.769531 0.601562 0.759766 0.599609 0.757812 0.599609 0.755859 0.597656 0.755859 0.595703 0.753906 0.585938 0.753906 0.582031 0.757812 0.578125 0.757812 0.576172 0.755859 0.580078 0.751953 0.582031 0.751953 0.585938 0.748047 0.587891 0.748047 0.589844 0.746094 0.599609 0.746094 0.601562 0.744141 0.603516 0.744141 0.605469 0.742188 0.607422 0.742188 0.609375 0.740234 0.625000 0.740234 0.626953 0.738281 0.630859 0.738281 0.632812 0.740234 0.644531 0.740234 0.646484 0.738281 0.650391 0.738281 0.652344 0.740234 0.675781 0.740234 0.677734 0.738281 0.740234 0.738281 0.742188 0.740234 0.746094 0.740234 0.748047 0.742188 0.750000 0.742188 0.751953 0.744141 0.753906 0.744141 0.755859 0.746094 0.757812 0.746094 0.759766 0.748047 0.761719 0.748047 0.763672 0.750000 0.791016 0.750000 0.792969 0.748047 0.794922 0.748047 0.796875 0.746094 0.798828 0.746094 0.800781 0.744141 0.802734 0.744141 0.804688 0.742188 0.808594 0.742188 0.810547 0.740234 0.814453 0.740234 0.816406 0.742188 0.816406 0.744141 0.818359 0.746094 0.820312 0.746094 0.822266 0.748047 0.824219 0.748047 0.826172 0.750000 0.837891 0.750000 0.839844 0.751953 0.839844 0.765625 0.841797 0.767578 0.841797 0.783203 0.843750 0.785156 0.843750 0.787109 0.847656 0.791016 0.849609 0.791016 0.855469 0.796875 0.855469 0.798828 0.849609 0.804688 0.839844 0.804688 0.837891 0.802734 0.835938 0.802734 0.833984 0.800781 0.828125 0.800781 0.826172 0.798828 0.812500 0.798828 0.808594 0.802734 0.808594 0.812500 0.810547 0.814453 0.810547 0.816406 0.812500 0.816406 0.814453 0.818359 0.818359 0.818359 0.820312 0.820312 0.824219 0.820312 0.826172 0.822266 0.828125 0.822266 0.830078 0.824219 0.830078 0.839844 0.832031 0.841797 0.832031 0.845703 0.833984 0.847656 0.832031 0.849609 0.832031 0.863281 0.833984 0.865234 0.833984 0.867188 0.835938 0.867188 0.837891 0.869141 0.845703 0.869141 0.847656 0.867188 0.849609 0.867188 0.849609 0.865234 0.851562 0.863281 0.851562 0.859375 0.855469 0.855469 0.857422 0.857422 0.857422 0.859375 0.859375 0.859375 0.861328 0.861328 0.869141 0.861328 0.871094 0.859375 0.873047 0.859375 0.875000 0.857422 0.875000 0.855469 0.876953 0.853516 0.876953 0.851562 0.880859 0.847656 0.880859 0.845703 0.882812 0.843750 0.882812 0.830078 0.880859 0.828125 0.880859 0.826172 0.878906 0.826172 0.871094 0.818359 0.871094 0.816406 0.873047 0.814453 0.875000 0.814453 0.875000 0.812500 0.876953 0.810547 0.876953 0.800781 0.878906 0.798828 0.878906 0.791016 0.876953 0.789062 0.876953 0.787109 0.871094 0.781250 0.871094 0.779297 0.869141 0.779297 0.867188 0.777344 0.867188 0.775391 0.869141 0.773438 0.871094 0.773438 0.873047 0.771484 0.875000 0.771484 0.876953 0.773438 0.878906 0.773438 0.880859 0.775391 0.880859 0.781250 0.882812 0.783203 0.882812 0.785156 0.884766 0.785156 0.886719 0.787109 0.910156 0.787109 0.912109 0.785156 0.916016 0.785156 0.917969 0.787109 0.923828 0.787109 0.925781 0.789062 0.925781 0.791016 0.929688 0.794922 0.931641 0.794922 0.933594 0.796875 0.935547 0.796875 0.937500 0.798828 0.939453 0.798828 0.941406 0.800781 0.943359 0.800781 0.945312 0.802734 0.945312 0.806641 0.947266 0.808594 0.947266 0.810547 0.949219 0.810547 0.951172 0.812500 0.957031 0.812500 0.960938 0.816406 0.960938 0.830078 0.962891 0.832031 0.962891 0.833984 0.964844 0.833984 0.966797 0.835938 0.964844 0.837891 0.964844 0.847656 0.966797 0.849609 0.966797 0.851562 0.968750 0.853516 0.968750 0.855469 0.974609 0.861328 0.974609 0.865234 0.980469 0.865234 0.984375 0.861328 0.984375 0.853516 0.982422 0.851562 0.982422 0.849609 0.980469 0.847656 0.980469 0.837891 0.976562 0.833984 0.978516 0.832031 0.978516 0.828125 0.982422 0.824219 0.996094 0.824219 0.998047 0.822266 0.998047 0.787109 0.996094 0.789062 0.994141 0.787109 0.994141 0.785156 0.996094 0.783203 0.998047 0.783203 0.998047 0.759766 0.996094 0.757812 0.996094 0.744141 0.994141 0.742188 0.994141 0.738281 0.990234 0.734375 0.990234 0.730469 0.992188 0.728516 0.992188 0.724609 0.994141 0.722656 0.994141 0.716797 0.996094 0.714844 0.996094 0.707031 0.994141 0.705078 0.994141 0.703125 0.990234 0.699219 0.988281 0.699219 0.982422 0.693359 0.976562 0.693359 0.974609 0.691406 0.962891 0.691406 0.960938 0.689453 0.957031 0.689453 0.955078 0.687500 0.943359 0.687500 0.939453 0.691406 0.937500 0.689453 0.937500 0.687500 0.945312 0.679688 0.949219 0.683594 0.958984 0.683594 0.960938 0.685547 0.968750 0.685547 0.970703 0.687500 0.998047 0.687500 0.998047 0.652344 0.996094 0.650391 0.978516 0.650391 0.976562 0.648438 0.976562 0.634766 0.972656 0.630859 0.962891 0.630859 0.960938 0.632812 0.958984 0.632812 0.957031 0.630859 0.947266 0.630859 0.941406 0.636719 0.941406 0.640625 0.939453 0.642578 0.939453 0.650391 0.941406 0.652344 0.939453 0.654297 0.937500 0.654297 0.933594 0.658203 0.933594 0.660156 0.929688 0.664062 0.929688 0.666016 0.927734 0.667969 0.927734 0.669922 0.925781 0.671875 0.923828 0.671875 0.919922 0.675781 0.917969 0.675781 0.916016 0.677734 0.912109 0.677734 0.904297 0.669922 0.906250 0.667969 0.906250 0.654297 0.908203 0.652344 0.908203 0.636719 0.906250 0.634766 0.906250 0.630859 0.904297 0.628906 0.904297 0.626953 0.902344 0.625000 0.902344 0.623047 0.900391 0.621094 0.900391 0.617188 0.898438 0.615234 0.898438 0.613281 0.890625 0.605469 0.888672 0.605469 0.882812 0.599609 0.873047 0.599609 0.871094 0.601562 0.867188 0.597656 0.865234 0.597656 0.863281 0.595703 0.863281 0.593750 0.859375 0.589844 0.859375 0.585938 0.857422 0.583984 0.857422 0.582031 0.855469 0.580078 0.855469 0.578125 0.847656 0.570312 0.843750 0.570312 0.839844 0.566406 0.839844 0.562500 0.837891 0.560547 0.837891 0.550781 0.839844 0.548828 0.839844 0.525391 0.837891 0.523438 0.837891 0.519531 0.833984 0.515625 0.832031 0.515625 0.824219 0.507812 0.820312 0.507812 0.818359 0.505859 0.816406 0.505859 0.814453 0.503906 0.804688 0.503906 0.798828 0.509766 0.791016 0.509766 0.787109 0.513672 0.787109 0.523438 0.785156 0.525391 0.783203 0.525391 0.781250 0.523438 0.777344 0.523438 0.775391 0.521484 0.775391 0.519531 0.777344 0.517578 0.777344 0.513672 0.800781 0.490234 0.800781 0.488281 0.802734 0.486328 0.804688 0.486328 0.810547 0.480469 0.812500 0.480469 0.820312 0.472656 0.826172 0.472656 0.828125 0.470703 0.833984 0.470703 0.843750 0.460938 0.843750 0.447266 0.839844 0.443359 0.839844 0.421875 0.837891 0.419922 0.837891 0.417969 0.835938 0.416016 0.835938 0.414062 0.828125 0.406250 0.826172 0.406250 0.822266 0.402344 0.830078 0.394531 0.830078 0.355469 0.828125 0.353516 0.828125 0.349609 0.826172 0.347656 0.826172 0.343750 0.828125 0.341797 0.828125 0.333984 0.830078 0.332031 0.830078 0.322266 0.832031 0.320312 0.832031 0.298828 0.833984 0.296875 0.833984 0.294922 0.837891 0.291016 0.837891 0.285156 0.839844 0.283203 0.839844 0.265625 0.841797 0.263672 0.845703 0.263672 0.849609 0.259766 0.849609 0.250000 0.845703 0.246094 0.843750 0.246094 0.841797 0.244141 0.843750 0.242188 0.847656 0.242188 0.849609 0.240234 0.851562 0.240234 0.851562 0.238281 0.853516 0.236328 0.853516 0.234375 0.855469 0.232422 0.855469 0.222656 0.859375 0.218750 0.859375 0.212891 0.861328 0.210938 0.861328 0.207031 0.863281 0.205078 0.863281 0.201172 0.865234 0.199219 0.865234 0.195312 0.867188 0.193359 0.867188 0.191406 0.869141 0.189453 0.869141 0.177734 0.873047 0.173828 0.873047 0.171875 0.876953 0.167969 0.876953 0.166016 0.878906 0.164062 0.878906 0.160156 0.880859 0.158203 0.880859 0.150391 0.876953 0.146484 0.869141 0.146484 0.863281 0.152344 0.863281 0.156250 0.861328 0.158203 0.861328 0.160156 0.855469 0.166016 0.855469 0.167969 0.853516 0.169922 0.853516 0.179688 0.851562 0.181641 0.847656 0.181641 0.845703 0.179688 0.849609 0.175781 0.849609 0.166016 0.843750 0.160156 0.843750 0.152344 0.839844 0.148438 0.832031 0.148438 0.828125 0.152344 0.828125 0.156250 0.826172 0.158203 0.822266 0.154297 0.818359 0.154297 0.816406 0.152344 0.816406 0.142578 0.814453 0.140625 0.816406 0.138672 0.820312 0.138672 0.830078 0.128906 0.830078 0.113281 0.826172 0.109375 0.826172 0.097656 0.828125 0.095703 0.843750 0.095703 0.851562 0.087891 0.851562 0.085938 0.853516 0.083984 0.853516 0.082031 0.857422 0.078125 0.857422 0.076172 0.859375 0.074219 0.859375 0.064453 0.855469 0.060547 0.849609 0.060547 0.847656 0.058594 0.847656 0.056641 0.849609 0.054688 0.859375 0.054688 0.861328 0.052734 0.863281 0.052734 0.871094 0.044922 0.871094 0.037109 0.867188 0.033203 0.861328 0.033203 0.857422 0.029297 0.859375 0.027344 0.859375 0.023438 0.861328 0.021484 0.861328 0.011719 0.857422 0.007812 0.859375 0.005859 0.867188 0.005859 0.869141 0.007812 0.871094 0.007812 0.875000 0.011719 0.873047 0.013672 0.873047 0.015625 0.871094 0.017578 0.871094 0.029297 0.875000 0.033203 0.882812 0.033203 0.886719 0.029297 0.886719 0.027344 0.888672 0.025391 0.888672 0.023438 0.890625 0.021484 0.892578 0.021484 0.894531 0.019531 0.896484 0.019531 0.898438 0.017578 0.900391 0.017578 0.902344 0.019531 0.900391 0.021484 0.900391 0.031250 0.904297 0.035156 0.902344 0.037109 0.900391 0.037109 0.896484 0.041016 0.896484 0.044922 0.894531 0.046875 0.888672 0.046875 0.886719 0.044922 0.876953 0.044922 0.873047 0.048828 0.873047 0.056641 0.876953 0.060547 0.880859 0.060547 0.882812 0.062500 0.906250 0.062500 0.912109 0.056641 0.912109 0.041016 0.908203 0.037109 0.910156 0.035156 0.914062 0.035156 0.917969 0.031250 0.917969 0.025391 0.919922 0.023438 0.919922 0.005859 0.916016 0.001953 0.904297 0.001953 0.902344 0.000000 0.820312 0.000000 0.820312 0.009766 0.822266 0.011719 0.822266 0.015625 0.820312 0.017578 0.818359 0.015625 0.816406 0.015625 0.814453 0.013672 0.814453 0.007812 0.812500 0.005859 0.812500 0.000000 0.357422 0.000000 0.355469 0.001953 0.353516 0.001953 0.351562 0.003906 0.349609 0.003906 0.339844 0.013672 0.333984 0.007812 0.333984 0.005859 0.330078 0.001953 0.330078 0.000000 0.267578 0.000000 0.267578 0.007812 0.269531 0.009766 0.269531 0.011719 0.271484 0.013672 0.271484 0.015625 0.263672 0.023438 0.255859 0.023438 0.253906 0.021484 0.253906 0.000000 0.234375 0.000000 0.234375 0.001953 0.232422 0.003906 0.228516 0.000000 0.115234 0.000000 0.115234 0.001953 0.109375 0.007812 0.109375 0.009766 0.105469 0.013672 0.103516 0.011719 0.103516 0.009766 0.105469 0.007812 0.105469 0.005859 0.107422 0.003906 0.107422 0.000000