0 0.556641 0.982422 0.552734 0.986328 0.552734 0.994141 0.554688 0.996094 0.554688 0.998047 0.572266 0.998047 0.572266 0.990234 0.570312 0.988281 0.570312 0.986328 0.566406 0.982422
0 0.892578 0.970703 0.886719 0.976562 0.886719 0.982422 0.884766 0.984375 0.880859 0.980469 0.878906 0.980469 0.876953 0.978516 0.869141 0.978516 0.865234 0.982422 0.865234 0.994141 0.869141 0.998047 0.896484 0.998047 0.902344 0.992188 0.902344 0.988281 0.906250 0.984375 0.906250 0.974609 0.902344 0.970703
0 0.873047 0.957031 0.869141 0.960938 0.869141 0.968750 0.873047 0.972656 0.880859 0.972656 0.884766 0.968750 0.884766 0.960938 0.880859 0.957031
0 0.685547 0.882812 0.673828 0.894531 0.673828 0.906250 0.677734 0.910156 0.679688 0.910156 0.681641 0.912109 0.681641 0.914062 0.683594 0.916016 0.683594 0.917969 0.675781 0.925781 0.669922 0.925781 0.666016 0.929688 0.666016 0.937500 0.671875 0.943359 0.669922 0.945312 0.669922 0.953125 0.673828 0.957031 0.675781 0.957031 0.677734 0.958984 0.677734 0.960938 0.675781 0.962891 0.675781 0.964844 0.666016 0.974609 0.666016 0.982422 0.664062 0.984375 0.662109 0.984375 0.660156 0.986328 0.658203 0.984375 0.658203 0.968750 0.654297 0.964844 0.644531 0.964844 0.642578 0.966797 0.638672 0.966797 0.634766 0.970703 0.634766 0.972656 0.632812 0.974609 0.632812 0.982422 0.626953 0.988281 0.623047 0.988281 0.621094 0.986328 0.611328 0.986328 0.607422 0.990234 0.607422 0.998047 0.683594 0.998047 0.685547 0.996094 0.689453 0.996094 0.691406 0.998047 0.712891 0.998047 0.712891 0.994141 0.714844 0.992188 0.714844 0.980469 0.718750 0.976562 0.718750 0.958984 0.714844 0.955078 0.707031 0.955078 0.703125 0.958984 0.701172 0.957031 0.701172 0.933594 0.699219 0.931641 0.699219 0.929688 0.697266 0.927734 0.697266 0.923828 0.695312 0.921875 0.703125 0.914062 0.703125 0.900391 0.701172 0.898438 0.701172 0.888672 0.695312 0.882812
0 0.955078 0.857422 0.951172 0.861328 0.951172 0.869141 0.947266 0.873047 0.947266 0.880859 0.951172 0.884766 0.962891 0.884766 0.966797 0.880859 0.966797 0.861328 0.962891 0.857422
0 0.945312 0.789062 0.941406 0.792969 0.941406 0.800781 0.947266 0.806641 0.947266 0.816406 0.951172 0.820312 0.960938 0.820312 0.966797 0.814453 0.966797 0.804688 0.962891 0.800781 0.962891 0.794922 0.958984 0.791016 0.957031 0.791016 0.955078 0.789062
0 0.970703 0.718750 0.962891 0.726562 0.962891 0.728516 0.958984 0.732422 0.958984 0.740234 0.962891 0.744141 0.970703 0.744141 0.972656 0.742188 0.974609 0.742188 0.978516 0.738281 0.978516 0.736328 0.980469 0.734375 0.980469 0.732422 0.982422 0.730469 0.982422 0.722656 0.978516 0.718750
0 0.958984 0.603516 0.955078 0.607422 0.955078 0.615234 0.958984 0.619141 0.966797 0.619141 0.968750 0.621094 0.960938 0.628906 0.960938 0.662109 0.958984 0.664062 0.957031 0.664062 0.953125 0.667969 0.951172 0.667969 0.947266 0.671875 0.947266 0.689453 0.945312 0.691406 0.945312 0.693359 0.943359 0.695312 0.943359 0.705078 0.941406 0.707031 0.941406 0.708984 0.939453 0.710938 0.939453 0.712891 0.937500 0.714844 0.937500 0.720703 0.935547 0.722656 0.935547 0.755859 0.939453 0.759766 0.947266 0.759766 0.951172 0.755859 0.953125 0.757812 0.953125 0.769531 0.957031 0.773438 0.964844 0.773438 0.968750 0.769531 0.968750 0.765625 0.972656 0.761719 0.972656 0.753906 0.968750 0.750000 0.958984 0.750000 0.953125 0.755859 0.951172 0.753906 0.951172 0.730469 0.953125 0.728516 0.953125 0.724609 0.955078 0.722656 0.955078 0.718750 0.958984 0.714844 0.958984 0.712891 0.962891 0.708984 0.962891 0.701172 0.960938 0.699219 0.962891 0.697266 0.962891 0.683594 0.970703 0.675781 0.970703 0.671875 0.978516 0.664062 0.978516 0.652344 0.976562 0.650391 0.976562 0.636719 0.978516 0.634766 0.978516 0.630859 0.984375 0.625000 0.984375 0.617188 0.980469 0.613281 0.972656 0.613281 0.970703 0.611328 0.970703 0.607422 0.966797 0.603516
0 0.923828 0.595703 0.921875 0.597656 0.919922 0.597656 0.906250 0.611328 0.906250 0.613281 0.904297 0.615234 0.904297 0.621094 0.902344 0.623047 0.902344 0.628906 0.900391 0.630859 0.900391 0.636719 0.898438 0.638672 0.898438 0.646484 0.896484 0.648438 0.896484 0.654297 0.894531 0.656250 0.894531 0.658203 0.892578 0.660156 0.892578 0.666016 0.890625 0.667969 0.890625 0.673828 0.888672 0.675781 0.888672 0.689453 0.886719 0.691406 0.884766 0.691406 0.880859 0.695312 0.880859 0.703125 0.878906 0.705078 0.878906 0.718750 0.876953 0.720703 0.876953 0.738281 0.875000 0.740234 0.871094 0.740234 0.867188 0.744141 0.867188 0.751953 0.869141 0.753906 0.865234 0.757812 0.865234 0.765625 0.861328 0.769531 0.861328 0.777344 0.865234 0.781250 0.865234 0.792969 0.869141 0.796875 0.876953 0.796875 0.880859 0.792969 0.880859 0.787109 0.882812 0.785156 0.882812 0.777344 0.884766 0.775391 0.884766 0.771484 0.886719 0.769531 0.886719 0.763672 0.888672 0.761719 0.888672 0.759766 0.890625 0.757812 0.890625 0.755859 0.892578 0.753906 0.892578 0.748047 0.894531 0.746094 0.894531 0.736328 0.898438 0.732422 0.898438 0.724609 0.896484 0.722656 0.896484 0.720703 0.898438 0.718750 0.904297 0.718750 0.908203 0.714844 0.908203 0.712891 0.910156 0.710938 0.910156 0.701172 0.904297 0.695312 0.904297 0.685547 0.906250 0.683594 0.906250 0.677734 0.908203 0.675781 0.908203 0.667969 0.910156 0.666016 0.910156 0.664062 0.912109 0.662109 0.912109 0.658203 0.914062 0.656250 0.914062 0.648438 0.916016 0.646484 0.916016 0.640625 0.917969 0.638672 0.917969 0.632812 0.919922 0.630859 0.919922 0.623047 0.931641 0.611328 0.939453 0.611328 0.943359 0.607422 0.943359 0.599609 0.939453 0.595703
0 0.992188 0.484375 0.988281 0.488281 0.988281 0.496094 0.992188 0.500000 0.992188 0.505859 0.990234 0.507812 0.990234 0.513672 0.988281 0.515625 0.988281 0.531250 0.980469 0.539062 0.980469 0.556641 0.976562 0.560547 0.976562 0.572266 0.980469 0.576172 0.988281 0.576172 0.992188 0.572266 0.992188 0.570312 0.996094 0.566406 0.996094 0.554688 0.998047 0.552734 0.998047 0.484375
0 0.000000 0.468750 0.000000 0.500000 0.005859 0.505859 0.007812 0.505859 0.011719 0.509766 0.007812 0.513672 0.007812 0.515625 0.005859 0.517578 0.003906 0.517578 0.000000 0.521484 0.000000 0.589844 0.001953 0.591797 0.005859 0.591797 0.007812 0.593750 0.007812 0.597656 0.005859 0.599609 0.005859 0.601562 0.003906 0.603516 0.003906 0.615234 0.005859 0.617188 0.003906 0.619141 0.001953 0.619141 0.000000 0.621094 0.000000 0.662109 0.007812 0.662109 0.009766 0.664062 0.009766 0.667969 0.007812 0.669922 0.003906 0.669922 0.000000 0.673828 0.000000 0.755859 0.001953 0.755859 0.003906 0.757812 0.005859 0.757812 0.007812 0.759766 0.003906 0.763672 0.003906 0.767578 0.001953 0.769531 0.001953 0.771484 0.000000 0.773438 0.000000 0.791016 0.005859 0.796875 0.017578 0.796875 0.025391 0.789062 0.025391 0.785156 0.027344 0.783203 0.027344 0.781250 0.029297 0.779297 0.031250 0.781250 0.031250 0.787109 0.029297 0.789062 0.029297 0.798828 0.033203 0.802734 0.042969 0.802734 0.048828 0.796875 0.052734 0.796875 0.056641 0.800781 0.058594 0.800781 0.060547 0.802734 0.068359 0.802734 0.070312 0.804688 0.068359 0.806641 0.068359 0.808594 0.066406 0.810547 0.066406 0.814453 0.064453 0.816406 0.064453 0.818359 0.060547 0.822266 0.058594 0.822266 0.054688 0.826172 0.052734 0.826172 0.050781 0.828125 0.048828 0.828125 0.044922 0.832031 0.041016 0.828125 0.041016 0.826172 0.037109 0.822266 0.035156 0.822266 0.033203 0.820312 0.031250 0.820312 0.029297 0.818359 0.029297 0.812500 0.027344 0.810547 0.027344 0.808594 0.023438 0.804688 0.021484 0.804688 0.019531 0.802734 0.005859 0.802734 0.003906 0.804688 0.001953 0.804688 0.000000 0.806641 0.000000 0.966797 0.009766 0.966797 0.011719 0.964844 0.013672 0.964844 0.015625 0.962891 0.017578 0.962891 0.019531 0.960938 0.021484 0.960938 0.023438 0.958984 0.025391 0.958984 0.027344 0.957031 0.031250 0.957031 0.033203 0.955078 0.035156 0.955078 0.037109 0.953125 0.041016 0.953125 0.042969 0.951172 0.050781 0.951172 0.052734 0.949219 0.054688 0.949219 0.058594 0.945312 0.058594 0.943359 0.062500 0.939453 0.076172 0.939453 0.078125 0.937500 0.080078 0.937500 0.082031 0.935547 0.083984 0.935547 0.085938 0.933594 0.087891 0.933594 0.095703 0.925781 0.097656 0.925781 0.101562 0.921875 0.101562 0.919922 0.103516 0.917969 0.103516 0.906250 0.105469 0.904297 0.105469 0.902344 0.107422 0.900391 0.107422 0.894531 0.109375 0.892578 0.109375 0.890625 0.111328 0.888672 0.111328 0.882812 0.113281 0.880859 0.117188 0.880859 0.119141 0.878906 0.121094 0.878906 0.136719 0.863281 0.136719 0.861328 0.138672 0.859375 0.138672 0.845703 0.136719 0.843750 0.136719 0.806641 0.134766 0.804688 0.134766 0.802734 0.132812 0.800781 0.132812 0.792969 0.134766 0.791016 0.134766 0.779297 0.132812 0.777344 0.132812 0.775391 0.130859 0.773438 0.130859 0.740234 0.128906 0.738281 0.128906 0.716797 0.126953 0.714844 0.126953 0.673828 0.125000 0.671875 0.125000 0.669922 0.121094 0.666016 0.119141 0.666016 0.117188 0.664062 0.113281 0.664062 0.111328 0.662109 0.113281 0.660156 0.113281 0.658203 0.115234 0.656250 0.115234 0.652344 0.117188 0.650391 0.117188 0.634766 0.115234 0.632812 0.115234 0.621094 0.113281 0.619141 0.113281 0.589844 0.111328 0.587891 0.111328 0.583984 0.109375 0.582031 0.109375 0.572266 0.107422 0.570312 0.107422 0.568359 0.105469 0.566406 0.105469 0.562500 0.103516 0.560547 0.103516 0.558594 0.089844 0.544922 0.089844 0.542969 0.087891 0.541016 0.087891 0.539062 0.085938 0.537109 0.085938 0.535156 0.083984 0.533203 0.083984 0.523438 0.082031 0.521484 0.082031 0.519531 0.078125 0.515625 0.078125 0.513672 0.074219 0.509766 0.072266 0.509766 0.070312 0.507812 0.068359 0.507812 0.066406 0.505859 0.066406 0.503906 0.058594 0.496094 0.050781 0.496094 0.046875 0.492188 0.044922 0.492188 0.037109 0.484375 0.035156 0.484375 0.031250 0.480469 0.029297 0.480469 0.021484 0.472656 0.019531 0.472656 0.017578 0.470703 0.015625 0.470703 0.013672 0.468750
0 0.333984 0.458984 0.330078 0.462891 0.330078 0.474609 0.328125 0.476562 0.328125 0.484375 0.332031 0.488281 0.343750 0.488281 0.345703 0.486328 0.349609 0.486328 0.353516 0.482422 0.353516 0.480469 0.355469 0.478516 0.359375 0.478516 0.363281 0.482422 0.363281 0.486328 0.365234 0.488281 0.365234 0.492188 0.369141 0.496094 0.376953 0.496094 0.380859 0.492188 0.380859 0.478516 0.378906 0.476562 0.378906 0.472656 0.373047 0.466797 0.371094 0.466797 0.367188 0.462891 0.365234 0.462891 0.363281 0.460938 0.361328 0.460938 0.359375 0.458984
0 0.138672 0.445312 0.134766 0.449219 0.134766 0.457031 0.138672 0.460938 0.146484 0.460938 0.150391 0.457031 0.150391 0.449219 0.146484 0.445312
0 0.082031 0.439453 0.080078 0.441406 0.078125 0.441406 0.074219 0.445312 0.074219 0.453125 0.078125 0.457031 0.087891 0.457031 0.089844 0.455078 0.095703 0.455078 0.099609 0.451172 0.099609 0.443359 0.095703 0.439453
0 0.169922 0.435547 0.166016 0.439453 0.166016 0.447266 0.169922 0.451172 0.177734 0.451172 0.181641 0.447266 0.181641 0.439453 0.177734 0.435547
0 0.474609 0.431641 0.470703 0.435547 0.470703 0.443359 0.474609 0.447266 0.482422 0.447266 0.486328 0.443359 0.486328 0.435547 0.482422 0.431641
0 0.441406 0.429688 0.435547 0.435547 0.435547 0.449219 0.427734 0.457031 0.427734 0.464844 0.425781 0.466797 0.423828 0.464844 0.423828 0.455078 0.419922 0.451172 0.412109 0.451172 0.406250 0.457031 0.406250 0.460938 0.398438 0.468750 0.396484 0.468750 0.392578 0.472656 0.392578 0.490234 0.396484 0.494141 0.410156 0.494141 0.414062 0.490234 0.414062 0.478516 0.421875 0.470703 0.421875 0.466797 0.423828 0.464844 0.425781 0.466797 0.425781 0.476562 0.429688 0.480469 0.437500 0.480469 0.441406 0.476562 0.441406 0.474609 0.443359 0.472656 0.447266 0.476562 0.462891 0.476562 0.466797 0.472656 0.466797 0.464844 0.462891 0.460938 0.455078 0.460938 0.453125 0.458984 0.455078 0.457031 0.457031 0.457031 0.460938 0.453125 0.460938 0.445312 0.457031 0.441406 0.457031 0.437500 0.449219 0.429688
0 0.111328 0.429688 0.107422 0.433594 0.107422 0.441406 0.113281 0.447266 0.109375 0.451172 0.109375 0.458984 0.113281 0.462891 0.123047 0.462891 0.126953 0.458984 0.126953 0.451172 0.125000 0.449219 0.130859 0.443359 0.130859 0.435547 0.125000 0.429688
0 0.214844 0.425781 0.210938 0.429688 0.210938 0.437500 0.214844 0.441406 0.222656 0.441406 0.226562 0.437500 0.226562 0.429688 0.222656 0.425781
0 0.503906 0.423828 0.500000 0.427734 0.500000 0.439453 0.503906 0.443359 0.511719 0.443359 0.519531 0.435547 0.519531 0.427734 0.515625 0.423828
0 0.025391 0.423828 0.021484 0.427734 0.021484 0.433594 0.019531 0.435547 0.017578 0.435547 0.013672 0.439453 0.013672 0.447266 0.019531 0.453125 0.021484 0.453125 0.023438 0.455078 0.025391 0.455078 0.027344 0.457031 0.039062 0.457031 0.041016 0.455078 0.044922 0.455078 0.048828 0.451172 0.048828 0.443359 0.044922 0.439453 0.037109 0.439453 0.035156 0.437500 0.037109 0.435547 0.037109 0.427734 0.033203 0.423828
0 0.193359 0.416016 0.189453 0.419922 0.189453 0.427734 0.191406 0.429688 0.191406 0.431641 0.187500 0.435547 0.187500 0.443359 0.191406 0.447266 0.199219 0.447266 0.203125 0.443359 0.203125 0.435547 0.201172 0.433594 0.201172 0.431641 0.205078 0.427734 0.205078 0.419922 0.201172 0.416016
0 0.232422 0.390625 0.228516 0.394531 0.228516 0.402344 0.232422 0.406250 0.240234 0.406250 0.244141 0.402344 0.244141 0.394531 0.240234 0.390625
0 0.968750 0.388672 0.966797 0.390625 0.962891 0.390625 0.958984 0.394531 0.958984 0.402344 0.960938 0.404297 0.960938 0.406250 0.958984 0.408203 0.958984 0.417969 0.957031 0.419922 0.957031 0.423828 0.955078 0.425781 0.955078 0.429688 0.953125 0.431641 0.953125 0.447266 0.945312 0.455078 0.945312 0.460938 0.943359 0.462891 0.943359 0.476562 0.941406 0.478516 0.937500 0.478516 0.933594 0.482422 0.933594 0.490234 0.935547 0.492188 0.935547 0.503906 0.933594 0.505859 0.931641 0.505859 0.927734 0.509766 0.927734 0.519531 0.931641 0.523438 0.927734 0.527344 0.927734 0.535156 0.931641 0.539062 0.945312 0.539062 0.949219 0.535156 0.949219 0.521484 0.951172 0.519531 0.951172 0.492188 0.955078 0.488281 0.957031 0.488281 0.960938 0.484375 0.960938 0.476562 0.958984 0.474609 0.958984 0.470703 0.966797 0.462891 0.966797 0.458984 0.968750 0.457031 0.968750 0.453125 0.970703 0.451172 0.970703 0.433594 0.972656 0.431641 0.972656 0.427734 0.974609 0.425781 0.974609 0.416016 0.976562 0.414062 0.976562 0.408203 0.978516 0.406250 0.978516 0.404297 0.982422 0.400391 0.982422 0.392578 0.978516 0.388672
0 0.511719 0.380859 0.507812 0.384766 0.505859 0.384766 0.503906 0.386719 0.500000 0.386719 0.496094 0.390625 0.496094 0.392578 0.492188 0.396484 0.492188 0.410156 0.496094 0.414062 0.503906 0.414062 0.505859 0.416016 0.513672 0.416016 0.517578 0.412109 0.517578 0.400391 0.521484 0.396484 0.523438 0.396484 0.527344 0.392578 0.527344 0.384766 0.523438 0.380859
0 0.396484 0.373047 0.392578 0.376953 0.392578 0.384766 0.396484 0.388672 0.404297 0.388672 0.408203 0.384766 0.408203 0.376953 0.404297 0.373047
0 0.347656 0.373047 0.343750 0.376953 0.343750 0.378906 0.341797 0.380859 0.339844 0.380859 0.335938 0.384766 0.335938 0.386719 0.332031 0.390625 0.332031 0.396484 0.330078 0.398438 0.328125 0.398438 0.324219 0.402344 0.324219 0.417969 0.326172 0.419922 0.324219 0.421875 0.324219 0.425781 0.322266 0.427734 0.322266 0.431641 0.318359 0.435547 0.316406 0.435547 0.312500 0.439453 0.312500 0.447266 0.316406 0.451172 0.335938 0.451172 0.337891 0.449219 0.339844 0.449219 0.351562 0.437500 0.353516 0.437500 0.359375 0.431641 0.359375 0.423828 0.355469 0.419922 0.345703 0.419922 0.343750 0.421875 0.341797 0.419922 0.341797 0.412109 0.351562 0.402344 0.351562 0.394531 0.359375 0.386719 0.359375 0.376953 0.355469 0.373047
0 0.226562 0.367188 0.222656 0.371094 0.222656 0.378906 0.226562 0.382812 0.234375 0.382812 0.238281 0.378906 0.238281 0.371094 0.234375 0.367188
0 0.089844 0.355469 0.085938 0.359375 0.085938 0.367188 0.089844 0.371094 0.097656 0.371094 0.101562 0.367188 0.101562 0.359375 0.097656 0.355469
0 0.222656 0.332031 0.218750 0.335938 0.218750 0.343750 0.222656 0.347656 0.222656 0.349609 0.220703 0.351562 0.220703 0.359375 0.224609 0.363281 0.232422 0.363281 0.236328 0.359375 0.236328 0.351562 0.232422 0.347656 0.232422 0.345703 0.234375 0.343750 0.234375 0.335938 0.230469 0.332031
0 0.410156 0.304688 0.406250 0.308594 0.406250 0.310547 0.404297 0.312500 0.384766 0.312500 0.378906 0.318359 0.378906 0.320312 0.376953 0.322266 0.376953 0.324219 0.373047 0.328125 0.367188 0.328125 0.363281 0.332031 0.363281 0.339844 0.367188 0.343750 0.369141 0.343750 0.371094 0.345703 0.382812 0.345703 0.388672 0.339844 0.390625 0.339844 0.396484 0.333984 0.396484 0.330078 0.398438 0.328125 0.416016 0.328125 0.421875 0.322266 0.421875 0.308594 0.417969 0.304688
0 0.179688 0.302734 0.175781 0.306641 0.175781 0.314453 0.179688 0.318359 0.187500 0.318359 0.191406 0.314453 0.191406 0.306641 0.187500 0.302734
0 0.214844 0.294922 0.210938 0.298828 0.210938 0.306641 0.216797 0.312500 0.212891 0.316406 0.212891 0.324219 0.216797 0.328125 0.224609 0.328125 0.228516 0.324219 0.228516 0.316406 0.222656 0.310547 0.226562 0.306641 0.226562 0.298828 0.222656 0.294922
0 0.210938 0.275391 0.207031 0.279297 0.207031 0.287109 0.210938 0.291016 0.218750 0.291016 0.222656 0.287109 0.222656 0.279297 0.218750 0.275391
0 0.205078 0.244141 0.201172 0.248047 0.201172 0.255859 0.205078 0.259766 0.212891 0.259766 0.216797 0.255859 0.216797 0.248047 0.212891 0.244141
0 0.902344 0.238281 0.898438 0.242188 0.898438 0.244141 0.896484 0.246094 0.896484 0.248047 0.894531 0.250000 0.894531 0.259766 0.896484 0.261719 0.896484 0.263672 0.892578 0.267578 0.892578 0.279297 0.890625 0.281250 0.890625 0.283203 0.886719 0.287109 0.886719 0.296875 0.884766 0.298828 0.884766 0.304688 0.882812 0.306641 0.882812 0.308594 0.878906 0.312500 0.878906 0.318359 0.876953 0.320312 0.876953 0.324219 0.875000 0.326172 0.875000 0.339844 0.873047 0.341797 0.873047 0.349609 0.878906 0.355469 0.875000 0.359375 0.875000 0.361328 0.873047 0.363281 0.871094 0.363281 0.867188 0.367188 0.867188 0.369141 0.865234 0.371094 0.865234 0.373047 0.863281 0.375000 0.863281 0.382812 0.859375 0.386719 0.859375 0.398438 0.861328 0.400391 0.861328 0.402344 0.859375 0.404297 0.859375 0.406250 0.857422 0.408203 0.851562 0.408203 0.847656 0.412109 0.847656 0.419922 0.849609 0.421875 0.849609 0.423828 0.847656 0.425781 0.847656 0.435547 0.843750 0.439453 0.843750 0.449219 0.839844 0.453125 0.839844 0.464844 0.841797 0.466797 0.841797 0.470703 0.839844 0.472656 0.839844 0.480469 0.837891 0.482422 0.833984 0.482422 0.830078 0.486328 0.830078 0.494141 0.832031 0.496094 0.832031 0.498047 0.828125 0.501953 0.828125 0.509766 0.830078 0.511719 0.830078 0.515625 0.828125 0.517578 0.828125 0.521484 0.824219 0.525391 0.824219 0.531250 0.822266 0.533203 0.820312 0.533203 0.816406 0.537109 0.816406 0.544922 0.820312 0.548828 0.820312 0.560547 0.818359 0.562500 0.818359 0.568359 0.816406 0.570312 0.814453 0.570312 0.810547 0.574219 0.810547 0.580078 0.808594 0.582031 0.808594 0.583984 0.804688 0.587891 0.804688 0.595703 0.798828 0.601562 0.798828 0.609375 0.802734 0.613281 0.802734 0.615234 0.800781 0.617188 0.800781 0.623047 0.798828 0.625000 0.798828 0.632812 0.796875 0.634766 0.796875 0.638672 0.792969 0.642578 0.792969 0.650391 0.794922 0.652344 0.791016 0.656250 0.789062 0.656250 0.785156 0.660156 0.785156 0.667969 0.787109 0.669922 0.785156 0.671875 0.783203 0.671875 0.779297 0.675781 0.779297 0.677734 0.777344 0.679688 0.777344 0.687500 0.781250 0.691406 0.783203 0.691406 0.785156 0.693359 0.785156 0.697266 0.783203 0.699219 0.783203 0.703125 0.781250 0.705078 0.777344 0.705078 0.773438 0.708984 0.773438 0.716797 0.777344 0.720703 0.773438 0.724609 0.773438 0.732422 0.775391 0.734375 0.773438 0.736328 0.773438 0.738281 0.771484 0.740234 0.771484 0.742188 0.769531 0.744141 0.769531 0.748047 0.767578 0.750000 0.767578 0.753906 0.765625 0.755859 0.765625 0.761719 0.763672 0.763672 0.763672 0.765625 0.761719 0.767578 0.761719 0.771484 0.759766 0.773438 0.759766 0.777344 0.755859 0.781250 0.755859 0.783203 0.751953 0.787109 0.751953 0.794922 0.755859 0.798828 0.763672 0.798828 0.775391 0.787109 0.775391 0.781250 0.777344 0.779297 0.777344 0.777344 0.779297 0.775391 0.779297 0.771484 0.781250 0.769531 0.781250 0.763672 0.783203 0.761719 0.783203 0.757812 0.785156 0.755859 0.785156 0.753906 0.787109 0.751953 0.787109 0.750000 0.789062 0.748047 0.789062 0.744141 0.787109 0.742188 0.787109 0.734375 0.789062 0.732422 0.789062 0.730469 0.791016 0.728516 0.791016 0.726562 0.792969 0.724609 0.792969 0.722656 0.796875 0.718750 0.796875 0.716797 0.798828 0.714844 0.798828 0.708984 0.800781 0.707031 0.800781 0.691406 0.804688 0.687500 0.804688 0.677734 0.806641 0.675781 0.806641 0.669922 0.808594 0.667969 0.808594 0.662109 0.810547 0.660156 0.810547 0.656250 0.812500 0.654297 0.812500 0.642578 0.814453 0.640625 0.814453 0.634766 0.816406 0.632812 0.816406 0.625000 0.818359 0.623047 0.818359 0.615234 0.820312 0.613281 0.820312 0.601562 0.822266 0.599609 0.822266 0.595703 0.824219 0.593750 0.824219 0.591797 0.828125 0.587891 0.828125 0.585938 0.830078 0.583984 0.830078 0.582031 0.832031 0.580078 0.832031 0.578125 0.833984 0.576172 0.833984 0.570312 0.835938 0.568359 0.835938 0.552734 0.837891 0.550781 0.837891 0.546875 0.839844 0.544922 0.839844 0.537109 0.841797 0.535156 0.841797 0.533203 0.843750 0.531250 0.843750 0.523438 0.845703 0.521484 0.845703 0.519531 0.847656 0.517578 0.847656 0.513672 0.849609 0.511719 0.849609 0.507812 0.851562 0.505859 0.851562 0.496094 0.853516 0.494141 0.853516 0.492188 0.855469 0.490234 0.855469 0.474609 0.859375 0.470703 0.859375 0.466797 0.861328 0.464844 0.861328 0.462891 0.863281 0.460938 0.863281 0.455078 0.865234 0.453125 0.865234 0.451172 0.867188 0.449219 0.867188 0.447266 0.869141 0.445312 0.869141 0.437500 0.871094 0.435547 0.871094 0.421875 0.873047 0.419922 0.873047 0.417969 0.875000 0.416016 0.875000 0.414062 0.876953 0.412109 0.876953 0.410156 0.878906 0.408203 0.878906 0.396484 0.880859 0.394531 0.882812 0.394531 0.886719 0.390625 0.886719 0.382812 0.882812 0.378906 0.890625 0.371094 0.890625 0.359375 0.886719 0.355469 0.886719 0.353516 0.892578 0.347656 0.892578 0.339844 0.890625 0.337891 0.890625 0.335938 0.892578 0.333984 0.892578 0.332031 0.898438 0.326172 0.898438 0.316406 0.900391 0.314453 0.900391 0.306641 0.902344 0.304688 0.902344 0.296875 0.906250 0.292969 0.906250 0.289062 0.908203 0.287109 0.908203 0.265625 0.912109 0.261719 0.912109 0.255859 0.917969 0.250000 0.917969 0.242188 0.914062 0.238281
0 0.328125 0.228516 0.324219 0.232422 0.298828 0.232422 0.296875 0.234375 0.294922 0.234375 0.291016 0.238281 0.291016 0.242188 0.287109 0.246094 0.287109 0.251953 0.285156 0.253906 0.277344 0.253906 0.273438 0.257812 0.273438 0.277344 0.275391 0.279297 0.275391 0.287109 0.277344 0.289062 0.277344 0.292969 0.285156 0.300781 0.302734 0.300781 0.306641 0.296875 0.310547 0.296875 0.316406 0.291016 0.316406 0.279297 0.318359 0.277344 0.318359 0.267578 0.320312 0.265625 0.324219 0.265625 0.333984 0.255859 0.343750 0.255859 0.345703 0.257812 0.353516 0.257812 0.355469 0.255859 0.357422 0.255859 0.359375 0.257812 0.384766 0.257812 0.386719 0.255859 0.388672 0.255859 0.390625 0.253906 0.396484 0.253906 0.400391 0.250000 0.400391 0.242188 0.394531 0.236328 0.394531 0.234375 0.390625 0.230469 0.380859 0.230469 0.375000 0.236328 0.373047 0.236328 0.367188 0.242188 0.353516 0.228516 0.345703 0.228516 0.341797 0.232422 0.339844 0.232422 0.335938 0.228516
0 0.472656 0.220703 0.468750 0.224609 0.466797 0.224609 0.464844 0.222656 0.451172 0.222656 0.449219 0.224609 0.439453 0.224609 0.437500 0.226562 0.435547 0.226562 0.433594 0.228516 0.431641 0.228516 0.425781 0.234375 0.425781 0.246094 0.429688 0.250000 0.439453 0.250000 0.441406 0.248047 0.447266 0.248047 0.449219 0.250000 0.470703 0.250000 0.472656 0.248047 0.486328 0.248047 0.492188 0.253906 0.505859 0.253906 0.507812 0.251953 0.509766 0.253906 0.509766 0.257812 0.507812 0.259766 0.507812 0.269531 0.501953 0.275391 0.501953 0.285156 0.505859 0.289062 0.515625 0.289062 0.517578 0.291016 0.515625 0.292969 0.505859 0.292969 0.501953 0.296875 0.492188 0.296875 0.486328 0.302734 0.486328 0.314453 0.490234 0.318359 0.496094 0.318359 0.498047 0.320312 0.498047 0.326172 0.503906 0.332031 0.505859 0.332031 0.507812 0.333984 0.507812 0.349609 0.511719 0.353516 0.509766 0.355469 0.505859 0.355469 0.500000 0.361328 0.500000 0.369141 0.503906 0.373047 0.511719 0.373047 0.513672 0.371094 0.517578 0.371094 0.521484 0.367188 0.521484 0.359375 0.517578 0.355469 0.523438 0.349609 0.523438 0.332031 0.519531 0.328125 0.517578 0.328125 0.515625 0.326172 0.515625 0.318359 0.521484 0.312500 0.521484 0.298828 0.515625 0.292969 0.517578 0.291016 0.525391 0.291016 0.529297 0.287109 0.529297 0.277344 0.527344 0.275391 0.527344 0.269531 0.525391 0.267578 0.531250 0.261719 0.531250 0.246094 0.523438 0.238281 0.515625 0.238281 0.511719 0.242188 0.509766 0.240234 0.509766 0.236328 0.505859 0.232422 0.505859 0.230469 0.503906 0.228516 0.503906 0.226562 0.500000 0.222656 0.492188 0.222656 0.490234 0.220703
0 0.152344 0.187500 0.148438 0.191406 0.148438 0.199219 0.152344 0.203125 0.160156 0.203125 0.164062 0.199219 0.164062 0.191406 0.160156 0.187500
0 0.876953 0.183594 0.873047 0.187500 0.873047 0.197266 0.871094 0.199219 0.871094 0.203125 0.869141 0.205078 0.869141 0.207031 0.867188 0.208984 0.867188 0.224609 0.871094 0.228516 0.878906 0.228516 0.882812 0.224609 0.884766 0.224609 0.888672 0.220703 0.888672 0.210938 0.890625 0.208984 0.890625 0.207031 0.892578 0.205078 0.892578 0.203125 0.894531 0.201172 0.894531 0.189453 0.890625 0.185547 0.886719 0.185547 0.884766 0.183594
0 0.183594 0.154297 0.179688 0.158203 0.179688 0.166016 0.183594 0.169922 0.191406 0.169922 0.195312 0.166016 0.195312 0.158203 0.191406 0.154297
0 0.171875 0.117188 0.167969 0.121094 0.167969 0.128906 0.171875 0.132812 0.179688 0.132812 0.183594 0.128906 0.183594 0.121094 0.179688 0.117188
0 0.935547 0.001953 0.931641 0.005859 0.929688 0.005859 0.927734 0.007812 0.925781 0.005859 0.914062 0.005859 0.908203 0.011719 0.908203 0.023438 0.910156 0.025391 0.910156 0.027344 0.912109 0.029297 0.912109 0.031250 0.914062 0.033203 0.914062 0.035156 0.910156 0.039062 0.910156 0.058594 0.906250 0.062500 0.906250 0.066406 0.904297 0.068359 0.904297 0.076172 0.908203 0.080078 0.916016 0.080078 0.917969 0.082031 0.916016 0.083984 0.910156 0.083984 0.906250 0.087891 0.906250 0.093750 0.904297 0.095703 0.904297 0.105469 0.906250 0.107422 0.904297 0.109375 0.898438 0.109375 0.894531 0.113281 0.894531 0.115234 0.892578 0.117188 0.892578 0.121094 0.888672 0.125000 0.888672 0.134766 0.884766 0.138672 0.884766 0.142578 0.882812 0.144531 0.882812 0.148438 0.880859 0.150391 0.880859 0.164062 0.884766 0.167969 0.892578 0.167969 0.894531 0.169922 0.894531 0.171875 0.898438 0.175781 0.898438 0.181641 0.902344 0.185547 0.904297 0.185547 0.906250 0.187500 0.906250 0.203125 0.904297 0.205078 0.902344 0.205078 0.898438 0.208984 0.898438 0.230469 0.902344 0.234375 0.912109 0.234375 0.917969 0.228516 0.917969 0.216797 0.921875 0.212891 0.921875 0.210938 0.923828 0.208984 0.923828 0.207031 0.921875 0.205078 0.921875 0.191406 0.923828 0.189453 0.921875 0.187500 0.925781 0.183594 0.925781 0.175781 0.923828 0.173828 0.923828 0.171875 0.925781 0.169922 0.925781 0.166016 0.927734 0.164062 0.927734 0.162109 0.929688 0.160156 0.929688 0.152344 0.933594 0.148438 0.933594 0.134766 0.931641 0.132812 0.933594 0.130859 0.933594 0.119141 0.929688 0.115234 0.921875 0.115234 0.916016 0.121094 0.916016 0.128906 0.914062 0.130859 0.912109 0.128906 0.912109 0.126953 0.910156 0.125000 0.910156 0.113281 0.908203 0.111328 0.910156 0.109375 0.931641 0.109375 0.935547 0.105469 0.935547 0.097656 0.937500 0.095703 0.937500 0.082031 0.941406 0.078125 0.941406 0.072266 0.943359 0.070312 0.943359 0.048828 0.945312 0.046875 0.945312 0.039062 0.941406 0.035156 0.939453 0.035156 0.937500 0.033203 0.939453 0.031250 0.941406 0.031250 0.945312 0.027344 0.945312 0.019531 0.947266 0.017578 0.947266 0.005859 0.943359 0.001953