0 0.898438 0.957031 0.894531 0.960938 0.894531 0.968750 0.896484 0.970703 0.896484 0.972656 0.894531 0.974609 0.892578 0.974609 0.888672 0.978516 0.888672 0.998047 0.904297 0.998047 0.904297 0.996094 0.908203 0.992188 0.908203 0.990234 0.910156 0.988281 0.910156 0.984375 0.912109 0.982422 0.912109 0.960938 0.908203 0.957031
0 0.873047 0.957031 0.869141 0.960938 0.869141 0.968750 0.865234 0.972656 0.865234 0.980469 0.867188 0.982422 0.865234 0.984375 0.865234 0.992188 0.869141 0.996094 0.869141 0.998047 0.884766 0.998047 0.884766 0.984375 0.882812 0.982422 0.884766 0.980469 0.884766 0.960938 0.880859 0.957031
0 0.953125 0.923828 0.949219 0.927734 0.949219 0.935547 0.951172 0.937500 0.947266 0.941406 0.947266 0.949219 0.951172 0.953125 0.958984 0.953125 0.962891 0.949219 0.962891 0.941406 0.960938 0.939453 0.964844 0.935547 0.964844 0.927734 0.960938 0.923828
0 0.687500 0.906250 0.679688 0.914062 0.671875 0.914062 0.667969 0.917969 0.667969 0.937500 0.666016 0.939453 0.660156 0.939453 0.656250 0.943359 0.656250 0.947266 0.654297 0.949219 0.654297 0.953125 0.652344 0.955078 0.652344 0.982422 0.656250 0.986328 0.662109 0.986328 0.664062 0.988281 0.664062 0.996094 0.666016 0.998047 0.677734 0.998047 0.679688 0.996094 0.679688 0.994141 0.681641 0.992188 0.681641 0.990234 0.685547 0.986328 0.685547 0.984375 0.689453 0.980469 0.689453 0.974609 0.691406 0.972656 0.691406 0.966797 0.693359 0.964844 0.693359 0.962891 0.695312 0.960938 0.695312 0.925781 0.693359 0.923828 0.699219 0.917969 0.699219 0.910156 0.695312 0.906250
0 0.955078 0.853516 0.945312 0.863281 0.945312 0.880859 0.947266 0.882812 0.947266 0.884766 0.943359 0.888672 0.943359 0.896484 0.947266 0.900391 0.968750 0.900391 0.972656 0.896484 0.972656 0.888672 0.966797 0.882812 0.966797 0.869141 0.970703 0.865234 0.970703 0.857422 0.966797 0.853516
0 0.906250 0.824219 0.902344 0.828125 0.902344 0.837891 0.900391 0.839844 0.900391 0.847656 0.898438 0.849609 0.898438 0.851562 0.896484 0.853516 0.896484 0.867188 0.900391 0.871094 0.908203 0.871094 0.912109 0.867188 0.912109 0.859375 0.916016 0.855469 0.916016 0.849609 0.917969 0.847656 0.917969 0.828125 0.914062 0.824219
0 0.955078 0.787109 0.949219 0.792969 0.949219 0.794922 0.947266 0.796875 0.947266 0.808594 0.951172 0.812500 0.943359 0.820312 0.943359 0.828125 0.947266 0.832031 0.955078 0.832031 0.957031 0.830078 0.958984 0.830078 0.962891 0.826172 0.964844 0.826172 0.970703 0.820312 0.970703 0.812500 0.966797 0.808594 0.964844 0.808594 0.962891 0.806641 0.962891 0.804688 0.964844 0.802734 0.964844 0.800781 0.966797 0.798828 0.966797 0.791016 0.962891 0.787109
0 0.923828 0.779297 0.917969 0.785156 0.917969 0.787109 0.916016 0.789062 0.916016 0.791016 0.914062 0.792969 0.914062 0.794922 0.912109 0.796875 0.912109 0.798828 0.910156 0.800781 0.910156 0.808594 0.914062 0.812500 0.921875 0.812500 0.929688 0.804688 0.929688 0.802734 0.931641 0.800781 0.931641 0.798828 0.933594 0.796875 0.933594 0.792969 0.935547 0.791016 0.935547 0.783203 0.931641 0.779297
0 0.970703 0.726562 0.962891 0.734375 0.962891 0.742188 0.966797 0.746094 0.976562 0.746094 0.984375 0.738281 0.984375 0.730469 0.980469 0.726562
0 0.900391 0.677734 0.896484 0.681641 0.896484 0.695312 0.894531 0.697266 0.894531 0.699219 0.892578 0.701172 0.892578 0.708984 0.890625 0.710938 0.890625 0.712891 0.888672 0.714844 0.888672 0.720703 0.886719 0.722656 0.886719 0.724609 0.884766 0.726562 0.884766 0.732422 0.882812 0.734375 0.882812 0.736328 0.878906 0.740234 0.878906 0.759766 0.875000 0.763672 0.875000 0.773438 0.871094 0.777344 0.871094 0.783203 0.867188 0.787109 0.867188 0.796875 0.871094 0.800781 0.878906 0.800781 0.886719 0.792969 0.886719 0.787109 0.888672 0.785156 0.888672 0.783203 0.890625 0.781250 0.890625 0.773438 0.894531 0.769531 0.894531 0.751953 0.898438 0.748047 0.898438 0.742188 0.900391 0.740234 0.900391 0.738281 0.902344 0.736328 0.902344 0.730469 0.904297 0.728516 0.904297 0.720703 0.908203 0.716797 0.908203 0.707031 0.912109 0.703125 0.912109 0.681641 0.908203 0.677734
0 0.966797 0.632812 0.960938 0.638672 0.960938 0.648438 0.958984 0.650391 0.958984 0.652344 0.957031 0.654297 0.957031 0.658203 0.955078 0.660156 0.955078 0.664062 0.953125 0.666016 0.953125 0.669922 0.951172 0.671875 0.951172 0.673828 0.949219 0.675781 0.949219 0.677734 0.947266 0.679688 0.947266 0.693359 0.945312 0.695312 0.945312 0.697266 0.943359 0.699219 0.943359 0.714844 0.939453 0.718750 0.939453 0.724609 0.937500 0.726562 0.937500 0.728516 0.935547 0.730469 0.935547 0.734375 0.933594 0.736328 0.933594 0.738281 0.931641 0.740234 0.931641 0.748047 0.935547 0.751953 0.935547 0.765625 0.943359 0.773438 0.945312 0.773438 0.947266 0.775391 0.955078 0.775391 0.958984 0.771484 0.960938 0.773438 0.968750 0.773438 0.976562 0.765625 0.976562 0.755859 0.972656 0.751953 0.964844 0.751953 0.957031 0.759766 0.955078 0.759766 0.951172 0.755859 0.951172 0.753906 0.947266 0.750000 0.949219 0.748047 0.949219 0.744141 0.951172 0.742188 0.951172 0.740234 0.953125 0.738281 0.953125 0.734375 0.955078 0.732422 0.955078 0.720703 0.958984 0.716797 0.958984 0.707031 0.960938 0.705078 0.960938 0.703125 0.962891 0.701172 0.962891 0.689453 0.964844 0.687500 0.964844 0.683594 0.966797 0.681641 0.966797 0.679688 0.968750 0.677734 0.968750 0.675781 0.970703 0.673828 0.970703 0.667969 0.972656 0.666016 0.972656 0.662109 0.974609 0.660156 0.974609 0.656250 0.976562 0.654297 0.976562 0.646484 0.978516 0.644531 0.978516 0.636719 0.974609 0.632812
0 0.925781 0.599609 0.923828 0.601562 0.921875 0.601562 0.919922 0.603516 0.917969 0.603516 0.914062 0.607422 0.914062 0.619141 0.917969 0.623047 0.925781 0.623047 0.933594 0.615234 0.935547 0.615234 0.939453 0.611328 0.939453 0.603516 0.935547 0.599609
0 0.996094 0.490234 0.992188 0.494141 0.992188 0.523438 0.988281 0.527344 0.984375 0.527344 0.980469 0.531250 0.980469 0.552734 0.982422 0.554688 0.982422 0.558594 0.986328 0.562500 0.994141 0.562500 0.998047 0.558594 0.998047 0.490234
0 0.000000 0.468750 0.000000 0.505859 0.003906 0.505859 0.013672 0.515625 0.013672 0.517578 0.015625 0.519531 0.011719 0.523438 0.009766 0.523438 0.000000 0.533203 0.000000 0.546875 0.001953 0.548828 0.001953 0.550781 0.000000 0.552734 0.000000 0.580078 0.011719 0.591797 0.011719 0.593750 0.013672 0.595703 0.013672 0.597656 0.007812 0.603516 0.007812 0.611328 0.009766 0.613281 0.009766 0.615234 0.005859 0.619141 0.005859 0.621094 0.003906 0.623047 0.003906 0.625000 0.001953 0.626953 0.001953 0.636719 0.003906 0.638672 0.001953 0.640625 0.000000 0.640625 0.000000 0.662109 0.005859 0.662109 0.007812 0.660156 0.009766 0.660156 0.011719 0.662109 0.009766 0.664062 0.009766 0.666016 0.003906 0.671875 0.001953 0.671875 0.000000 0.673828 0.000000 0.796875 0.003906 0.800781 0.029297 0.800781 0.035156 0.806641 0.046875 0.806641 0.050781 0.802734 0.050781 0.783203 0.052734 0.781250 0.056641 0.785156 0.054688 0.787109 0.054688 0.796875 0.060547 0.802734 0.062500 0.802734 0.070312 0.810547 0.072266 0.810547 0.076172 0.814453 0.072266 0.818359 0.072266 0.820312 0.068359 0.824219 0.068359 0.826172 0.064453 0.830078 0.060547 0.830078 0.056641 0.833984 0.056641 0.837891 0.054688 0.839844 0.052734 0.839844 0.048828 0.843750 0.046875 0.841797 0.046875 0.839844 0.044922 0.837891 0.044922 0.830078 0.042969 0.828125 0.042969 0.820312 0.039062 0.816406 0.031250 0.816406 0.027344 0.820312 0.025391 0.818359 0.025391 0.810547 0.021484 0.806641 0.013672 0.806641 0.007812 0.812500 0.005859 0.812500 0.001953 0.816406 0.001953 0.826172 0.000000 0.828125 0.000000 0.966797 0.007812 0.958984 0.009766 0.958984 0.015625 0.953125 0.017578 0.953125 0.019531 0.951172 0.021484 0.951172 0.023438 0.949219 0.031250 0.949219 0.035156 0.945312 0.037109 0.945312 0.041016 0.941406 0.046875 0.941406 0.050781 0.937500 0.050781 0.935547 0.052734 0.933594 0.062500 0.933594 0.064453 0.931641 0.066406 0.931641 0.076172 0.921875 0.076172 0.919922 0.082031 0.914062 0.082031 0.910156 0.083984 0.908203 0.087891 0.908203 0.089844 0.906250 0.093750 0.906250 0.095703 0.904297 0.103516 0.904297 0.107422 0.900391 0.107422 0.894531 0.109375 0.892578 0.138672 0.892578 0.140625 0.894531 0.148438 0.894531 0.152344 0.890625 0.152344 0.882812 0.148438 0.878906 0.142578 0.878906 0.140625 0.876953 0.136719 0.876953 0.134766 0.875000 0.134766 0.871094 0.132812 0.869141 0.132812 0.863281 0.130859 0.861328 0.130859 0.859375 0.128906 0.857422 0.128906 0.833984 0.123047 0.828125 0.121094 0.828125 0.119141 0.826172 0.123047 0.822266 0.123047 0.808594 0.121094 0.806641 0.132812 0.794922 0.132812 0.785156 0.128906 0.781250 0.130859 0.779297 0.130859 0.759766 0.125000 0.753906 0.128906 0.750000 0.128906 0.728516 0.126953 0.726562 0.126953 0.724609 0.125000 0.722656 0.125000 0.697266 0.123047 0.695312 0.123047 0.671875 0.119141 0.667969 0.117188 0.667969 0.115234 0.666016 0.115234 0.662109 0.117188 0.660156 0.117188 0.652344 0.113281 0.648438 0.113281 0.644531 0.111328 0.642578 0.113281 0.640625 0.113281 0.609375 0.115234 0.607422 0.115234 0.605469 0.113281 0.603516 0.113281 0.601562 0.111328 0.599609 0.111328 0.597656 0.109375 0.595703 0.109375 0.593750 0.107422 0.591797 0.107422 0.585938 0.105469 0.583984 0.105469 0.572266 0.103516 0.570312 0.103516 0.568359 0.101562 0.566406 0.101562 0.562500 0.099609 0.560547 0.099609 0.558594 0.097656 0.556641 0.097656 0.554688 0.087891 0.544922 0.083984 0.544922 0.078125 0.539062 0.078125 0.533203 0.072266 0.527344 0.072266 0.517578 0.068359 0.513672 0.062500 0.513672 0.060547 0.511719 0.062500 0.509766 0.062500 0.501953 0.058594 0.498047 0.044922 0.498047 0.041016 0.501953 0.041016 0.503906 0.037109 0.507812 0.035156 0.507812 0.033203 0.509766 0.031250 0.509766 0.029297 0.507812 0.029297 0.505859 0.037109 0.498047 0.037109 0.484375 0.035156 0.482422 0.035156 0.480469 0.031250 0.476562 0.023438 0.476562 0.021484 0.474609 0.019531 0.474609 0.017578 0.472656 0.015625 0.472656 0.011719 0.468750
0 0.845703 0.464844 0.841797 0.468750 0.841797 0.480469 0.839844 0.482422 0.839844 0.488281 0.835938 0.492188 0.835938 0.496094 0.833984 0.498047 0.833984 0.501953 0.832031 0.503906 0.832031 0.511719 0.828125 0.515625 0.828125 0.523438 0.826172 0.525391 0.826172 0.529297 0.824219 0.531250 0.824219 0.550781 0.820312 0.554688 0.820312 0.560547 0.818359 0.562500 0.818359 0.570312 0.816406 0.572266 0.816406 0.578125 0.814453 0.580078 0.814453 0.585938 0.810547 0.589844 0.810547 0.593750 0.806641 0.597656 0.806641 0.599609 0.802734 0.603516 0.802734 0.623047 0.800781 0.625000 0.800781 0.632812 0.798828 0.634766 0.798828 0.636719 0.796875 0.638672 0.796875 0.646484 0.794922 0.648438 0.794922 0.662109 0.792969 0.664062 0.792969 0.666016 0.789062 0.669922 0.789062 0.673828 0.787109 0.675781 0.787109 0.681641 0.785156 0.683594 0.785156 0.685547 0.783203 0.687500 0.783203 0.697266 0.781250 0.699219 0.781250 0.701172 0.779297 0.703125 0.779297 0.710938 0.777344 0.712891 0.777344 0.714844 0.775391 0.716797 0.775391 0.718750 0.773438 0.720703 0.773438 0.730469 0.769531 0.734375 0.769531 0.742188 0.767578 0.744141 0.767578 0.748047 0.765625 0.750000 0.765625 0.761719 0.763672 0.763672 0.763672 0.771484 0.761719 0.773438 0.761719 0.779297 0.759766 0.781250 0.759766 0.789062 0.763672 0.792969 0.773438 0.792969 0.777344 0.789062 0.777344 0.779297 0.779297 0.777344 0.779297 0.771484 0.781250 0.769531 0.781250 0.759766 0.783203 0.757812 0.783203 0.751953 0.785156 0.750000 0.785156 0.742188 0.789062 0.738281 0.789062 0.730469 0.791016 0.728516 0.791016 0.724609 0.792969 0.722656 0.792969 0.720703 0.794922 0.718750 0.794922 0.712891 0.796875 0.710938 0.796875 0.707031 0.798828 0.705078 0.798828 0.693359 0.802734 0.689453 0.802734 0.683594 0.804688 0.681641 0.804688 0.679688 0.808594 0.675781 0.808594 0.671875 0.810547 0.669922 0.810547 0.650391 0.814453 0.646484 0.814453 0.642578 0.816406 0.640625 0.816406 0.632812 0.818359 0.630859 0.818359 0.613281 0.822266 0.609375 0.822266 0.605469 0.826172 0.601562 0.826172 0.599609 0.830078 0.595703 0.830078 0.587891 0.832031 0.585938 0.832031 0.580078 0.833984 0.578125 0.833984 0.568359 0.839844 0.562500 0.839844 0.539062 0.841797 0.537109 0.841797 0.533203 0.843750 0.531250 0.843750 0.525391 0.847656 0.521484 0.847656 0.511719 0.849609 0.509766 0.849609 0.505859 0.851562 0.503906 0.851562 0.500000 0.855469 0.496094 0.855469 0.490234 0.857422 0.488281 0.857422 0.468750 0.853516 0.464844
0 0.505859 0.460938 0.501953 0.464844 0.501953 0.466797 0.500000 0.468750 0.500000 0.482422 0.503906 0.486328 0.511719 0.486328 0.515625 0.482422 0.515625 0.478516 0.517578 0.476562 0.517578 0.464844 0.513672 0.460938
0 0.445312 0.437500 0.443359 0.439453 0.441406 0.439453 0.437500 0.443359 0.437500 0.449219 0.433594 0.453125 0.433594 0.455078 0.429688 0.458984 0.429688 0.464844 0.427734 0.466797 0.427734 0.468750 0.425781 0.470703 0.423828 0.470703 0.419922 0.474609 0.419922 0.476562 0.417969 0.478516 0.417969 0.480469 0.412109 0.486328 0.402344 0.486328 0.396484 0.480469 0.388672 0.480469 0.384766 0.484375 0.359375 0.484375 0.355469 0.488281 0.355469 0.496094 0.359375 0.500000 0.380859 0.500000 0.382812 0.501953 0.390625 0.501953 0.392578 0.503906 0.408203 0.503906 0.410156 0.501953 0.425781 0.501953 0.429688 0.498047 0.429688 0.494141 0.433594 0.490234 0.433594 0.488281 0.437500 0.484375 0.439453 0.486328 0.453125 0.486328 0.455078 0.484375 0.474609 0.484375 0.478516 0.480469 0.478516 0.472656 0.474609 0.468750 0.455078 0.468750 0.453125 0.466797 0.453125 0.464844 0.457031 0.460938 0.457031 0.441406 0.453125 0.437500
0 0.177734 0.433594 0.171875 0.439453 0.169922 0.439453 0.166016 0.443359 0.166016 0.451172 0.169922 0.455078 0.177734 0.455078 0.183594 0.449219 0.185547 0.449219 0.189453 0.445312 0.189453 0.437500 0.185547 0.433594
0 0.324219 0.431641 0.318359 0.437500 0.318359 0.439453 0.312500 0.445312 0.312500 0.453125 0.316406 0.457031 0.328125 0.457031 0.330078 0.458984 0.330078 0.466797 0.333984 0.470703 0.335938 0.470703 0.337891 0.472656 0.347656 0.472656 0.351562 0.468750 0.351562 0.460938 0.347656 0.457031 0.345703 0.457031 0.343750 0.455078 0.335938 0.455078 0.333984 0.453125 0.339844 0.447266 0.339844 0.437500 0.335938 0.433594 0.333984 0.433594 0.332031 0.431641
0 0.199219 0.431641 0.195312 0.435547 0.195312 0.443359 0.199219 0.447266 0.207031 0.447266 0.210938 0.443359 0.210938 0.435547 0.207031 0.431641
0 0.970703 0.396484 0.966797 0.400391 0.966797 0.406250 0.964844 0.408203 0.964844 0.419922 0.962891 0.421875 0.962891 0.423828 0.960938 0.425781 0.960938 0.429688 0.957031 0.433594 0.957031 0.441406 0.955078 0.443359 0.955078 0.445312 0.953125 0.447266 0.953125 0.451172 0.951172 0.453125 0.951172 0.455078 0.949219 0.457031 0.949219 0.470703 0.947266 0.472656 0.947266 0.482422 0.943359 0.486328 0.931641 0.486328 0.927734 0.490234 0.927734 0.498047 0.931641 0.501953 0.939453 0.501953 0.941406 0.503906 0.941406 0.509766 0.939453 0.511719 0.939453 0.513672 0.929688 0.523438 0.929688 0.525391 0.927734 0.527344 0.927734 0.535156 0.931641 0.539062 0.933594 0.539062 0.935547 0.541016 0.935547 0.546875 0.939453 0.550781 0.949219 0.550781 0.953125 0.546875 0.953125 0.537109 0.955078 0.535156 0.955078 0.521484 0.957031 0.519531 0.957031 0.507812 0.958984 0.505859 0.958984 0.501953 0.960938 0.500000 0.960938 0.494141 0.962891 0.492188 0.962891 0.480469 0.964844 0.478516 0.964844 0.466797 0.966797 0.464844 0.966797 0.460938 0.968750 0.458984 0.968750 0.457031 0.970703 0.455078 0.970703 0.453125 0.972656 0.451172 0.972656 0.443359 0.976562 0.439453 0.976562 0.433594 0.978516 0.431641 0.978516 0.429688 0.980469 0.427734 0.980469 0.414062 0.982422 0.412109 0.982422 0.400391 0.978516 0.396484
0 0.503906 0.388672 0.500000 0.392578 0.500000 0.402344 0.501953 0.404297 0.501953 0.439453 0.505859 0.443359 0.513672 0.443359 0.517578 0.439453 0.517578 0.396484 0.515625 0.394531 0.515625 0.392578 0.511719 0.388672
0 0.236328 0.382812 0.232422 0.386719 0.232422 0.394531 0.236328 0.398438 0.244141 0.398438 0.248047 0.394531 0.248047 0.386719 0.244141 0.382812
0 0.876953 0.363281 0.873047 0.367188 0.873047 0.373047 0.869141 0.376953 0.869141 0.378906 0.867188 0.380859 0.867188 0.390625 0.865234 0.392578 0.865234 0.398438 0.863281 0.400391 0.863281 0.402344 0.861328 0.404297 0.861328 0.406250 0.859375 0.408203 0.859375 0.410156 0.855469 0.414062 0.855469 0.433594 0.859375 0.437500 0.867188 0.437500 0.871094 0.433594 0.871094 0.423828 0.875000 0.419922 0.875000 0.416016 0.878906 0.412109 0.878906 0.408203 0.880859 0.406250 0.880859 0.400391 0.882812 0.398438 0.882812 0.386719 0.888672 0.380859 0.888672 0.367188 0.884766 0.363281
0 0.498047 0.335938 0.494141 0.339844 0.494141 0.349609 0.501953 0.357422 0.501953 0.359375 0.505859 0.363281 0.513672 0.363281 0.517578 0.359375 0.517578 0.351562 0.515625 0.349609 0.515625 0.345703 0.505859 0.335938
0 0.404297 0.308594 0.400391 0.312500 0.400391 0.322266 0.404297 0.326172 0.412109 0.326172 0.416016 0.322266 0.416016 0.312500 0.412109 0.308594
0 0.308594 0.285156 0.298828 0.294922 0.298828 0.304688 0.302734 0.308594 0.310547 0.308594 0.314453 0.304688 0.316406 0.304688 0.320312 0.300781 0.320312 0.289062 0.316406 0.285156
0 0.341797 0.236328 0.337891 0.240234 0.337891 0.248047 0.341797 0.251953 0.349609 0.251953 0.351562 0.250000 0.357422 0.255859 0.376953 0.255859 0.378906 0.253906 0.386719 0.253906 0.390625 0.250000 0.390625 0.242188 0.386719 0.238281 0.373047 0.238281 0.371094 0.240234 0.357422 0.240234 0.355469 0.242188 0.349609 0.236328
0 0.296875 0.236328 0.291016 0.242188 0.291016 0.244141 0.289062 0.246094 0.289062 0.248047 0.283203 0.253906 0.283203 0.261719 0.287109 0.265625 0.287109 0.269531 0.292969 0.275391 0.306641 0.275391 0.308594 0.273438 0.314453 0.273438 0.316406 0.271484 0.320312 0.271484 0.324219 0.267578 0.324219 0.253906 0.326172 0.251953 0.326172 0.244141 0.322266 0.240234 0.312500 0.240234 0.308594 0.236328
0 0.123047 0.220703 0.119141 0.224609 0.119141 0.232422 0.123047 0.236328 0.130859 0.236328 0.134766 0.232422 0.134766 0.224609 0.130859 0.220703
0 0.476562 0.218750 0.472656 0.222656 0.472656 0.224609 0.470703 0.226562 0.453125 0.226562 0.451172 0.228516 0.449219 0.226562 0.433594 0.226562 0.429688 0.230469 0.429688 0.246094 0.433594 0.250000 0.445312 0.250000 0.447266 0.248047 0.453125 0.248047 0.457031 0.244141 0.458984 0.246094 0.458984 0.248047 0.462891 0.251953 0.472656 0.251953 0.476562 0.248047 0.476562 0.246094 0.478516 0.244141 0.484375 0.244141 0.490234 0.250000 0.498047 0.250000 0.503906 0.244141 0.513672 0.244141 0.515625 0.246094 0.511719 0.250000 0.511719 0.267578 0.507812 0.271484 0.507812 0.281250 0.505859 0.283203 0.505859 0.285156 0.503906 0.287109 0.503906 0.292969 0.500000 0.296875 0.500000 0.304688 0.503906 0.308594 0.511719 0.308594 0.519531 0.300781 0.519531 0.294922 0.521484 0.292969 0.521484 0.289062 0.523438 0.287109 0.523438 0.279297 0.527344 0.275391 0.527344 0.259766 0.531250 0.255859 0.531250 0.248047 0.527344 0.244141 0.519531 0.244141 0.517578 0.246094 0.515625 0.246094 0.513672 0.244141 0.517578 0.240234 0.517578 0.232422 0.513672 0.228516 0.507812 0.228516 0.501953 0.222656 0.488281 0.222656 0.484375 0.218750
0 0.162109 0.123047 0.158203 0.126953 0.158203 0.134766 0.162109 0.138672 0.169922 0.138672 0.173828 0.134766 0.173828 0.126953 0.169922 0.123047
0 0.931641 0.000000 0.931641 0.005859 0.929688 0.007812 0.929688 0.013672 0.927734 0.015625 0.927734 0.017578 0.925781 0.019531 0.925781 0.042969 0.927734 0.044922 0.927734 0.074219 0.925781 0.076172 0.925781 0.080078 0.923828 0.082031 0.923828 0.089844 0.921875 0.091797 0.917969 0.091797 0.914062 0.095703 0.914062 0.107422 0.912109 0.109375 0.912109 0.113281 0.910156 0.115234 0.906250 0.111328 0.898438 0.111328 0.894531 0.115234 0.894531 0.123047 0.898438 0.126953 0.894531 0.130859 0.894531 0.138672 0.898438 0.142578 0.912109 0.142578 0.916016 0.138672 0.917969 0.140625 0.917969 0.144531 0.921875 0.148438 0.931641 0.148438 0.937500 0.142578 0.937500 0.101562 0.939453 0.099609 0.939453 0.089844 0.941406 0.087891 0.941406 0.083984 0.943359 0.082031 0.943359 0.037109 0.941406 0.035156 0.941406 0.025391 0.943359 0.023438 0.943359 0.021484 0.945312 0.019531 0.945312 0.015625 0.947266 0.013672 0.947266 0.000000