0 0.800781 0.984375 0.794922 0.990234 0.794922 0.998047 0.810547 0.998047 0.812500 0.996094 0.812500 0.988281 0.808594 0.984375
0 0.919922 0.960938 0.916016 0.964844 0.916016 0.974609 0.914062 0.976562 0.914062 0.982422 0.910156 0.986328 0.910156 0.998047 0.925781 0.998047 0.925781 0.996094 0.927734 0.994141 0.927734 0.992188 0.929688 0.990234 0.929688 0.978516 0.931641 0.976562 0.931641 0.964844 0.927734 0.960938
0 0.757812 0.958984 0.755859 0.960938 0.753906 0.960938 0.748047 0.966797 0.748047 0.974609 0.751953 0.978516 0.759766 0.978516 0.763672 0.974609 0.765625 0.974609 0.769531 0.970703 0.769531 0.962891 0.765625 0.958984
0 0.662109 0.943359 0.658203 0.947266 0.658203 0.955078 0.662109 0.958984 0.662109 0.966797 0.666016 0.970703 0.681641 0.970703 0.687500 0.976562 0.691406 0.976562 0.693359 0.978516 0.695312 0.978516 0.697266 0.980469 0.710938 0.980469 0.712891 0.978516 0.714844 0.980469 0.720703 0.980469 0.722656 0.982422 0.738281 0.982422 0.742188 0.978516 0.742188 0.966797 0.738281 0.962891 0.716797 0.962891 0.712891 0.966797 0.710938 0.964844 0.705078 0.964844 0.703125 0.962891 0.701172 0.962891 0.699219 0.960938 0.687500 0.960938 0.681641 0.955078 0.681641 0.947266 0.677734 0.943359
0 0.480469 0.921875 0.470703 0.931641 0.470703 0.935547 0.468750 0.937500 0.468750 0.960938 0.470703 0.962891 0.470703 0.966797 0.472656 0.968750 0.472656 0.970703 0.476562 0.974609 0.476562 0.980469 0.474609 0.982422 0.474609 0.996094 0.476562 0.998047 0.533203 0.998047 0.533203 0.988281 0.531250 0.986328 0.531250 0.978516 0.533203 0.976562 0.535156 0.976562 0.539062 0.972656 0.539062 0.949219 0.535156 0.945312 0.525391 0.945312 0.521484 0.949219 0.521484 0.957031 0.523438 0.958984 0.523438 0.960938 0.521484 0.962891 0.519531 0.962891 0.515625 0.966797 0.511719 0.966797 0.509766 0.968750 0.500000 0.968750 0.498047 0.970703 0.494141 0.970703 0.492188 0.968750 0.492188 0.964844 0.486328 0.958984 0.486328 0.955078 0.484375 0.953125 0.484375 0.947266 0.486328 0.945312 0.486328 0.941406 0.490234 0.937500 0.498047 0.937500 0.501953 0.933594 0.501953 0.925781 0.498047 0.921875
0 0.642578 0.890625 0.640625 0.892578 0.632812 0.892578 0.628906 0.896484 0.628906 0.906250 0.630859 0.908203 0.630859 0.910156 0.634766 0.914062 0.642578 0.914062 0.644531 0.912109 0.646484 0.912109 0.650391 0.908203 0.652344 0.908203 0.656250 0.904297 0.656250 0.896484 0.650391 0.890625
0 0.875000 0.773438 0.869141 0.779297 0.869141 0.791016 0.873047 0.794922 0.875000 0.794922 0.878906 0.798828 0.886719 0.798828 0.888672 0.800781 0.896484 0.800781 0.900391 0.796875 0.900391 0.789062 0.896484 0.785156 0.894531 0.785156 0.892578 0.783203 0.890625 0.783203 0.886719 0.779297 0.886719 0.777344 0.882812 0.773438
0 0.921875 0.769531 0.917969 0.773438 0.917969 0.781250 0.921875 0.785156 0.929688 0.785156 0.933594 0.781250 0.933594 0.773438 0.929688 0.769531
0 0.796875 0.714844 0.792969 0.718750 0.792969 0.728516 0.789062 0.732422 0.789062 0.740234 0.792969 0.744141 0.800781 0.744141 0.802734 0.742188 0.804688 0.742188 0.808594 0.738281 0.808594 0.730469 0.806641 0.728516 0.808594 0.726562 0.808594 0.718750 0.804688 0.714844
0 0.910156 0.701172 0.906250 0.705078 0.906250 0.712891 0.910156 0.716797 0.910156 0.726562 0.912109 0.728516 0.912109 0.730469 0.916016 0.734375 0.917969 0.734375 0.919922 0.736328 0.927734 0.736328 0.931641 0.732422 0.931641 0.726562 0.933594 0.724609 0.941406 0.724609 0.945312 0.720703 0.947266 0.720703 0.951172 0.716797 0.951172 0.708984 0.947266 0.705078 0.939453 0.705078 0.935547 0.708984 0.925781 0.708984 0.923828 0.710938 0.921875 0.708984 0.921875 0.705078 0.917969 0.701172
0 0.576172 0.681641 0.570312 0.687500 0.566406 0.687500 0.562500 0.691406 0.562500 0.701172 0.566406 0.705078 0.574219 0.705078 0.576172 0.703125 0.580078 0.703125 0.589844 0.693359 0.589844 0.685547 0.585938 0.681641
0 0.806641 0.613281 0.802734 0.617188 0.802734 0.619141 0.800781 0.621094 0.800781 0.640625 0.798828 0.642578 0.796875 0.642578 0.792969 0.646484 0.792969 0.654297 0.796875 0.658203 0.796875 0.669922 0.800781 0.673828 0.798828 0.675781 0.796875 0.675781 0.794922 0.677734 0.792969 0.677734 0.789062 0.681641 0.789062 0.691406 0.792969 0.695312 0.800781 0.695312 0.804688 0.691406 0.806641 0.691406 0.808594 0.689453 0.810547 0.689453 0.816406 0.683594 0.816406 0.628906 0.818359 0.626953 0.818359 0.617188 0.814453 0.613281
0 0.542969 0.593750 0.539062 0.597656 0.539062 0.605469 0.542969 0.609375 0.542969 0.611328 0.539062 0.615234 0.539062 0.623047 0.542969 0.626953 0.542969 0.628906 0.539062 0.632812 0.539062 0.640625 0.542969 0.644531 0.550781 0.644531 0.554688 0.640625 0.554688 0.632812 0.550781 0.628906 0.550781 0.626953 0.554688 0.623047 0.554688 0.615234 0.550781 0.611328 0.550781 0.609375 0.554688 0.605469 0.554688 0.597656 0.550781 0.593750
0 0.544922 0.570312 0.541016 0.574219 0.541016 0.582031 0.544922 0.585938 0.552734 0.585938 0.556641 0.582031 0.556641 0.574219 0.552734 0.570312
0 0.578125 0.566406 0.574219 0.570312 0.574219 0.578125 0.576172 0.580078 0.576172 0.595703 0.580078 0.599609 0.587891 0.599609 0.589844 0.597656 0.591797 0.597656 0.601562 0.587891 0.601562 0.582031 0.603516 0.580078 0.603516 0.570312 0.599609 0.566406
0 0.878906 0.562500 0.876953 0.564453 0.859375 0.564453 0.855469 0.568359 0.855469 0.574219 0.853516 0.576172 0.851562 0.576172 0.849609 0.578125 0.845703 0.578125 0.835938 0.587891 0.835938 0.589844 0.828125 0.597656 0.828125 0.599609 0.826172 0.601562 0.826172 0.609375 0.833984 0.617188 0.837891 0.617188 0.839844 0.619141 0.847656 0.619141 0.849609 0.617188 0.851562 0.617188 0.857422 0.611328 0.865234 0.611328 0.867188 0.609375 0.869141 0.611328 0.869141 0.615234 0.871094 0.617188 0.875000 0.617188 0.876953 0.615234 0.876953 0.613281 0.878906 0.611328 0.882812 0.615234 0.884766 0.615234 0.892578 0.623047 0.908203 0.623047 0.912109 0.626953 0.916016 0.626953 0.917969 0.625000 0.919922 0.625000 0.923828 0.628906 0.923828 0.636719 0.925781 0.638672 0.931641 0.638672 0.933594 0.636719 0.933594 0.634766 0.941406 0.626953 0.941406 0.623047 0.945312 0.619141 0.945312 0.617188 0.947266 0.615234 0.949219 0.615234 0.951172 0.617188 0.951172 0.623047 0.953125 0.625000 0.957031 0.625000 0.958984 0.623047 0.966797 0.630859 0.966797 0.632812 0.970703 0.636719 0.970703 0.638672 0.980469 0.648438 0.990234 0.648438 0.992188 0.646484 0.994141 0.646484 0.998047 0.642578 0.998047 0.626953 0.996094 0.625000 0.998047 0.623047 0.998047 0.593750 0.994141 0.593750 0.990234 0.597656 0.986328 0.593750 0.978516 0.593750 0.976562 0.595703 0.970703 0.589844 0.960938 0.589844 0.958984 0.587891 0.958984 0.583984 0.957031 0.582031 0.943359 0.582031 0.941406 0.583984 0.939453 0.583984 0.937500 0.582031 0.937500 0.580078 0.931641 0.574219 0.923828 0.574219 0.921875 0.572266 0.916016 0.572266 0.906250 0.582031 0.900391 0.582031 0.898438 0.580078 0.900391 0.578125 0.904297 0.578125 0.906250 0.576172 0.906250 0.572266 0.904297 0.570312 0.898438 0.570312 0.894531 0.566406 0.890625 0.566406 0.886719 0.562500
0 0.550781 0.546875 0.546875 0.550781 0.546875 0.558594 0.550781 0.562500 0.558594 0.562500 0.562500 0.558594 0.562500 0.550781 0.558594 0.546875
0 0.111328 0.527344 0.107422 0.531250 0.107422 0.539062 0.111328 0.542969 0.119141 0.542969 0.123047 0.539062 0.123047 0.531250 0.119141 0.527344
0 0.679688 0.517578 0.675781 0.521484 0.675781 0.539062 0.679688 0.542969 0.687500 0.542969 0.691406 0.539062 0.691406 0.521484 0.687500 0.517578
0 0.107422 0.505859 0.103516 0.509766 0.103516 0.517578 0.107422 0.521484 0.115234 0.521484 0.119141 0.517578 0.119141 0.509766 0.115234 0.505859
0 0.800781 0.501953 0.794922 0.507812 0.794922 0.517578 0.792969 0.519531 0.792969 0.533203 0.798828 0.539062 0.798828 0.541016 0.802734 0.544922 0.810547 0.544922 0.814453 0.541016 0.814453 0.525391 0.816406 0.523438 0.816406 0.521484 0.818359 0.519531 0.818359 0.505859 0.814453 0.501953
0 0.880859 0.478516 0.876953 0.482422 0.876953 0.490234 0.880859 0.494141 0.894531 0.494141 0.898438 0.490234 0.898438 0.482422 0.894531 0.478516
0 0.861328 0.468750 0.859375 0.470703 0.855469 0.470703 0.851562 0.474609 0.851562 0.482422 0.855469 0.486328 0.857422 0.486328 0.861328 0.490234 0.869141 0.490234 0.873047 0.486328 0.873047 0.472656 0.869141 0.468750
0 0.994141 0.460938 0.990234 0.464844 0.990234 0.468750 0.988281 0.470703 0.984375 0.470703 0.980469 0.474609 0.980469 0.476562 0.978516 0.478516 0.978516 0.486328 0.982422 0.490234 0.990234 0.490234 0.994141 0.486328 0.994141 0.484375 0.996094 0.482422 0.996094 0.480469 0.998047 0.478516 0.998047 0.460938
0 0.984375 0.306641 0.982422 0.308594 0.980469 0.308594 0.976562 0.312500 0.976562 0.320312 0.980469 0.324219 0.984375 0.324219 0.986328 0.326172 0.994141 0.326172 0.996094 0.324219 0.998047 0.324219 0.998047 0.306641
0 0.914062 0.289062 0.910156 0.292969 0.910156 0.300781 0.914062 0.304688 0.921875 0.304688 0.925781 0.300781 0.925781 0.292969 0.921875 0.289062
0 0.951172 0.250000 0.945312 0.255859 0.945312 0.257812 0.943359 0.259766 0.943359 0.265625 0.941406 0.267578 0.941406 0.277344 0.945312 0.281250 0.953125 0.281250 0.957031 0.277344 0.957031 0.275391 0.958984 0.273438 0.958984 0.269531 0.960938 0.267578 0.960938 0.265625 0.962891 0.263672 0.962891 0.253906 0.958984 0.250000
0 0.933594 0.210938 0.929688 0.214844 0.929688 0.226562 0.931641 0.228516 0.931641 0.230469 0.939453 0.238281 0.947266 0.238281 0.951172 0.234375 0.951172 0.222656 0.945312 0.216797 0.945312 0.214844 0.941406 0.210938
0 0.708984 0.144531 0.705078 0.148438 0.705078 0.156250 0.708984 0.160156 0.716797 0.160156 0.720703 0.156250 0.720703 0.148438 0.716797 0.144531