0 0.562500 0.972656 0.558594 0.976562 0.558594 0.984375 0.562500 0.988281 0.570312 0.988281 0.574219 0.984375 0.574219 0.976562 0.570312 0.972656
0 0.060547 0.972656 0.056641 0.976562 0.056641 0.978516 0.050781 0.984375 0.050781 0.992188 0.056641 0.998047 0.095703 0.998047 0.095703 0.986328 0.087891 0.978516 0.080078 0.978516 0.078125 0.976562 0.076172 0.976562 0.074219 0.974609 0.070312 0.974609 0.068359 0.972656
0 0.238281 0.968750 0.234375 0.972656 0.234375 0.982422 0.238281 0.986328 0.246094 0.986328 0.248047 0.984375 0.250000 0.984375 0.253906 0.980469 0.253906 0.972656 0.250000 0.968750
0 0.699219 0.947266 0.695312 0.951172 0.695312 0.960938 0.703125 0.968750 0.707031 0.968750 0.708984 0.970703 0.716797 0.970703 0.718750 0.972656 0.716797 0.974609 0.716797 0.988281 0.720703 0.992188 0.728516 0.992188 0.732422 0.988281 0.732422 0.974609 0.728516 0.970703 0.724609 0.970703 0.722656 0.968750 0.724609 0.966797 0.724609 0.958984 0.720703 0.955078 0.720703 0.953125 0.716797 0.949219 0.712891 0.949219 0.710938 0.947266
0 0.542969 0.941406 0.539062 0.945312 0.539062 0.953125 0.542969 0.957031 0.550781 0.957031 0.554688 0.953125 0.554688 0.945312 0.550781 0.941406
0 0.373047 0.935547 0.361328 0.947266 0.355469 0.947266 0.351562 0.951172 0.351562 0.955078 0.347656 0.958984 0.347656 0.964844 0.345703 0.966797 0.345703 0.968750 0.343750 0.970703 0.343750 0.972656 0.339844 0.976562 0.339844 0.984375 0.343750 0.988281 0.351562 0.988281 0.353516 0.986328 0.355469 0.986328 0.359375 0.982422 0.359375 0.980469 0.361328 0.978516 0.361328 0.976562 0.363281 0.974609 0.363281 0.968750 0.365234 0.966797 0.367188 0.968750 0.380859 0.968750 0.384766 0.964844 0.384766 0.957031 0.380859 0.953125 0.384766 0.949219 0.384766 0.939453 0.380859 0.935547
0 0.226562 0.935547 0.222656 0.939453 0.222656 0.947266 0.226562 0.951172 0.228516 0.951172 0.230469 0.953125 0.238281 0.953125 0.242188 0.949219 0.242188 0.939453 0.238281 0.935547
0 0.658203 0.923828 0.656250 0.925781 0.654297 0.925781 0.652344 0.927734 0.650391 0.927734 0.646484 0.931641 0.642578 0.931641 0.640625 0.933594 0.638672 0.933594 0.636719 0.935547 0.634766 0.935547 0.632812 0.937500 0.632812 0.939453 0.630859 0.941406 0.630859 0.943359 0.628906 0.945312 0.628906 0.958984 0.630859 0.960938 0.630859 0.966797 0.632812 0.968750 0.632812 0.970703 0.634766 0.972656 0.634766 0.974609 0.636719 0.976562 0.636719 0.978516 0.638672 0.980469 0.638672 0.982422 0.640625 0.984375 0.640625 0.986328 0.642578 0.988281 0.642578 0.990234 0.644531 0.992188 0.646484 0.992188 0.648438 0.994141 0.650391 0.994141 0.652344 0.996094 0.654297 0.996094 0.656250 0.998047 0.707031 0.998047 0.707031 0.984375 0.705078 0.982422 0.705078 0.980469 0.703125 0.978516 0.703125 0.976562 0.701172 0.974609 0.699219 0.974609 0.697266 0.972656 0.695312 0.972656 0.693359 0.970703 0.689453 0.970703 0.687500 0.968750 0.685547 0.968750 0.683594 0.966797 0.683594 0.964844 0.685547 0.962891 0.685547 0.941406 0.683594 0.939453 0.683594 0.937500 0.681641 0.935547 0.681641 0.933594 0.679688 0.931641 0.679688 0.929688 0.677734 0.927734 0.675781 0.927734 0.673828 0.925781 0.671875 0.925781 0.669922 0.923828
0 0.419922 0.912109 0.416016 0.916016 0.416016 0.923828 0.419922 0.927734 0.427734 0.927734 0.431641 0.923828 0.431641 0.916016 0.427734 0.912109
0 0.142578 0.904297 0.128906 0.917969 0.126953 0.917969 0.119141 0.925781 0.119141 0.929688 0.115234 0.933594 0.115234 0.941406 0.119141 0.945312 0.128906 0.945312 0.132812 0.941406 0.132812 0.939453 0.134766 0.937500 0.134766 0.935547 0.136719 0.933594 0.138672 0.933594 0.148438 0.923828 0.150391 0.923828 0.154297 0.919922 0.154297 0.908203 0.150391 0.904297
0 0.453125 0.900391 0.445312 0.908203 0.445312 0.916016 0.449219 0.919922 0.457031 0.919922 0.460938 0.916016 0.464844 0.916016 0.468750 0.912109 0.468750 0.904297 0.464844 0.900391
0 0.205078 0.882812 0.203125 0.884766 0.197266 0.884766 0.191406 0.890625 0.191406 0.892578 0.189453 0.894531 0.185547 0.894531 0.181641 0.898438 0.181641 0.906250 0.185547 0.910156 0.197266 0.910156 0.199219 0.908203 0.201172 0.908203 0.205078 0.904297 0.207031 0.904297 0.210938 0.900391 0.212891 0.900391 0.218750 0.894531 0.218750 0.886719 0.214844 0.882812
0 0.091797 0.816406 0.083984 0.824219 0.083984 0.841797 0.085938 0.843750 0.085938 0.849609 0.087891 0.851562 0.087891 0.855469 0.091797 0.859375 0.099609 0.859375 0.101562 0.857422 0.103516 0.859375 0.103516 0.876953 0.109375 0.882812 0.109375 0.886719 0.113281 0.890625 0.125000 0.890625 0.132812 0.882812 0.132812 0.880859 0.134766 0.878906 0.134766 0.869141 0.130859 0.865234 0.125000 0.865234 0.123047 0.863281 0.123047 0.855469 0.119141 0.851562 0.113281 0.851562 0.111328 0.849609 0.115234 0.845703 0.121094 0.845703 0.125000 0.841797 0.125000 0.830078 0.121094 0.826172 0.121094 0.824219 0.117188 0.820312 0.115234 0.820312 0.111328 0.816406
0 0.052734 0.785156 0.050781 0.787109 0.048828 0.787109 0.044922 0.791016 0.044922 0.792969 0.041016 0.796875 0.039062 0.796875 0.037109 0.798828 0.035156 0.798828 0.025391 0.808594 0.023438 0.808594 0.023438 0.826172 0.031250 0.833984 0.041016 0.833984 0.044922 0.830078 0.044922 0.822266 0.039062 0.816406 0.039062 0.814453 0.041016 0.812500 0.046875 0.812500 0.052734 0.806641 0.060547 0.806641 0.062500 0.804688 0.066406 0.804688 0.070312 0.800781 0.070312 0.792969 0.066406 0.789062 0.064453 0.789062 0.060547 0.785156
0 0.076172 0.767578 0.072266 0.771484 0.072266 0.779297 0.082031 0.789062 0.091797 0.789062 0.095703 0.785156 0.095703 0.777344 0.085938 0.767578
0 0.673828 0.750000 0.662109 0.761719 0.660156 0.761719 0.654297 0.767578 0.646484 0.767578 0.642578 0.771484 0.642578 0.773438 0.640625 0.775391 0.640625 0.783203 0.644531 0.787109 0.644531 0.791016 0.642578 0.792969 0.638672 0.792969 0.634766 0.796875 0.634766 0.804688 0.636719 0.806641 0.634766 0.808594 0.611328 0.808594 0.609375 0.810547 0.607422 0.810547 0.605469 0.812500 0.603516 0.812500 0.601562 0.814453 0.601562 0.816406 0.599609 0.818359 0.585938 0.818359 0.583984 0.820312 0.582031 0.820312 0.580078 0.822266 0.578125 0.822266 0.576172 0.824219 0.576172 0.826172 0.574219 0.828125 0.574219 0.830078 0.572266 0.832031 0.572266 0.845703 0.574219 0.847656 0.574219 0.853516 0.576172 0.855469 0.576172 0.859375 0.578125 0.861328 0.578125 0.863281 0.580078 0.865234 0.580078 0.867188 0.587891 0.875000 0.589844 0.875000 0.593750 0.878906 0.593750 0.880859 0.591797 0.882812 0.591797 0.884766 0.589844 0.886719 0.589844 0.898438 0.591797 0.900391 0.591797 0.902344 0.593750 0.904297 0.593750 0.906250 0.595703 0.908203 0.597656 0.908203 0.599609 0.910156 0.601562 0.910156 0.603516 0.912109 0.605469 0.912109 0.607422 0.914062 0.609375 0.914062 0.611328 0.916016 0.613281 0.916016 0.615234 0.917969 0.619141 0.917969 0.621094 0.919922 0.623047 0.919922 0.625000 0.921875 0.640625 0.921875 0.642578 0.919922 0.644531 0.919922 0.646484 0.917969 0.648438 0.917969 0.650391 0.916016 0.650391 0.914062 0.652344 0.912109 0.654297 0.912109 0.656250 0.914062 0.666016 0.914062 0.667969 0.912109 0.669922 0.912109 0.673828 0.908203 0.673828 0.900391 0.667969 0.894531 0.667969 0.888672 0.669922 0.886719 0.673828 0.890625 0.681641 0.890625 0.685547 0.886719 0.685547 0.878906 0.681641 0.875000 0.673828 0.875000 0.671875 0.873047 0.675781 0.869141 0.675781 0.861328 0.671875 0.857422 0.664062 0.857422 0.660156 0.861328 0.660156 0.869141 0.664062 0.873047 0.671875 0.873047 0.673828 0.875000 0.669922 0.878906 0.669922 0.884766 0.667969 0.886719 0.666016 0.884766 0.666016 0.882812 0.664062 0.880859 0.664062 0.878906 0.662109 0.876953 0.660156 0.876953 0.658203 0.875000 0.656250 0.875000 0.654297 0.873047 0.652344 0.873047 0.650391 0.871094 0.650391 0.863281 0.648438 0.861328 0.648438 0.859375 0.646484 0.857422 0.646484 0.855469 0.644531 0.853516 0.642578 0.853516 0.640625 0.851562 0.640625 0.849609 0.642578 0.847656 0.642578 0.845703 0.646484 0.841797 0.646484 0.839844 0.648438 0.837891 0.650391 0.839844 0.650391 0.843750 0.654297 0.847656 0.664062 0.847656 0.671875 0.839844 0.671875 0.837891 0.675781 0.833984 0.675781 0.830078 0.681641 0.824219 0.685547 0.824219 0.687500 0.826172 0.687500 0.830078 0.693359 0.835938 0.693359 0.843750 0.697266 0.847656 0.705078 0.847656 0.708984 0.851562 0.710938 0.851562 0.712891 0.853516 0.714844 0.853516 0.716797 0.855469 0.722656 0.855469 0.724609 0.857422 0.734375 0.857422 0.736328 0.859375 0.734375 0.861328 0.720703 0.861328 0.716797 0.865234 0.716797 0.876953 0.722656 0.882812 0.722656 0.884766 0.724609 0.886719 0.724609 0.888672 0.726562 0.890625 0.726562 0.900391 0.728516 0.902344 0.728516 0.904297 0.730469 0.906250 0.730469 0.908203 0.732422 0.910156 0.732422 0.912109 0.734375 0.914062 0.734375 0.916016 0.736328 0.917969 0.736328 0.919922 0.738281 0.921875 0.740234 0.921875 0.742188 0.923828 0.744141 0.923828 0.748047 0.927734 0.748047 0.935547 0.751953 0.939453 0.757812 0.939453 0.759766 0.941406 0.765625 0.941406 0.767578 0.943359 0.767578 0.945312 0.771484 0.949219 0.771484 0.951172 0.773438 0.953125 0.773438 0.955078 0.775391 0.957031 0.775391 0.958984 0.785156 0.968750 0.804688 0.968750 0.810547 0.962891 0.810547 0.943359 0.812500 0.941406 0.814453 0.941406 0.820312 0.935547 0.820312 0.933594 0.822266 0.931641 0.822266 0.929688 0.824219 0.927734 0.824219 0.896484 0.822266 0.894531 0.822266 0.892578 0.820312 0.890625 0.820312 0.888672 0.812500 0.880859 0.812500 0.878906 0.810547 0.876953 0.808594 0.876953 0.806641 0.875000 0.806641 0.847656 0.804688 0.845703 0.804688 0.843750 0.802734 0.841797 0.802734 0.839844 0.800781 0.837891 0.798828 0.837891 0.796875 0.835938 0.794922 0.835938 0.792969 0.833984 0.789062 0.833984 0.787109 0.832031 0.775391 0.832031 0.773438 0.830078 0.775391 0.828125 0.777344 0.828125 0.781250 0.824219 0.781250 0.822266 0.785156 0.818359 0.785156 0.804688 0.779297 0.798828 0.775391 0.798828 0.773438 0.796875 0.775391 0.794922 0.777344 0.794922 0.781250 0.791016 0.781250 0.783203 0.777344 0.779297 0.755859 0.779297 0.751953 0.783203 0.751953 0.792969 0.750000 0.794922 0.750000 0.802734 0.753906 0.806641 0.751953 0.808594 0.751953 0.818359 0.753906 0.820312 0.753906 0.822266 0.761719 0.830078 0.773438 0.830078 0.775391 0.832031 0.773438 0.833984 0.771484 0.833984 0.769531 0.835938 0.767578 0.835938 0.765625 0.837891 0.765625 0.839844 0.761719 0.843750 0.753906 0.843750 0.751953 0.845703 0.750000 0.845703 0.748047 0.847656 0.746094 0.847656 0.744141 0.849609 0.742188 0.847656 0.742188 0.845703 0.738281 0.841797 0.730469 0.841797 0.728516 0.839844 0.724609 0.839844 0.722656 0.837891 0.720703 0.837891 0.718750 0.835938 0.718750 0.833984 0.710938 0.826172 0.710938 0.820312 0.714844 0.816406 0.718750 0.816406 0.722656 0.812500 0.726562 0.812500 0.730469 0.808594 0.730469 0.802734 0.736328 0.796875 0.736328 0.794922 0.738281 0.792969 0.738281 0.791016 0.740234 0.789062 0.740234 0.781250 0.736328 0.777344 0.728516 0.777344 0.720703 0.785156 0.720703 0.787109 0.714844 0.792969 0.714844 0.796875 0.712891 0.798828 0.710938 0.798828 0.708984 0.800781 0.703125 0.800781 0.701172 0.802734 0.693359 0.802734 0.687500 0.808594 0.673828 0.808594 0.671875 0.810547 0.669922 0.810547 0.667969 0.812500 0.666016 0.812500 0.662109 0.816406 0.662109 0.820312 0.660156 0.822266 0.660156 0.824219 0.656250 0.828125 0.656250 0.830078 0.652344 0.833984 0.650391 0.832031 0.650391 0.822266 0.648438 0.820312 0.648438 0.818359 0.646484 0.816406 0.646484 0.814453 0.644531 0.812500 0.642578 0.812500 0.640625 0.810547 0.642578 0.808594 0.652344 0.808594 0.658203 0.802734 0.658203 0.800781 0.660156 0.798828 0.660156 0.796875 0.664062 0.792969 0.664062 0.783203 0.673828 0.773438 0.675781 0.773438 0.683594 0.765625 0.685547 0.765625 0.689453 0.761719 0.689453 0.753906 0.685547 0.750000
0 0.242188 0.748047 0.236328 0.753906 0.226562 0.753906 0.222656 0.757812 0.222656 0.765625 0.226562 0.769531 0.228516 0.769531 0.230469 0.771484 0.232422 0.771484 0.234375 0.773438 0.244141 0.773438 0.251953 0.765625 0.251953 0.763672 0.253906 0.761719 0.253906 0.751953 0.250000 0.748047
0 0.121094 0.740234 0.117188 0.744141 0.117188 0.746094 0.115234 0.748047 0.115234 0.757812 0.119141 0.761719 0.130859 0.761719 0.132812 0.759766 0.134766 0.759766 0.136719 0.757812 0.138672 0.757812 0.142578 0.753906 0.142578 0.744141 0.138672 0.740234
0 0.042969 0.720703 0.039062 0.724609 0.039062 0.734375 0.046875 0.742188 0.050781 0.742188 0.052734 0.744141 0.060547 0.744141 0.064453 0.740234 0.064453 0.730469 0.058594 0.724609 0.056641 0.724609 0.052734 0.720703
0 0.183594 0.707031 0.179688 0.710938 0.179688 0.718750 0.183594 0.722656 0.193359 0.722656 0.197266 0.718750 0.197266 0.710938 0.193359 0.707031
0 0.257812 0.652344 0.253906 0.656250 0.253906 0.664062 0.257812 0.667969 0.265625 0.667969 0.269531 0.664062 0.269531 0.656250 0.265625 0.652344
0 0.027344 0.619141 0.023438 0.623047 0.023438 0.632812 0.027344 0.636719 0.037109 0.636719 0.041016 0.632812 0.041016 0.625000 0.035156 0.619141
0 0.714844 0.607422 0.710938 0.611328 0.707031 0.611328 0.703125 0.615234 0.703125 0.623047 0.707031 0.626953 0.708984 0.626953 0.710938 0.628906 0.705078 0.634766 0.693359 0.634766 0.689453 0.638672 0.689453 0.646484 0.693359 0.650391 0.712891 0.650391 0.714844 0.648438 0.716797 0.648438 0.718750 0.646484 0.720703 0.646484 0.722656 0.644531 0.724609 0.644531 0.732422 0.636719 0.732422 0.625000 0.728516 0.621094 0.728516 0.611328 0.724609 0.607422
0 0.066406 0.595703 0.062500 0.599609 0.062500 0.607422 0.066406 0.611328 0.074219 0.611328 0.078125 0.607422 0.078125 0.599609 0.074219 0.595703
0 0.162109 0.585938 0.158203 0.589844 0.158203 0.601562 0.162109 0.605469 0.169922 0.605469 0.175781 0.599609 0.175781 0.591797 0.169922 0.585938
0 0.683594 0.578125 0.679688 0.582031 0.679688 0.589844 0.685547 0.595703 0.693359 0.595703 0.697266 0.591797 0.697266 0.582031 0.693359 0.578125
0 0.097656 0.568359 0.091797 0.574219 0.091797 0.582031 0.095703 0.585938 0.113281 0.585938 0.117188 0.582031 0.117188 0.572266 0.113281 0.568359
0 0.000000 0.568359 0.000000 0.599609 0.007812 0.599609 0.011719 0.595703 0.011719 0.578125 0.009766 0.576172 0.009766 0.574219 0.003906 0.568359
0 0.150391 0.558594 0.146484 0.562500 0.146484 0.570312 0.152344 0.576172 0.162109 0.576172 0.166016 0.572266 0.166016 0.564453 0.160156 0.558594
0 0.646484 0.533203 0.642578 0.537109 0.642578 0.548828 0.648438 0.554688 0.648438 0.562500 0.652344 0.566406 0.660156 0.566406 0.662109 0.568359 0.662109 0.574219 0.666016 0.578125 0.675781 0.578125 0.679688 0.574219 0.679688 0.566406 0.675781 0.562500 0.669922 0.562500 0.667969 0.560547 0.667969 0.542969 0.662109 0.537109 0.658203 0.537109 0.654297 0.533203
0 0.148438 0.519531 0.144531 0.523438 0.144531 0.531250 0.146484 0.533203 0.146484 0.539062 0.150391 0.542969 0.158203 0.542969 0.162109 0.539062 0.162109 0.523438 0.158203 0.519531
0 0.177734 0.500000 0.173828 0.503906 0.173828 0.511719 0.177734 0.515625 0.185547 0.515625 0.189453 0.511719 0.189453 0.503906 0.185547 0.500000
0 0.966797 0.458984 0.958984 0.466797 0.958984 0.468750 0.957031 0.470703 0.957031 0.474609 0.955078 0.476562 0.953125 0.476562 0.949219 0.472656 0.941406 0.472656 0.939453 0.470703 0.931641 0.470703 0.921875 0.480469 0.921875 0.482422 0.919922 0.484375 0.917969 0.482422 0.917969 0.470703 0.912109 0.464844 0.896484 0.464844 0.894531 0.466797 0.878906 0.466797 0.869141 0.476562 0.863281 0.476562 0.861328 0.478516 0.855469 0.478516 0.853516 0.480469 0.849609 0.480469 0.845703 0.484375 0.845703 0.486328 0.843750 0.488281 0.841797 0.486328 0.833984 0.486328 0.832031 0.484375 0.833984 0.482422 0.835938 0.482422 0.839844 0.478516 0.839844 0.470703 0.835938 0.466797 0.826172 0.466797 0.820312 0.472656 0.820312 0.480469 0.824219 0.484375 0.832031 0.484375 0.833984 0.486328 0.830078 0.490234 0.830078 0.498047 0.833984 0.501953 0.835938 0.501953 0.837891 0.503906 0.835938 0.505859 0.835938 0.511719 0.833984 0.513672 0.826172 0.513672 0.824219 0.515625 0.822266 0.515625 0.820312 0.517578 0.818359 0.517578 0.814453 0.521484 0.812500 0.519531 0.812500 0.511719 0.808594 0.507812 0.804688 0.507812 0.800781 0.503906 0.800781 0.501953 0.802734 0.500000 0.810547 0.500000 0.814453 0.496094 0.814453 0.486328 0.804688 0.476562 0.789062 0.476562 0.787109 0.478516 0.785156 0.478516 0.779297 0.484375 0.763672 0.484375 0.755859 0.492188 0.751953 0.492188 0.748047 0.496094 0.748047 0.503906 0.757812 0.513672 0.765625 0.513672 0.769531 0.509766 0.769531 0.505859 0.771484 0.503906 0.773438 0.505859 0.779297 0.505859 0.785156 0.511719 0.785156 0.513672 0.789062 0.517578 0.789062 0.529297 0.785156 0.533203 0.783203 0.533203 0.781250 0.535156 0.773438 0.535156 0.771484 0.537109 0.769531 0.537109 0.767578 0.539062 0.765625 0.539062 0.763672 0.541016 0.761719 0.541016 0.759766 0.542969 0.759766 0.544922 0.757812 0.546875 0.757812 0.548828 0.755859 0.550781 0.755859 0.554688 0.753906 0.556641 0.751953 0.556641 0.750000 0.558594 0.748047 0.558594 0.746094 0.560547 0.744141 0.560547 0.742188 0.562500 0.740234 0.562500 0.738281 0.564453 0.738281 0.566406 0.736328 0.568359 0.736328 0.570312 0.734375 0.572266 0.734375 0.585938 0.736328 0.587891 0.736328 0.589844 0.738281 0.591797 0.738281 0.593750 0.740234 0.595703 0.742188 0.595703 0.744141 0.597656 0.744141 0.601562 0.742188 0.603516 0.742188 0.615234 0.744141 0.617188 0.744141 0.619141 0.746094 0.621094 0.746094 0.623047 0.748047 0.625000 0.750000 0.625000 0.751953 0.626953 0.753906 0.626953 0.755859 0.628906 0.769531 0.628906 0.771484 0.626953 0.773438 0.626953 0.775391 0.625000 0.789062 0.625000 0.791016 0.623047 0.796875 0.623047 0.798828 0.621094 0.804688 0.621094 0.806641 0.619141 0.808594 0.619141 0.810547 0.617188 0.812500 0.617188 0.816406 0.621094 0.818359 0.621094 0.820312 0.623047 0.822266 0.623047 0.824219 0.625000 0.822266 0.626953 0.816406 0.626953 0.814453 0.628906 0.812500 0.628906 0.806641 0.634766 0.802734 0.634766 0.800781 0.632812 0.777344 0.632812 0.775391 0.634766 0.773438 0.634766 0.771484 0.636719 0.769531 0.636719 0.767578 0.638672 0.767578 0.640625 0.765625 0.642578 0.765625 0.644531 0.763672 0.646484 0.763672 0.658203 0.759766 0.662109 0.759766 0.669922 0.763672 0.673828 0.771484 0.673828 0.775391 0.669922 0.777344 0.671875 0.789062 0.671875 0.792969 0.675781 0.792969 0.677734 0.796875 0.681641 0.798828 0.681641 0.800781 0.683594 0.802734 0.683594 0.804688 0.685547 0.804688 0.689453 0.806641 0.691406 0.806641 0.693359 0.808594 0.695312 0.808594 0.697266 0.812500 0.701172 0.814453 0.701172 0.816406 0.703125 0.810547 0.708984 0.810547 0.716797 0.812500 0.718750 0.806641 0.724609 0.806641 0.732422 0.810547 0.736328 0.818359 0.736328 0.820312 0.734375 0.822266 0.734375 0.824219 0.732422 0.828125 0.732422 0.830078 0.730469 0.832031 0.730469 0.835938 0.726562 0.835938 0.724609 0.837891 0.722656 0.837891 0.716797 0.839844 0.714844 0.841797 0.714844 0.847656 0.720703 0.849609 0.720703 0.851562 0.722656 0.851562 0.724609 0.849609 0.726562 0.847656 0.726562 0.845703 0.728516 0.843750 0.728516 0.841797 0.730469 0.839844 0.730469 0.835938 0.734375 0.833984 0.734375 0.832031 0.736328 0.830078 0.736328 0.828125 0.738281 0.822266 0.738281 0.820312 0.740234 0.818359 0.740234 0.816406 0.742188 0.814453 0.742188 0.808594 0.748047 0.806641 0.748047 0.804688 0.750000 0.802734 0.750000 0.800781 0.751953 0.800781 0.753906 0.798828 0.755859 0.798828 0.757812 0.794922 0.761719 0.787109 0.761719 0.783203 0.765625 0.783203 0.773438 0.787109 0.777344 0.798828 0.777344 0.800781 0.779297 0.800781 0.781250 0.798828 0.783203 0.798828 0.791016 0.802734 0.794922 0.810547 0.794922 0.814453 0.791016 0.816406 0.792969 0.816406 0.794922 0.820312 0.798828 0.830078 0.798828 0.832031 0.796875 0.833984 0.796875 0.835938 0.794922 0.837891 0.794922 0.843750 0.800781 0.853516 0.800781 0.859375 0.794922 0.861328 0.796875 0.861328 0.800781 0.869141 0.808594 0.876953 0.808594 0.880859 0.804688 0.884766 0.804688 0.886719 0.806641 0.878906 0.814453 0.878906 0.822266 0.882812 0.826172 0.892578 0.826172 0.894531 0.828125 0.894531 0.832031 0.892578 0.833984 0.890625 0.833984 0.888672 0.835938 0.886719 0.835938 0.882812 0.839844 0.882812 0.847656 0.886719 0.851562 0.888672 0.851562 0.890625 0.853516 0.892578 0.853516 0.894531 0.855469 0.896484 0.855469 0.898438 0.857422 0.900391 0.857422 0.902344 0.859375 0.904297 0.859375 0.906250 0.861328 0.908203 0.861328 0.910156 0.863281 0.916016 0.863281 0.917969 0.865234 0.914062 0.869141 0.900391 0.869141 0.896484 0.865234 0.888672 0.865234 0.884766 0.869141 0.884766 0.876953 0.888672 0.880859 0.898438 0.880859 0.902344 0.884766 0.906250 0.884766 0.908203 0.886719 0.908203 0.894531 0.914062 0.900391 0.914062 0.908203 0.917969 0.912109 0.921875 0.912109 0.923828 0.914062 0.923828 0.917969 0.925781 0.919922 0.925781 0.921875 0.923828 0.923828 0.921875 0.923828 0.919922 0.925781 0.917969 0.925781 0.916016 0.927734 0.916016 0.929688 0.914062 0.931641 0.914062 0.933594 0.912109 0.935547 0.908203 0.931641 0.906250 0.931641 0.904297 0.929688 0.904297 0.927734 0.902344 0.925781 0.900391 0.925781 0.894531 0.919922 0.894531 0.917969 0.890625 0.914062 0.888672 0.914062 0.886719 0.912109 0.884766 0.912109 0.882812 0.910156 0.880859 0.910156 0.878906 0.908203 0.875000 0.908203 0.873047 0.906250 0.859375 0.906250 0.857422 0.908203 0.855469 0.908203 0.853516 0.910156 0.851562 0.910156 0.847656 0.914062 0.847656 0.916016 0.845703 0.917969 0.845703 0.919922 0.843750 0.921875 0.843750 0.925781 0.839844 0.929688 0.839844 0.931641 0.837891 0.933594 0.837891 0.935547 0.835938 0.937500 0.835938 0.939453 0.833984 0.941406 0.833984 0.949219 0.832031 0.951172 0.832031 0.966797 0.833984 0.968750 0.833984 0.970703 0.835938 0.972656 0.835938 0.974609 0.837891 0.976562 0.839844 0.976562 0.841797 0.978516 0.843750 0.978516 0.845703 0.980469 0.857422 0.980469 0.859375 0.978516 0.861328 0.978516 0.863281 0.976562 0.867188 0.976562 0.871094 0.980469 0.873047 0.980469 0.878906 0.986328 0.878906 0.990234 0.876953 0.992188 0.865234 0.992188 0.861328 0.996094 0.861328 0.998047 0.974609 0.998047 0.976562 0.996094 0.978516 0.996094 0.980469 0.994141 0.982422 0.994141 0.996094 0.980469 0.996094 0.978516 0.998047 0.976562 0.998047 0.898438 0.994141 0.898438 0.992188 0.900391 0.990234 0.900391 0.988281 0.902344 0.982422 0.902344 0.980469 0.904297 0.978516 0.904297 0.976562 0.906250 0.974609 0.906250 0.972656 0.908203 0.972656 0.910156 0.970703 0.912109 0.970703 0.914062 0.968750 0.916016 0.968750 0.917969 0.962891 0.923828 0.962891 0.925781 0.960938 0.927734 0.957031 0.923828 0.949219 0.923828 0.947266 0.925781 0.945312 0.923828 0.943359 0.923828 0.941406 0.921875 0.939453 0.921875 0.937500 0.919922 0.939453 0.917969 0.939453 0.910156 0.933594 0.904297 0.933594 0.902344 0.935547 0.900391 0.935547 0.898438 0.939453 0.894531 0.939453 0.892578 0.943359 0.888672 0.943359 0.886719 0.945312 0.884766 0.945312 0.878906 0.947266 0.876953 0.949219 0.878906 0.949219 0.880859 0.953125 0.884766 0.980469 0.884766 0.982422 0.886719 0.988281 0.886719 0.990234 0.888672 0.998047 0.888672 0.998047 0.841797 0.992188 0.841797 0.988281 0.845703 0.988281 0.853516 0.994141 0.859375 0.988281 0.865234 0.984375 0.865234 0.980469 0.869141 0.978516 0.867188 0.978516 0.863281 0.982422 0.859375 0.982422 0.851562 0.978516 0.847656 0.968750 0.847656 0.962891 0.853516 0.962891 0.855469 0.960938 0.857422 0.958984 0.857422 0.955078 0.861328 0.955078 0.867188 0.949219 0.873047 0.947266 0.871094 0.947266 0.863281 0.943359 0.859375 0.927734 0.859375 0.925781 0.857422 0.925781 0.855469 0.927734 0.853516 0.941406 0.853516 0.945312 0.849609 0.945312 0.841797 0.943359 0.839844 0.943359 0.833984 0.939453 0.830078 0.937500 0.830078 0.929688 0.822266 0.927734 0.822266 0.919922 0.814453 0.919922 0.812500 0.921875 0.810547 0.923828 0.810547 0.925781 0.808594 0.927734 0.808594 0.929688 0.806641 0.929688 0.804688 0.931641 0.802734 0.931641 0.800781 0.933594 0.798828 0.933594 0.794922 0.937500 0.791016 0.937500 0.789062 0.939453 0.787109 0.939453 0.785156 0.943359 0.781250 0.943359 0.779297 0.945312 0.777344 0.945312 0.775391 0.947266 0.773438 0.947266 0.771484 0.949219 0.769531 0.976562 0.769531 0.980469 0.765625 0.982422 0.765625 0.986328 0.761719 0.986328 0.751953 0.984375 0.750000 0.986328 0.748047 0.988281 0.748047 0.990234 0.746094 0.994141 0.746094 0.996094 0.744141 0.998047 0.744141 0.998047 0.632812 0.996094 0.632812 0.994141 0.634766 0.992188 0.634766 0.990234 0.636719 0.990234 0.638672 0.988281 0.640625 0.988281 0.642578 0.986328 0.644531 0.986328 0.650391 0.984375 0.652344 0.984375 0.654297 0.976562 0.662109 0.968750 0.662109 0.966797 0.660156 0.964844 0.660156 0.962891 0.658203 0.958984 0.658203 0.957031 0.656250 0.951172 0.656250 0.949219 0.654297 0.947266 0.654297 0.945312 0.652344 0.943359 0.652344 0.939453 0.648438 0.937500 0.648438 0.935547 0.646484 0.933594 0.646484 0.931641 0.644531 0.929688 0.644531 0.927734 0.642578 0.925781 0.642578 0.923828 0.640625 0.921875 0.640625 0.919922 0.638672 0.917969 0.638672 0.916016 0.636719 0.912109 0.636719 0.910156 0.634766 0.898438 0.634766 0.896484 0.632812 0.900391 0.628906 0.902344 0.628906 0.904297 0.626953 0.906250 0.626953 0.908203 0.625000 0.910156 0.625000 0.912109 0.623047 0.912109 0.621094 0.914062 0.619141 0.916016 0.619141 0.917969 0.617188 0.919922 0.617188 0.921875 0.615234 0.921875 0.613281 0.923828 0.611328 0.923828 0.609375 0.925781 0.607422 0.925781 0.599609 0.927734 0.597656 0.927734 0.595703 0.929688 0.593750 0.929688 0.580078 0.927734 0.578125 0.927734 0.576172 0.925781 0.574219 0.927734 0.572266 0.929688 0.572266 0.935547 0.566406 0.935547 0.564453 0.937500 0.562500 0.937500 0.560547 0.939453 0.558594 0.945312 0.558594 0.947266 0.560547 0.951172 0.560547 0.953125 0.562500 0.955078 0.562500 0.957031 0.564453 0.958984 0.564453 0.962891 0.568359 0.964844 0.568359 0.966797 0.570312 0.968750 0.570312 0.970703 0.572266 0.974609 0.572266 0.976562 0.574219 0.978516 0.574219 0.980469 0.576172 0.998047 0.576172 0.998047 0.519531 0.994141 0.515625 0.992188 0.515625 0.990234 0.513672 0.988281 0.513672 0.986328 0.511719 0.974609 0.511719 0.972656 0.513672 0.970703 0.511719 0.970703 0.509766 0.968750 0.507812 0.970703 0.505859 0.982422 0.505859 0.984375 0.507812 0.996094 0.507812 0.998047 0.505859 0.998047 0.478516 0.996094 0.478516 0.994141 0.476562 0.996094 0.474609 0.996094 0.464844 0.992188 0.460938 0.976562 0.460938 0.974609 0.458984
0 0.791016 0.451172 0.789062 0.453125 0.787109 0.453125 0.785156 0.455078 0.777344 0.455078 0.775391 0.457031 0.769531 0.457031 0.765625 0.460938 0.761719 0.460938 0.759766 0.458984 0.757812 0.458984 0.755859 0.457031 0.742188 0.457031 0.738281 0.460938 0.738281 0.468750 0.742188 0.472656 0.748047 0.472656 0.751953 0.476562 0.773438 0.476562 0.777344 0.472656 0.783203 0.472656 0.785156 0.470703 0.794922 0.470703 0.798828 0.466797 0.800781 0.466797 0.804688 0.462891 0.804688 0.455078 0.800781 0.451172
0 0.849609 0.441406 0.845703 0.445312 0.828125 0.445312 0.824219 0.449219 0.824219 0.457031 0.830078 0.462891 0.837891 0.462891 0.839844 0.460938 0.857422 0.460938 0.861328 0.457031 0.863281 0.457031 0.867188 0.453125 0.867188 0.445312 0.863281 0.441406
0 0.892578 0.439453 0.888672 0.443359 0.888672 0.451172 0.892578 0.455078 0.910156 0.455078 0.914062 0.451172 0.914062 0.443359 0.910156 0.439453
0 0.072266 0.435547 0.068359 0.439453 0.068359 0.441406 0.056641 0.453125 0.056641 0.464844 0.058594 0.466797 0.058594 0.468750 0.068359 0.478516 0.078125 0.478516 0.082031 0.474609 0.082031 0.472656 0.085938 0.468750 0.085938 0.455078 0.083984 0.453125 0.083984 0.439453 0.080078 0.435547
0 0.210938 0.107422 0.208984 0.109375 0.207031 0.109375 0.203125 0.113281 0.201172 0.113281 0.197266 0.117188 0.197266 0.119141 0.193359 0.123047 0.193359 0.130859 0.197266 0.134766 0.205078 0.134766 0.207031 0.132812 0.208984 0.132812 0.216797 0.125000 0.218750 0.126953 0.226562 0.126953 0.230469 0.123047 0.230469 0.115234 0.222656 0.107422
0 0.248047 0.093750 0.242188 0.099609 0.238281 0.099609 0.234375 0.103516 0.234375 0.111328 0.238281 0.115234 0.259766 0.115234 0.263672 0.111328 0.263672 0.101562 0.255859 0.093750
0 0.146484 0.074219 0.142578 0.078125 0.142578 0.087891 0.146484 0.091797 0.146484 0.097656 0.150391 0.101562 0.148438 0.103516 0.142578 0.103516 0.138672 0.107422 0.138672 0.115234 0.144531 0.121094 0.148438 0.121094 0.150391 0.123047 0.169922 0.123047 0.171875 0.125000 0.175781 0.125000 0.177734 0.126953 0.185547 0.126953 0.189453 0.123047 0.189453 0.115234 0.185547 0.111328 0.187500 0.109375 0.197266 0.109375 0.201172 0.105469 0.201172 0.097656 0.197266 0.093750 0.171875 0.093750 0.169922 0.091797 0.167969 0.091797 0.160156 0.083984 0.160156 0.080078 0.154297 0.074219
0 0.087891 0.066406 0.083984 0.070312 0.083984 0.093750 0.080078 0.097656 0.080078 0.115234 0.082031 0.117188 0.082031 0.123047 0.083984 0.125000 0.083984 0.134766 0.089844 0.140625 0.089844 0.150391 0.091797 0.152344 0.091797 0.154297 0.093750 0.156250 0.091797 0.158203 0.091797 0.166016 0.095703 0.169922 0.107422 0.169922 0.109375 0.167969 0.119141 0.167969 0.123047 0.164062 0.125000 0.164062 0.128906 0.160156 0.128906 0.158203 0.134766 0.152344 0.134766 0.132812 0.130859 0.128906 0.130859 0.121094 0.125000 0.115234 0.117188 0.115234 0.115234 0.113281 0.123047 0.105469 0.123047 0.091797 0.119141 0.087891 0.119141 0.085938 0.115234 0.082031 0.113281 0.082031 0.111328 0.080078 0.105469 0.080078 0.103516 0.078125 0.103516 0.070312 0.099609 0.066406
0 0.214844 0.056641 0.210938 0.060547 0.210938 0.068359 0.214844 0.072266 0.214844 0.078125 0.218750 0.082031 0.226562 0.082031 0.230469 0.078125 0.230469 0.074219 0.236328 0.068359 0.240234 0.072266 0.246094 0.072266 0.248047 0.074219 0.248047 0.083984 0.251953 0.087891 0.265625 0.087891 0.267578 0.085938 0.271484 0.085938 0.275391 0.082031 0.277344 0.082031 0.281250 0.078125 0.283203 0.078125 0.287109 0.074219 0.287109 0.066406 0.283203 0.062500 0.275391 0.062500 0.273438 0.060547 0.259766 0.060547 0.255859 0.056641 0.240234 0.056641 0.236328 0.060547 0.232422 0.056641
0 0.228516 0.009766 0.224609 0.013672 0.224609 0.021484 0.228516 0.025391 0.236328 0.025391 0.240234 0.021484 0.240234 0.013672 0.236328 0.009766
0 0.458984 0.000000 0.457031 0.001953 0.457031 0.007812 0.455078 0.009766 0.449219 0.009766 0.443359 0.015625 0.439453 0.015625 0.437500 0.017578 0.435547 0.017578 0.429688 0.023438 0.421875 0.023438 0.419922 0.025391 0.416016 0.025391 0.406250 0.035156 0.404297 0.035156 0.402344 0.037109 0.396484 0.037109 0.392578 0.041016 0.390625 0.041016 0.388672 0.042969 0.384766 0.042969 0.380859 0.046875 0.378906 0.046875 0.376953 0.048828 0.365234 0.048828 0.361328 0.052734 0.361328 0.054688 0.359375 0.056641 0.357422 0.056641 0.353516 0.060547 0.353516 0.068359 0.357422 0.072266 0.359375 0.072266 0.361328 0.074219 0.363281 0.074219 0.365234 0.076172 0.369141 0.076172 0.371094 0.078125 0.398438 0.078125 0.400391 0.076172 0.404297 0.076172 0.408203 0.072266 0.412109 0.072266 0.416016 0.068359 0.417969 0.068359 0.421875 0.064453 0.423828 0.064453 0.439453 0.048828 0.439453 0.044922 0.449219 0.035156 0.451172 0.035156 0.455078 0.031250 0.462891 0.031250 0.464844 0.029297 0.472656 0.029297 0.474609 0.027344 0.486328 0.027344 0.488281 0.025391 0.515625 0.025391 0.517578 0.023438 0.521484 0.023438 0.529297 0.015625 0.529297 0.001953 0.527344 0.000000 0.474609 0.000000 0.472656 0.001953 0.470703 0.000000
0 0.257812 0.000000 0.253906 0.003906 0.253906 0.011719 0.257812 0.015625 0.259766 0.015625 0.261719 0.017578 0.261719 0.021484 0.265625 0.025391 0.273438 0.025391 0.277344 0.021484 0.277344 0.013672 0.279297 0.011719 0.279297 0.003906 0.275391 0.000000