0 0.607422 0.974609 0.601562 0.980469 0.593750 0.980469 0.589844 0.984375 0.589844 0.986328 0.582031 0.994141 0.582031 0.998047 0.619141 0.998047 0.623047 0.994141 0.623047 0.978516 0.619141 0.974609
0 0.031250 0.968750 0.027344 0.972656 0.027344 0.976562 0.023438 0.980469 0.023438 0.982422 0.021484 0.984375 0.011719 0.984375 0.007812 0.988281 0.007812 0.996094 0.009766 0.998047 0.033203 0.998047 0.033203 0.996094 0.037109 0.992188 0.039062 0.992188 0.042969 0.988281 0.042969 0.972656 0.039062 0.968750
0 0.593750 0.951172 0.587891 0.957031 0.580078 0.957031 0.578125 0.958984 0.576172 0.958984 0.574219 0.960938 0.572266 0.960938 0.558594 0.974609 0.556641 0.974609 0.552734 0.978516 0.552734 0.980469 0.550781 0.982422 0.548828 0.982422 0.544922 0.986328 0.542969 0.986328 0.537109 0.992188 0.537109 0.998047 0.558594 0.998047 0.560547 0.996094 0.562500 0.996094 0.564453 0.994141 0.566406 0.994141 0.572266 0.988281 0.576172 0.988281 0.582031 0.982422 0.583984 0.982422 0.589844 0.976562 0.593750 0.976562 0.605469 0.964844 0.605469 0.955078 0.601562 0.951172
0 0.957031 0.939453 0.955078 0.941406 0.953125 0.941406 0.951172 0.943359 0.949219 0.943359 0.947266 0.945312 0.935547 0.945312 0.931641 0.949219 0.931641 0.951172 0.925781 0.957031 0.916016 0.957031 0.912109 0.960938 0.912109 0.962891 0.910156 0.964844 0.900391 0.964844 0.892578 0.972656 0.890625 0.972656 0.886719 0.976562 0.886719 0.984375 0.884766 0.986328 0.880859 0.986328 0.878906 0.988281 0.875000 0.988281 0.871094 0.992188 0.871094 0.998047 0.902344 0.998047 0.908203 0.992188 0.910156 0.992188 0.914062 0.988281 0.917969 0.988281 0.919922 0.990234 0.919922 0.998047 0.949219 0.998047 0.951172 0.996094 0.951172 0.990234 0.958984 0.982422 0.958984 0.980469 0.966797 0.972656 0.966797 0.970703 0.972656 0.964844 0.972656 0.962891 0.974609 0.960938 0.974609 0.951172 0.968750 0.945312 0.968750 0.943359 0.964844 0.939453
0 0.025391 0.935547 0.021484 0.939453 0.011719 0.939453 0.007812 0.943359 0.007812 0.951172 0.011719 0.955078 0.039062 0.955078 0.042969 0.951172 0.042969 0.943359 0.035156 0.935547
0 0.128906 0.912109 0.125000 0.916016 0.125000 0.919922 0.121094 0.923828 0.115234 0.923828 0.113281 0.925781 0.111328 0.925781 0.109375 0.923828 0.109375 0.921875 0.105469 0.917969 0.097656 0.917969 0.091797 0.923828 0.087891 0.919922 0.074219 0.919922 0.070312 0.923828 0.070312 0.925781 0.068359 0.927734 0.068359 0.929688 0.064453 0.933594 0.064453 0.935547 0.062500 0.937500 0.062500 0.958984 0.066406 0.962891 0.074219 0.962891 0.076172 0.960938 0.080078 0.960938 0.083984 0.957031 0.083984 0.955078 0.085938 0.953125 0.085938 0.951172 0.087891 0.949219 0.087891 0.947266 0.091797 0.943359 0.091797 0.933594 0.093750 0.931641 0.095703 0.933594 0.095703 0.937500 0.101562 0.943359 0.105469 0.943359 0.107422 0.945312 0.107422 0.949219 0.101562 0.955078 0.101562 0.958984 0.093750 0.966797 0.093750 0.974609 0.097656 0.978516 0.105469 0.978516 0.117188 0.966797 0.117188 0.964844 0.119141 0.962891 0.119141 0.958984 0.121094 0.957031 0.123047 0.957031 0.126953 0.953125 0.126953 0.945312 0.123047 0.941406 0.125000 0.939453 0.130859 0.939453 0.134766 0.935547 0.134766 0.933594 0.136719 0.931641 0.136719 0.927734 0.140625 0.923828 0.140625 0.916016 0.136719 0.912109
0 0.095703 0.890625 0.091797 0.894531 0.091797 0.902344 0.095703 0.906250 0.109375 0.906250 0.113281 0.902344 0.113281 0.894531 0.109375 0.890625
0 0.023438 0.849609 0.021484 0.851562 0.005859 0.851562 0.001953 0.855469 0.001953 0.857422 0.000000 0.859375 0.000000 0.878906 0.001953 0.880859 0.005859 0.880859 0.007812 0.882812 0.007812 0.884766 0.015625 0.892578 0.011719 0.896484 0.011719 0.904297 0.015625 0.908203 0.023438 0.908203 0.027344 0.904297 0.027344 0.896484 0.025391 0.894531 0.025391 0.892578 0.029297 0.888672 0.029297 0.882812 0.033203 0.878906 0.033203 0.876953 0.035156 0.875000 0.035156 0.853516 0.031250 0.849609
0 0.337891 0.808594 0.333984 0.812500 0.333984 0.820312 0.337891 0.824219 0.345703 0.824219 0.349609 0.820312 0.349609 0.812500 0.345703 0.808594
0 0.119141 0.806641 0.115234 0.810547 0.115234 0.818359 0.119141 0.822266 0.126953 0.822266 0.130859 0.818359 0.130859 0.810547 0.126953 0.806641
0 0.335938 0.775391 0.332031 0.779297 0.332031 0.787109 0.335938 0.791016 0.343750 0.791016 0.347656 0.787109 0.347656 0.779297 0.343750 0.775391
0 0.435547 0.771484 0.433594 0.773438 0.431641 0.773438 0.427734 0.777344 0.425781 0.777344 0.417969 0.785156 0.417969 0.802734 0.416016 0.804688 0.388672 0.804688 0.386719 0.806641 0.382812 0.806641 0.380859 0.808594 0.367188 0.808594 0.365234 0.810547 0.361328 0.810547 0.355469 0.816406 0.355469 0.824219 0.351562 0.828125 0.345703 0.828125 0.343750 0.830078 0.341797 0.828125 0.326172 0.828125 0.320312 0.833984 0.304688 0.833984 0.298828 0.828125 0.298828 0.826172 0.294922 0.822266 0.291016 0.822266 0.287109 0.818359 0.285156 0.818359 0.275391 0.808594 0.273438 0.808594 0.269531 0.804688 0.244141 0.804688 0.232422 0.816406 0.232422 0.820312 0.230469 0.822266 0.230469 0.824219 0.226562 0.828125 0.226562 0.845703 0.230469 0.849609 0.232422 0.849609 0.234375 0.851562 0.236328 0.851562 0.240234 0.855469 0.238281 0.857422 0.238281 0.859375 0.236328 0.861328 0.228516 0.861328 0.226562 0.859375 0.226562 0.851562 0.222656 0.847656 0.220703 0.847656 0.218750 0.845703 0.222656 0.841797 0.222656 0.833984 0.220703 0.832031 0.220703 0.830078 0.216797 0.826172 0.210938 0.826172 0.205078 0.820312 0.195312 0.820312 0.187500 0.828125 0.187500 0.833984 0.185547 0.835938 0.158203 0.835938 0.154297 0.839844 0.154297 0.847656 0.158203 0.851562 0.191406 0.851562 0.193359 0.853516 0.193359 0.865234 0.191406 0.867188 0.191406 0.876953 0.187500 0.880859 0.187500 0.894531 0.185547 0.896484 0.185547 0.914062 0.179688 0.919922 0.179688 0.941406 0.183594 0.945312 0.195312 0.945312 0.199219 0.941406 0.201172 0.941406 0.203125 0.943359 0.203125 0.945312 0.205078 0.947266 0.205078 0.949219 0.203125 0.951172 0.199219 0.951172 0.193359 0.957031 0.193359 0.964844 0.197266 0.968750 0.205078 0.968750 0.207031 0.966797 0.210938 0.966797 0.212891 0.964844 0.230469 0.964844 0.236328 0.958984 0.238281 0.958984 0.244141 0.964844 0.244141 0.966797 0.240234 0.970703 0.232422 0.970703 0.230469 0.972656 0.224609 0.972656 0.222656 0.974609 0.195312 0.974609 0.193359 0.976562 0.173828 0.976562 0.171875 0.974609 0.175781 0.970703 0.175781 0.962891 0.171875 0.958984 0.169922 0.958984 0.166016 0.955078 0.166016 0.951172 0.162109 0.947266 0.154297 0.947266 0.150391 0.951172 0.148438 0.949219 0.148438 0.945312 0.144531 0.941406 0.136719 0.941406 0.132812 0.945312 0.132812 0.953125 0.136719 0.957031 0.144531 0.957031 0.146484 0.955078 0.148438 0.957031 0.148438 0.962891 0.146484 0.964844 0.142578 0.960938 0.134766 0.960938 0.130859 0.964844 0.130859 0.974609 0.140625 0.984375 0.150391 0.984375 0.154297 0.988281 0.158203 0.988281 0.160156 0.990234 0.158203 0.992188 0.154297 0.992188 0.152344 0.994141 0.138672 0.994141 0.134766 0.998047 0.318359 0.998047 0.318359 0.990234 0.320312 0.988281 0.324219 0.988281 0.326172 0.990234 0.324219 0.992188 0.324219 0.998047 0.351562 0.998047 0.353516 0.996094 0.367188 0.996094 0.369141 0.994141 0.373047 0.994141 0.376953 0.990234 0.384766 0.990234 0.386719 0.988281 0.394531 0.988281 0.398438 0.984375 0.400391 0.984375 0.402344 0.982422 0.406250 0.982422 0.408203 0.980469 0.412109 0.980469 0.419922 0.972656 0.421875 0.972656 0.425781 0.968750 0.427734 0.968750 0.431641 0.964844 0.433594 0.964844 0.439453 0.958984 0.443359 0.958984 0.455078 0.947266 0.458984 0.947266 0.464844 0.941406 0.466797 0.941406 0.468750 0.939453 0.472656 0.939453 0.476562 0.935547 0.478516 0.935547 0.480469 0.933594 0.482422 0.933594 0.484375 0.931641 0.488281 0.931641 0.496094 0.923828 0.500000 0.923828 0.507812 0.916016 0.509766 0.916016 0.517578 0.908203 0.519531 0.908203 0.525391 0.902344 0.527344 0.902344 0.531250 0.898438 0.533203 0.898438 0.541016 0.890625 0.542969 0.890625 0.548828 0.884766 0.548828 0.882812 0.550781 0.880859 0.550781 0.859375 0.546875 0.855469 0.542969 0.855469 0.541016 0.853516 0.531250 0.853516 0.525391 0.859375 0.525391 0.861328 0.519531 0.867188 0.519531 0.871094 0.509766 0.880859 0.507812 0.880859 0.505859 0.878906 0.509766 0.875000 0.509766 0.871094 0.517578 0.863281 0.517578 0.857422 0.519531 0.855469 0.519531 0.853516 0.527344 0.845703 0.527344 0.833984 0.521484 0.828125 0.517578 0.828125 0.509766 0.820312 0.507812 0.820312 0.501953 0.814453 0.490234 0.814453 0.486328 0.818359 0.484375 0.816406 0.484375 0.812500 0.486328 0.810547 0.490234 0.810547 0.494141 0.806641 0.494141 0.798828 0.492188 0.796875 0.492188 0.791016 0.488281 0.787109 0.480469 0.787109 0.472656 0.779297 0.470703 0.779297 0.468750 0.777344 0.464844 0.777344 0.460938 0.773438 0.458984 0.773438 0.457031 0.771484
0 0.183594 0.771484 0.179688 0.775391 0.179688 0.783203 0.177734 0.785156 0.175781 0.783203 0.167969 0.783203 0.164062 0.787109 0.164062 0.794922 0.167969 0.798828 0.175781 0.798828 0.179688 0.794922 0.179688 0.787109 0.181641 0.785156 0.183594 0.787109 0.191406 0.787109 0.193359 0.789062 0.193359 0.794922 0.197266 0.798828 0.207031 0.798828 0.210938 0.794922 0.210938 0.787109 0.207031 0.783203 0.197266 0.783203 0.195312 0.781250 0.195312 0.775391 0.191406 0.771484
0 0.212891 0.763672 0.208984 0.767578 0.208984 0.775391 0.212891 0.779297 0.220703 0.779297 0.224609 0.775391 0.224609 0.767578 0.220703 0.763672
0 0.921875 0.757812 0.919922 0.759766 0.904297 0.759766 0.902344 0.761719 0.900391 0.761719 0.896484 0.765625 0.894531 0.765625 0.892578 0.767578 0.890625 0.767578 0.882812 0.775391 0.880859 0.775391 0.876953 0.779297 0.876953 0.781250 0.873047 0.785156 0.869141 0.785156 0.867188 0.787109 0.863281 0.787109 0.861328 0.789062 0.847656 0.789062 0.843750 0.792969 0.841797 0.792969 0.835938 0.798828 0.832031 0.798828 0.830078 0.800781 0.828125 0.800781 0.824219 0.804688 0.822266 0.804688 0.820312 0.806641 0.812500 0.806641 0.810547 0.808594 0.808594 0.808594 0.802734 0.814453 0.800781 0.814453 0.798828 0.816406 0.796875 0.816406 0.794922 0.818359 0.792969 0.818359 0.791016 0.820312 0.789062 0.820312 0.785156 0.824219 0.779297 0.824219 0.773438 0.830078 0.771484 0.830078 0.769531 0.832031 0.767578 0.832031 0.765625 0.833984 0.763672 0.833984 0.761719 0.835938 0.759766 0.835938 0.757812 0.837891 0.751953 0.837891 0.728516 0.861328 0.722656 0.861328 0.720703 0.863281 0.718750 0.863281 0.712891 0.869141 0.710938 0.869141 0.708984 0.871094 0.707031 0.871094 0.703125 0.875000 0.701172 0.875000 0.697266 0.878906 0.687500 0.878906 0.685547 0.880859 0.683594 0.880859 0.681641 0.882812 0.679688 0.882812 0.673828 0.888672 0.673828 0.890625 0.667969 0.896484 0.667969 0.904297 0.671875 0.908203 0.681641 0.908203 0.683594 0.910156 0.683594 0.912109 0.685547 0.914062 0.685547 0.919922 0.687500 0.921875 0.687500 0.925781 0.695312 0.933594 0.703125 0.933594 0.705078 0.935547 0.705078 0.943359 0.708984 0.947266 0.716797 0.947266 0.720703 0.943359 0.720703 0.941406 0.738281 0.923828 0.738281 0.921875 0.746094 0.914062 0.748047 0.916016 0.748047 0.923828 0.751953 0.927734 0.765625 0.927734 0.771484 0.921875 0.773438 0.921875 0.775391 0.919922 0.777344 0.919922 0.779297 0.917969 0.783203 0.917969 0.785156 0.916016 0.787109 0.916016 0.789062 0.914062 0.791016 0.914062 0.792969 0.912109 0.798828 0.912109 0.804688 0.906250 0.806641 0.906250 0.808594 0.904297 0.810547 0.904297 0.812500 0.902344 0.814453 0.902344 0.818359 0.898438 0.826172 0.898438 0.828125 0.896484 0.830078 0.896484 0.832031 0.894531 0.833984 0.894531 0.837891 0.890625 0.839844 0.890625 0.843750 0.886719 0.845703 0.886719 0.847656 0.884766 0.849609 0.884766 0.851562 0.882812 0.853516 0.882812 0.855469 0.880859 0.857422 0.880859 0.861328 0.876953 0.863281 0.876953 0.869141 0.871094 0.871094 0.871094 0.876953 0.865234 0.880859 0.865234 0.884766 0.861328 0.886719 0.861328 0.892578 0.855469 0.894531 0.855469 0.900391 0.849609 0.902344 0.849609 0.906250 0.845703 0.910156 0.845703 0.914062 0.841797 0.916016 0.841797 0.917969 0.839844 0.921875 0.839844 0.925781 0.835938 0.927734 0.835938 0.931641 0.832031 0.941406 0.832031 0.945312 0.828125 0.947266 0.828125 0.953125 0.822266 0.955078 0.822266 0.960938 0.816406 0.962891 0.816406 0.964844 0.814453 0.978516 0.814453 0.980469 0.812500 0.982422 0.812500 0.986328 0.808594 0.988281 0.808594 0.990234 0.806641 0.992188 0.806641 0.998047 0.800781 0.998047 0.775391 0.992188 0.775391 0.988281 0.779297 0.988281 0.783203 0.982422 0.789062 0.982422 0.791016 0.980469 0.792969 0.978516 0.792969 0.972656 0.798828 0.968750 0.798828 0.966797 0.796875 0.966797 0.794922 0.960938 0.789062 0.949219 0.789062 0.947266 0.787109 0.947266 0.785156 0.943359 0.781250 0.943359 0.779297 0.941406 0.777344 0.941406 0.771484 0.937500 0.767578 0.935547 0.767578 0.933594 0.765625 0.933594 0.761719 0.929688 0.757812
0 0.353516 0.757812 0.349609 0.761719 0.349609 0.769531 0.353516 0.773438 0.361328 0.773438 0.365234 0.769531 0.365234 0.761719 0.361328 0.757812
0 0.281250 0.750000 0.271484 0.759766 0.271484 0.761719 0.261719 0.771484 0.261719 0.773438 0.259766 0.775391 0.257812 0.775391 0.253906 0.779297 0.253906 0.787109 0.257812 0.791016 0.265625 0.791016 0.269531 0.787109 0.269531 0.785156 0.271484 0.783203 0.273438 0.783203 0.279297 0.777344 0.291016 0.777344 0.292969 0.779297 0.310547 0.779297 0.312500 0.781250 0.320312 0.781250 0.324219 0.777344 0.324219 0.775391 0.326172 0.773438 0.326172 0.767578 0.328125 0.765625 0.332031 0.769531 0.339844 0.769531 0.343750 0.765625 0.343750 0.755859 0.339844 0.751953 0.332031 0.751953 0.328125 0.755859 0.328125 0.763672 0.326172 0.765625 0.318359 0.757812 0.318359 0.755859 0.314453 0.751953 0.306641 0.751953 0.302734 0.755859 0.302734 0.761719 0.300781 0.763672 0.294922 0.763672 0.292969 0.761719 0.292969 0.753906 0.289062 0.750000
0 0.990234 0.724609 0.988281 0.726562 0.984375 0.726562 0.982422 0.728516 0.980469 0.728516 0.976562 0.732422 0.970703 0.732422 0.966797 0.736328 0.962891 0.736328 0.958984 0.740234 0.951172 0.740234 0.943359 0.748047 0.943359 0.755859 0.947266 0.759766 0.955078 0.759766 0.958984 0.755859 0.966797 0.755859 0.968750 0.753906 0.970703 0.753906 0.972656 0.751953 0.974609 0.751953 0.976562 0.750000 0.978516 0.750000 0.980469 0.748047 0.984375 0.748047 0.988281 0.744141 0.992188 0.744141 0.994141 0.742188 0.998047 0.742188 0.998047 0.724609
0 0.000000 0.000000 0.000000 0.187500 0.001953 0.189453 0.003906 0.189453 0.005859 0.191406 0.007812 0.191406 0.009766 0.193359 0.021484 0.193359 0.023438 0.191406 0.027344 0.191406 0.029297 0.193359 0.041016 0.193359 0.042969 0.191406 0.044922 0.191406 0.046875 0.189453 0.048828 0.189453 0.050781 0.187500 0.052734 0.187500 0.054688 0.189453 0.058594 0.189453 0.060547 0.191406 0.056641 0.195312 0.054688 0.195312 0.052734 0.197266 0.048828 0.197266 0.046875 0.199219 0.044922 0.199219 0.042969 0.201172 0.041016 0.201172 0.039062 0.203125 0.037109 0.203125 0.035156 0.205078 0.033203 0.205078 0.031250 0.207031 0.023438 0.207031 0.021484 0.205078 0.019531 0.205078 0.017578 0.203125 0.015625 0.203125 0.013672 0.201172 0.001953 0.201172 0.000000 0.203125 0.000000 0.437500 0.011719 0.437500 0.013672 0.435547 0.017578 0.439453 0.017578 0.441406 0.007812 0.451172 0.007812 0.453125 0.000000 0.460938 0.000000 0.542969 0.001953 0.542969 0.003906 0.544922 0.001953 0.546875 0.000000 0.546875 0.000000 0.808594 0.023438 0.808594 0.025391 0.806641 0.027344 0.806641 0.035156 0.798828 0.037109 0.800781 0.056641 0.800781 0.058594 0.798828 0.060547 0.798828 0.064453 0.794922 0.064453 0.792969 0.066406 0.791016 0.066406 0.783203 0.062500 0.779297 0.052734 0.779297 0.048828 0.775391 0.048828 0.767578 0.050781 0.765625 0.058594 0.765625 0.060547 0.767578 0.060547 0.771484 0.064453 0.775391 0.080078 0.775391 0.083984 0.771484 0.083984 0.767578 0.085938 0.765625 0.099609 0.765625 0.103516 0.761719 0.103516 0.753906 0.099609 0.750000 0.091797 0.750000 0.089844 0.748047 0.091797 0.746094 0.093750 0.746094 0.097656 0.742188 0.123047 0.742188 0.126953 0.738281 0.126953 0.730469 0.123047 0.726562 0.115234 0.726562 0.113281 0.724609 0.115234 0.722656 0.132812 0.722656 0.134766 0.720703 0.142578 0.720703 0.144531 0.718750 0.146484 0.718750 0.148438 0.716797 0.152344 0.716797 0.154297 0.714844 0.156250 0.714844 0.158203 0.712891 0.175781 0.712891 0.177734 0.714844 0.179688 0.714844 0.181641 0.716797 0.203125 0.716797 0.205078 0.714844 0.207031 0.714844 0.208984 0.712891 0.210938 0.712891 0.216797 0.707031 0.216797 0.705078 0.218750 0.703125 0.218750 0.701172 0.220703 0.699219 0.220703 0.693359 0.222656 0.691406 0.222656 0.689453 0.224609 0.687500 0.224609 0.679688 0.226562 0.677734 0.226562 0.675781 0.228516 0.673828 0.228516 0.669922 0.230469 0.667969 0.230469 0.662109 0.232422 0.660156 0.232422 0.656250 0.234375 0.654297 0.234375 0.652344 0.236328 0.650391 0.236328 0.648438 0.238281 0.646484 0.238281 0.644531 0.240234 0.642578 0.240234 0.630859 0.242188 0.628906 0.242188 0.623047 0.244141 0.621094 0.244141 0.609375 0.246094 0.607422 0.246094 0.603516 0.248047 0.601562 0.248047 0.597656 0.250000 0.595703 0.250000 0.583984 0.251953 0.582031 0.251953 0.580078 0.253906 0.578125 0.253906 0.554688 0.251953 0.552734 0.251953 0.550781 0.250000 0.548828 0.250000 0.546875 0.244141 0.541016 0.242188 0.541016 0.240234 0.539062 0.238281 0.539062 0.236328 0.537109 0.236328 0.535156 0.238281 0.533203 0.240234 0.533203 0.242188 0.531250 0.255859 0.531250 0.257812 0.529297 0.259766 0.529297 0.261719 0.527344 0.275391 0.527344 0.277344 0.525391 0.281250 0.525391 0.285156 0.529297 0.285156 0.531250 0.287109 0.533203 0.287109 0.535156 0.289062 0.537109 0.289062 0.539062 0.292969 0.542969 0.292969 0.546875 0.294922 0.548828 0.294922 0.550781 0.310547 0.550781 0.312500 0.552734 0.312500 0.554688 0.314453 0.556641 0.316406 0.556641 0.320312 0.560547 0.320312 0.562500 0.318359 0.564453 0.318359 0.566406 0.316406 0.568359 0.316406 0.582031 0.318359 0.583984 0.318359 0.585938 0.320312 0.587891 0.320312 0.589844 0.322266 0.591797 0.322266 0.593750 0.324219 0.595703 0.326172 0.595703 0.328125 0.597656 0.330078 0.597656 0.332031 0.599609 0.345703 0.599609 0.347656 0.601562 0.349609 0.601562 0.351562 0.603516 0.359375 0.603516 0.361328 0.605469 0.365234 0.605469 0.367188 0.607422 0.369141 0.607422 0.371094 0.609375 0.378906 0.609375 0.380859 0.611328 0.384766 0.611328 0.386719 0.613281 0.390625 0.613281 0.392578 0.615234 0.394531 0.615234 0.396484 0.617188 0.400391 0.617188 0.404297 0.621094 0.404297 0.623047 0.406250 0.625000 0.408203 0.625000 0.410156 0.626953 0.412109 0.626953 0.414062 0.628906 0.416016 0.628906 0.417969 0.630859 0.431641 0.630859 0.433594 0.628906 0.435547 0.628906 0.437500 0.626953 0.439453 0.626953 0.443359 0.623047 0.445312 0.623047 0.449219 0.619141 0.449219 0.617188 0.451172 0.615234 0.451172 0.613281 0.457031 0.607422 0.458984 0.607422 0.460938 0.605469 0.462891 0.605469 0.472656 0.595703 0.476562 0.599609 0.476562 0.601562 0.480469 0.605469 0.480469 0.615234 0.482422 0.617188 0.482422 0.619141 0.484375 0.621094 0.484375 0.623047 0.486328 0.625000 0.488281 0.625000 0.490234 0.626953 0.492188 0.626953 0.494141 0.628906 0.501953 0.628906 0.503906 0.630859 0.501953 0.632812 0.501953 0.634766 0.500000 0.636719 0.500000 0.638672 0.498047 0.640625 0.498047 0.644531 0.496094 0.646484 0.496094 0.650391 0.494141 0.652344 0.494141 0.660156 0.492188 0.662109 0.490234 0.662109 0.486328 0.666016 0.486328 0.667969 0.484375 0.669922 0.484375 0.671875 0.482422 0.673828 0.482422 0.691406 0.484375 0.693359 0.484375 0.705078 0.486328 0.707031 0.486328 0.708984 0.488281 0.710938 0.488281 0.712891 0.490234 0.714844 0.490234 0.716797 0.488281 0.718750 0.488281 0.720703 0.486328 0.722656 0.486328 0.724609 0.484375 0.726562 0.484375 0.742188 0.486328 0.744141 0.486328 0.746094 0.488281 0.748047 0.488281 0.750000 0.490234 0.751953 0.492188 0.751953 0.494141 0.753906 0.496094 0.753906 0.498047 0.755859 0.509766 0.755859 0.511719 0.753906 0.513672 0.753906 0.515625 0.751953 0.517578 0.751953 0.519531 0.750000 0.525391 0.750000 0.527344 0.751953 0.539062 0.751953 0.541016 0.750000 0.542969 0.750000 0.544922 0.748047 0.546875 0.748047 0.548828 0.746094 0.548828 0.744141 0.550781 0.742188 0.550781 0.740234 0.552734 0.738281 0.552734 0.728516 0.554688 0.726562 0.556641 0.726562 0.560547 0.722656 0.560547 0.714844 0.564453 0.710938 0.572266 0.710938 0.576172 0.707031 0.576172 0.699219 0.574219 0.697266 0.574219 0.695312 0.576172 0.693359 0.578125 0.693359 0.580078 0.691406 0.582031 0.691406 0.583984 0.689453 0.585938 0.689453 0.587891 0.691406 0.585938 0.693359 0.585938 0.703125 0.583984 0.705078 0.583984 0.708984 0.578125 0.714844 0.578125 0.722656 0.582031 0.726562 0.582031 0.740234 0.583984 0.742188 0.583984 0.744141 0.585938 0.746094 0.585938 0.748047 0.587891 0.750000 0.589844 0.750000 0.591797 0.751953 0.593750 0.751953 0.595703 0.753906 0.597656 0.753906 0.599609 0.755859 0.599609 0.757812 0.603516 0.761719 0.603516 0.763672 0.607422 0.767578 0.607422 0.769531 0.609375 0.771484 0.609375 0.775391 0.611328 0.777344 0.611328 0.779297 0.613281 0.781250 0.613281 0.783203 0.617188 0.787109 0.617188 0.789062 0.619141 0.791016 0.619141 0.792969 0.617188 0.794922 0.617188 0.796875 0.615234 0.798828 0.615234 0.800781 0.613281 0.802734 0.607422 0.796875 0.595703 0.796875 0.591797 0.800781 0.589844 0.800781 0.585938 0.796875 0.585938 0.794922 0.583984 0.792969 0.583984 0.773438 0.582031 0.771484 0.582031 0.769531 0.578125 0.765625 0.554688 0.765625 0.550781 0.769531 0.550781 0.775391 0.548828 0.777344 0.546875 0.777344 0.542969 0.781250 0.539062 0.781250 0.535156 0.785156 0.527344 0.785156 0.523438 0.789062 0.523438 0.796875 0.527344 0.800781 0.529297 0.800781 0.533203 0.804688 0.535156 0.804688 0.537109 0.806641 0.539062 0.806641 0.541016 0.808594 0.556641 0.808594 0.562500 0.802734 0.564453 0.804688 0.564453 0.808594 0.566406 0.810547 0.566406 0.814453 0.568359 0.816406 0.568359 0.818359 0.570312 0.820312 0.570312 0.822266 0.576172 0.828125 0.576172 0.833984 0.582031 0.839844 0.582031 0.847656 0.585938 0.851562 0.595703 0.851562 0.609375 0.837891 0.611328 0.837891 0.615234 0.833984 0.615234 0.830078 0.617188 0.828125 0.625000 0.828125 0.626953 0.826172 0.630859 0.826172 0.632812 0.824219 0.634766 0.824219 0.636719 0.822266 0.638672 0.822266 0.640625 0.820312 0.648438 0.820312 0.650391 0.818359 0.652344 0.818359 0.654297 0.816406 0.656250 0.816406 0.656250 0.814453 0.664062 0.806641 0.666016 0.806641 0.667969 0.804688 0.675781 0.804688 0.679688 0.800781 0.679688 0.798828 0.683594 0.794922 0.685547 0.794922 0.687500 0.792969 0.689453 0.792969 0.691406 0.791016 0.695312 0.791016 0.705078 0.781250 0.707031 0.781250 0.708984 0.779297 0.710938 0.779297 0.712891 0.777344 0.716797 0.777344 0.720703 0.773438 0.722656 0.773438 0.724609 0.771484 0.728516 0.771484 0.730469 0.769531 0.732422 0.769531 0.736328 0.765625 0.738281 0.765625 0.740234 0.763672 0.744141 0.763672 0.746094 0.761719 0.748047 0.761719 0.750000 0.759766 0.751953 0.759766 0.753906 0.757812 0.755859 0.757812 0.757812 0.755859 0.759766 0.755859 0.763672 0.751953 0.767578 0.751953 0.769531 0.750000 0.773438 0.750000 0.775391 0.748047 0.779297 0.748047 0.781250 0.746094 0.783203 0.746094 0.787109 0.742188 0.789062 0.742188 0.791016 0.740234 0.792969 0.740234 0.796875 0.736328 0.798828 0.736328 0.800781 0.734375 0.802734 0.734375 0.804688 0.732422 0.806641 0.732422 0.808594 0.730469 0.810547 0.730469 0.812500 0.728516 0.816406 0.728516 0.818359 0.726562 0.820312 0.726562 0.822266 0.724609 0.826172 0.724609 0.828125 0.722656 0.830078 0.722656 0.835938 0.716797 0.837891 0.716797 0.839844 0.714844 0.841797 0.714844 0.851562 0.705078 0.853516 0.705078 0.855469 0.703125 0.857422 0.703125 0.859375 0.701172 0.861328 0.701172 0.863281 0.699219 0.867188 0.699219 0.869141 0.697266 0.871094 0.697266 0.873047 0.695312 0.875000 0.695312 0.880859 0.689453 0.882812 0.689453 0.886719 0.685547 0.888672 0.685547 0.890625 0.683594 0.892578 0.683594 0.896484 0.679688 0.898438 0.679688 0.900391 0.677734 0.902344 0.677734 0.904297 0.675781 0.906250 0.675781 0.908203 0.673828 0.910156 0.673828 0.912109 0.671875 0.921875 0.671875 0.925781 0.667969 0.929688 0.667969 0.931641 0.666016 0.933594 0.666016 0.937500 0.662109 0.939453 0.662109 0.941406 0.660156 0.943359 0.660156 0.945312 0.658203 0.953125 0.658203 0.955078 0.656250 0.957031 0.656250 0.958984 0.654297 0.964844 0.654297 0.964844 0.652344 0.966797 0.650391 0.966797 0.648438 0.970703 0.644531 0.972656 0.644531 0.974609 0.642578 0.976562 0.642578 0.978516 0.640625 0.980469 0.640625 0.982422 0.638672 0.984375 0.638672 0.986328 0.636719 0.988281 0.636719 0.990234 0.634766 0.998047 0.634766 0.998047 0.263672 0.996094 0.261719 0.978516 0.261719 0.976562 0.259766 0.953125 0.259766 0.951172 0.257812 0.949219 0.257812 0.947266 0.255859 0.945312 0.255859 0.943359 0.253906 0.933594 0.253906 0.931641 0.251953 0.929688 0.251953 0.927734 0.250000 0.923828 0.250000 0.921875 0.248047 0.919922 0.248047 0.910156 0.238281 0.910156 0.236328 0.912109 0.234375 0.912109 0.208984 0.910156 0.207031 0.910156 0.205078 0.908203 0.203125 0.908203 0.201172 0.906250 0.199219 0.906250 0.197266 0.900391 0.191406 0.900391 0.189453 0.898438 0.187500 0.898438 0.156250 0.900391 0.154297 0.900391 0.152344 0.902344 0.150391 0.902344 0.146484 0.906250 0.142578 0.908203 0.142578 0.910156 0.140625 0.912109 0.140625 0.916016 0.136719 0.917969 0.136719 0.919922 0.134766 0.921875 0.134766 0.923828 0.132812 0.925781 0.132812 0.927734 0.130859 0.931641 0.130859 0.933594 0.128906 0.935547 0.128906 0.937500 0.126953 0.943359 0.126953 0.945312 0.125000 0.951172 0.125000 0.953125 0.123047 0.955078 0.123047 0.957031 0.121094 0.968750 0.121094 0.970703 0.119141 0.974609 0.119141 0.976562 0.117188 0.982422 0.117188 0.984375 0.115234 0.990234 0.115234 0.992188 0.113281 0.998047 0.113281 0.998047 0.000000 0.230469 0.000000 0.224609 0.005859 0.224609 0.007812 0.222656 0.009766 0.222656 0.011719 0.220703 0.013672 0.220703 0.023438 0.218750 0.025391 0.218750 0.033203 0.216797 0.035156 0.216797 0.060547 0.218750 0.062500 0.218750 0.066406 0.220703 0.068359 0.220703 0.085938 0.222656 0.087891 0.222656 0.089844 0.224609 0.091797 0.224609 0.093750 0.232422 0.101562 0.232422 0.103516 0.234375 0.105469 0.234375 0.107422 0.238281 0.111328 0.238281 0.117188 0.240234 0.119141 0.240234 0.121094 0.242188 0.123047 0.242188 0.125000 0.246094 0.128906 0.246094 0.130859 0.248047 0.132812 0.248047 0.136719 0.250000 0.138672 0.250000 0.140625 0.251953 0.142578 0.251953 0.144531 0.253906 0.146484 0.253906 0.167969 0.251953 0.169922 0.251953 0.171875 0.250000 0.173828 0.250000 0.187500 0.248047 0.189453 0.248047 0.191406 0.246094 0.193359 0.246094 0.195312 0.244141 0.197266 0.244141 0.208984 0.246094 0.210938 0.246094 0.212891 0.248047 0.214844 0.248047 0.216797 0.251953 0.220703 0.251953 0.224609 0.250000 0.226562 0.250000 0.238281 0.251953 0.240234 0.251953 0.242188 0.253906 0.244141 0.253906 0.246094 0.255859 0.248047 0.257812 0.248047 0.259766 0.250000 0.261719 0.250000 0.263672 0.251953 0.277344 0.251953 0.279297 0.250000 0.281250 0.250000 0.283203 0.248047 0.285156 0.248047 0.287109 0.250000 0.330078 0.250000 0.335938 0.255859 0.335938 0.257812 0.337891 0.259766 0.339844 0.259766 0.341797 0.261719 0.343750 0.261719 0.345703 0.263672 0.359375 0.263672 0.361328 0.265625 0.363281 0.265625 0.365234 0.267578 0.376953 0.267578 0.378906 0.265625 0.380859 0.265625 0.382812 0.263672 0.384766 0.263672 0.386719 0.261719 0.386719 0.259766 0.388672 0.257812 0.392578 0.257812 0.394531 0.259766 0.406250 0.259766 0.408203 0.257812 0.410156 0.257812 0.412109 0.255859 0.414062 0.255859 0.416016 0.253906 0.417969 0.255859 0.417969 0.257812 0.419922 0.259766 0.419922 0.261719 0.421875 0.263672 0.421875 0.265625 0.423828 0.267578 0.423828 0.269531 0.425781 0.271484 0.427734 0.271484 0.435547 0.279297 0.435547 0.283203 0.437500 0.285156 0.437500 0.287109 0.439453 0.289062 0.439453 0.291016 0.441406 0.292969 0.443359 0.292969 0.445312 0.294922 0.447266 0.294922 0.449219 0.296875 0.447266 0.298828 0.441406 0.298828 0.439453 0.296875 0.435547 0.296875 0.433594 0.294922 0.429688 0.294922 0.427734 0.292969 0.425781 0.292969 0.423828 0.291016 0.408203 0.291016 0.406250 0.289062 0.404297 0.289062 0.402344 0.287109 0.394531 0.287109 0.392578 0.285156 0.373047 0.285156 0.371094 0.283203 0.369141 0.283203 0.365234 0.279297 0.363281 0.279297 0.357422 0.273438 0.355469 0.273438 0.353516 0.271484 0.351562 0.271484 0.349609 0.269531 0.337891 0.269531 0.335938 0.271484 0.333984 0.271484 0.332031 0.273438 0.326172 0.273438 0.322266 0.269531 0.322266 0.267578 0.320312 0.265625 0.320312 0.263672 0.318359 0.261719 0.316406 0.261719 0.314453 0.259766 0.312500 0.259766 0.310547 0.257812 0.292969 0.257812 0.291016 0.259766 0.289062 0.259766 0.287109 0.261719 0.285156 0.261719 0.281250 0.265625 0.275391 0.265625 0.273438 0.263672 0.265625 0.263672 0.263672 0.261719 0.261719 0.261719 0.259766 0.259766 0.248047 0.259766 0.246094 0.261719 0.244141 0.261719 0.242188 0.263672 0.240234 0.263672 0.238281 0.265625 0.238281 0.267578 0.236328 0.269531 0.236328 0.271484 0.234375 0.273438 0.234375 0.287109 0.236328 0.289062 0.236328 0.291016 0.238281 0.292969 0.238281 0.294922 0.242188 0.298828 0.242188 0.308594 0.240234 0.310547 0.238281 0.310547 0.236328 0.308594 0.232422 0.308594 0.230469 0.306641 0.228516 0.306641 0.226562 0.304688 0.224609 0.304688 0.220703 0.300781 0.220703 0.298828 0.218750 0.296875 0.218750 0.294922 0.216797 0.292969 0.216797 0.291016 0.214844 0.289062 0.212891 0.289062 0.210938 0.287109 0.208984 0.287109 0.207031 0.285156 0.189453 0.285156 0.187500 0.287109 0.185547 0.287109 0.183594 0.289062 0.181641 0.289062 0.179688 0.291016 0.179688 0.292969 0.177734 0.294922 0.175781 0.292969 0.175781 0.285156 0.173828 0.283203 0.173828 0.281250 0.171875 0.279297 0.171875 0.277344 0.169922 0.275391 0.173828 0.271484 0.175781 0.271484 0.177734 0.269531 0.195312 0.269531 0.197266 0.267578 0.199219 0.267578 0.201172 0.265625 0.203125 0.265625 0.205078 0.263672 0.207031 0.263672 0.210938 0.259766 0.210938 0.257812 0.212891 0.255859 0.212891 0.253906 0.214844 0.251953 0.214844 0.250000 0.216797 0.248047 0.216797 0.222656 0.214844 0.220703 0.214844 0.218750 0.212891 0.216797 0.212891 0.214844 0.210938 0.212891 0.210938 0.207031 0.208984 0.205078 0.208984 0.203125 0.207031 0.201172 0.207031 0.199219 0.205078 0.197266 0.203125 0.197266 0.201172 0.195312 0.199219 0.195312 0.197266 0.193359 0.185547 0.193359 0.183594 0.195312 0.181641 0.193359 0.166016 0.193359 0.164062 0.191406 0.132812 0.191406 0.130859 0.189453 0.128906 0.189453 0.126953 0.187500 0.130859 0.183594 0.132812 0.183594 0.134766 0.181641 0.134766 0.179688 0.136719 0.177734 0.136719 0.175781 0.138672 0.173828 0.138672 0.162109 0.140625 0.160156 0.142578 0.160156 0.144531 0.162109 0.156250 0.162109 0.158203 0.160156 0.160156 0.160156 0.162109 0.158203 0.164062 0.158203 0.166016 0.156250 0.166016 0.154297 0.167969 0.152344 0.167969 0.150391 0.169922 0.148438 0.169922 0.136719 0.167969 0.134766 0.167969 0.132812 0.166016 0.130859 0.166016 0.128906 0.164062 0.126953 0.162109 0.126953 0.160156 0.125000 0.158203 0.125000 0.156250 0.123047 0.156250 0.109375 0.154297 0.107422 0.154297 0.105469 0.152344 0.103516 0.152344 0.101562 0.150391 0.099609 0.148438 0.099609 0.146484 0.097656 0.144531 0.097656 0.142578 0.095703 0.128906 0.095703 0.126953 0.097656 0.123047 0.097656 0.121094 0.095703 0.121094 0.082031 0.123047 0.080078 0.125000 0.080078 0.126953 0.082031 0.128906 0.082031 0.130859 0.083984 0.142578 0.083984 0.144531 0.082031 0.146484 0.082031 0.148438 0.080078 0.150391 0.080078 0.152344 0.078125 0.152344 0.076172 0.154297 0.074219 0.154297 0.072266 0.156250 0.070312 0.156250 0.058594 0.154297 0.056641 0.154297 0.054688 0.152344 0.052734 0.152344 0.050781 0.154297 0.048828 0.154297 0.037109 0.152344 0.035156 0.152344 0.033203 0.150391 0.031250 0.152344 0.029297 0.152344 0.017578 0.150391 0.015625 0.150391 0.013672 0.148438 0.011719 0.148438 0.009766 0.146484 0.007812 0.144531 0.007812 0.142578 0.005859 0.140625 0.005859 0.138672 0.003906 0.126953 0.003906 0.125000 0.005859 0.121094 0.005859 0.119141 0.007812 0.117188 0.007812 0.115234 0.009766 0.113281 0.009766 0.111328 0.011719 0.111328 0.013672 0.109375 0.015625 0.107422 0.015625 0.103516 0.019531 0.097656 0.013672 0.097656 0.011719 0.095703 0.009766 0.095703 0.007812 0.093750 0.005859 0.091797 0.005859 0.089844 0.003906 0.087891 0.003906 0.085938 0.001953 0.072266 0.001953 0.070312 0.003906 0.066406 0.003906 0.064453 0.001953 0.064453 0.000000