0 0.761719 0.968750 0.757812 0.972656 0.750000 0.972656 0.746094 0.976562 0.746094 0.986328 0.744141 0.988281 0.740234 0.988281 0.736328 0.992188 0.736328 0.998047 0.765625 0.998047 0.769531 0.994141 0.769531 0.992188 0.773438 0.988281 0.777344 0.988281 0.781250 0.984375 0.781250 0.976562 0.777344 0.972656 0.775391 0.972656 0.771484 0.968750
0 0.669922 0.947266 0.667969 0.949219 0.658203 0.949219 0.656250 0.951172 0.654297 0.951172 0.650391 0.955078 0.650391 0.962891 0.654297 0.966797 0.664062 0.966797 0.666016 0.964844 0.677734 0.964844 0.679688 0.962891 0.681641 0.962891 0.685547 0.958984 0.685547 0.951172 0.681641 0.947266
0 0.291016 0.945312 0.285156 0.951172 0.285156 0.964844 0.289062 0.968750 0.296875 0.968750 0.306641 0.958984 0.306641 0.949219 0.302734 0.945312
0 0.994141 0.937500 0.990234 0.941406 0.988281 0.941406 0.980469 0.949219 0.978516 0.949219 0.974609 0.953125 0.962891 0.953125 0.957031 0.958984 0.957031 0.970703 0.960938 0.974609 0.974609 0.974609 0.976562 0.976562 0.976562 0.982422 0.974609 0.984375 0.972656 0.984375 0.968750 0.988281 0.966797 0.988281 0.958984 0.996094 0.958984 0.998047 0.998047 0.998047 0.998047 0.960938 0.996094 0.958984 0.998047 0.957031 0.998047 0.937500
0 0.863281 0.935547 0.859375 0.939453 0.859375 0.945312 0.857422 0.947266 0.857422 0.968750 0.851562 0.974609 0.851562 0.986328 0.855469 0.990234 0.855469 0.992188 0.853516 0.994141 0.853516 0.998047 0.923828 0.998047 0.919922 0.994141 0.917969 0.994141 0.916016 0.992188 0.912109 0.992188 0.910156 0.990234 0.908203 0.990234 0.906250 0.988281 0.896484 0.988281 0.894531 0.986328 0.894531 0.958984 0.892578 0.957031 0.892578 0.951172 0.888672 0.947266 0.888672 0.941406 0.884766 0.937500 0.875000 0.937500 0.873047 0.935547
0 0.175781 0.900391 0.171875 0.904297 0.169922 0.904297 0.166016 0.908203 0.166016 0.910156 0.164062 0.912109 0.164062 0.916016 0.162109 0.917969 0.162109 0.929688 0.166016 0.933594 0.166016 0.935547 0.169922 0.939453 0.187500 0.939453 0.191406 0.935547 0.195312 0.935547 0.197266 0.933594 0.208984 0.933594 0.212891 0.929688 0.212891 0.912109 0.207031 0.906250 0.203125 0.906250 0.197266 0.900391
0 0.675781 0.898438 0.671875 0.902344 0.671875 0.910156 0.675781 0.914062 0.708984 0.914062 0.712891 0.910156 0.712891 0.902344 0.708984 0.898438
0 0.136719 0.898438 0.130859 0.904297 0.130859 0.912109 0.128906 0.914062 0.126953 0.914062 0.125000 0.916016 0.123047 0.916016 0.121094 0.914062 0.101562 0.914062 0.097656 0.917969 0.097656 0.921875 0.089844 0.929688 0.089844 0.931641 0.070312 0.951172 0.070312 0.953125 0.054688 0.968750 0.054688 0.970703 0.046875 0.978516 0.046875 0.980469 0.044922 0.982422 0.042969 0.982422 0.041016 0.984375 0.039062 0.984375 0.035156 0.988281 0.035156 0.996094 0.037109 0.998047 0.085938 0.998047 0.091797 0.992188 0.093750 0.992188 0.095703 0.990234 0.097656 0.990234 0.099609 0.988281 0.101562 0.988281 0.107422 0.982422 0.107422 0.978516 0.119141 0.966797 0.119141 0.964844 0.121094 0.962891 0.121094 0.960938 0.125000 0.957031 0.125000 0.955078 0.126953 0.953125 0.126953 0.941406 0.125000 0.939453 0.128906 0.935547 0.130859 0.935547 0.134766 0.939453 0.146484 0.939453 0.150391 0.935547 0.150391 0.902344 0.146484 0.898438
0 0.951172 0.878906 0.947266 0.882812 0.947266 0.894531 0.951172 0.898438 0.958984 0.898438 0.960938 0.896484 0.962891 0.898438 0.962891 0.906250 0.966797 0.910156 0.974609 0.910156 0.976562 0.912109 0.976562 0.919922 0.980469 0.923828 0.986328 0.923828 0.992188 0.929688 0.998047 0.929688 0.998047 0.878906 0.994141 0.878906 0.990234 0.882812 0.990234 0.898438 0.994141 0.902344 0.994141 0.906250 0.992188 0.908203 0.980469 0.908203 0.978516 0.906250 0.978516 0.898438 0.974609 0.894531 0.966797 0.894531 0.964844 0.896484 0.962891 0.894531 0.962891 0.882812 0.958984 0.878906
0 0.804688 0.851562 0.800781 0.855469 0.800781 0.863281 0.804688 0.867188 0.812500 0.867188 0.816406 0.863281 0.816406 0.855469 0.812500 0.851562
0 0.792969 0.802734 0.789062 0.806641 0.789062 0.814453 0.792969 0.818359 0.800781 0.818359 0.804688 0.814453 0.804688 0.806641 0.800781 0.802734
0 0.964844 0.773438 0.957031 0.781250 0.957031 0.787109 0.953125 0.791016 0.953125 0.802734 0.955078 0.804688 0.947266 0.812500 0.943359 0.812500 0.937500 0.818359 0.935547 0.818359 0.933594 0.820312 0.931641 0.820312 0.929688 0.822266 0.927734 0.822266 0.923828 0.826172 0.923828 0.835938 0.927734 0.839844 0.931641 0.839844 0.933594 0.841797 0.933594 0.849609 0.935547 0.851562 0.935547 0.859375 0.939453 0.863281 0.949219 0.863281 0.951172 0.865234 0.960938 0.865234 0.964844 0.861328 0.964844 0.847656 0.962891 0.845703 0.962891 0.832031 0.960938 0.830078 0.960938 0.822266 0.962891 0.820312 0.968750 0.820312 0.970703 0.822266 0.974609 0.822266 0.980469 0.828125 0.980469 0.837891 0.984375 0.841797 0.994141 0.841797 0.998047 0.837891 0.998047 0.777344 0.992188 0.777344 0.988281 0.781250 0.988281 0.783203 0.984375 0.787109 0.980469 0.783203 0.980469 0.779297 0.974609 0.773438
0 0.078125 0.759766 0.074219 0.763672 0.074219 0.773438 0.080078 0.779297 0.082031 0.779297 0.083984 0.781250 0.085938 0.781250 0.089844 0.785156 0.099609 0.785156 0.103516 0.781250 0.103516 0.771484 0.099609 0.767578 0.097656 0.767578 0.095703 0.765625 0.091797 0.765625 0.085938 0.759766
0 0.841797 0.757812 0.835938 0.763672 0.835938 0.765625 0.832031 0.769531 0.832031 0.771484 0.830078 0.773438 0.830078 0.787109 0.826172 0.791016 0.826172 0.798828 0.832031 0.804688 0.830078 0.806641 0.828125 0.806641 0.824219 0.802734 0.816406 0.802734 0.812500 0.806641 0.812500 0.814453 0.816406 0.818359 0.824219 0.818359 0.828125 0.814453 0.830078 0.814453 0.837891 0.822266 0.835938 0.824219 0.833984 0.824219 0.830078 0.828125 0.830078 0.832031 0.826172 0.835938 0.826172 0.843750 0.830078 0.847656 0.837891 0.847656 0.841797 0.843750 0.843750 0.843750 0.845703 0.845703 0.855469 0.845703 0.859375 0.841797 0.861328 0.843750 0.861328 0.845703 0.863281 0.847656 0.863281 0.849609 0.861328 0.851562 0.855469 0.851562 0.851562 0.855469 0.851562 0.857422 0.849609 0.859375 0.847656 0.859375 0.843750 0.863281 0.841797 0.863281 0.837891 0.867188 0.835938 0.865234 0.835938 0.861328 0.832031 0.857422 0.824219 0.857422 0.820312 0.861328 0.820312 0.869141 0.824219 0.873047 0.832031 0.873047 0.833984 0.871094 0.835938 0.873047 0.835938 0.876953 0.837891 0.878906 0.837891 0.882812 0.843750 0.888672 0.859375 0.888672 0.861328 0.886719 0.863281 0.886719 0.865234 0.884766 0.867188 0.884766 0.871094 0.880859 0.871094 0.875000 0.873047 0.873047 0.875000 0.873047 0.878906 0.869141 0.878906 0.839844 0.876953 0.837891 0.876953 0.830078 0.871094 0.824219 0.871094 0.820312 0.867188 0.816406 0.865234 0.816406 0.859375 0.810547 0.863281 0.806641 0.863281 0.804688 0.865234 0.802734 0.865234 0.765625 0.863281 0.763672 0.863281 0.761719 0.859375 0.757812
0 0.056641 0.738281 0.054688 0.740234 0.052734 0.740234 0.050781 0.742188 0.044922 0.742188 0.042969 0.740234 0.033203 0.740234 0.029297 0.744141 0.029297 0.746094 0.027344 0.748047 0.027344 0.763672 0.031250 0.767578 0.039062 0.767578 0.041016 0.769531 0.035156 0.775391 0.035156 0.781250 0.031250 0.785156 0.031250 0.792969 0.029297 0.794922 0.029297 0.804688 0.033203 0.808594 0.041016 0.808594 0.042969 0.810547 0.041016 0.812500 0.027344 0.812500 0.023438 0.816406 0.023438 0.824219 0.029297 0.830078 0.035156 0.830078 0.037109 0.832031 0.037109 0.833984 0.042969 0.839844 0.039062 0.843750 0.033203 0.837891 0.011719 0.837891 0.007812 0.841797 0.007812 0.843750 0.005859 0.845703 0.005859 0.847656 0.003906 0.849609 0.003906 0.851562 0.001953 0.853516 0.001953 0.861328 0.003906 0.863281 0.003906 0.865234 0.007812 0.869141 0.009766 0.869141 0.015625 0.875000 0.025391 0.875000 0.027344 0.876953 0.025391 0.878906 0.015625 0.878906 0.011719 0.882812 0.011719 0.890625 0.013672 0.892578 0.011719 0.894531 0.011719 0.912109 0.017578 0.917969 0.019531 0.917969 0.021484 0.919922 0.017578 0.923828 0.017578 0.943359 0.015625 0.945312 0.015625 0.947266 0.013672 0.949219 0.013672 0.953125 0.011719 0.955078 0.011719 0.957031 0.007812 0.960938 0.005859 0.960938 0.001953 0.964844 0.001953 0.966797 0.000000 0.968750 0.000000 0.982422 0.003906 0.986328 0.011719 0.986328 0.023438 0.974609 0.023438 0.968750 0.029297 0.962891 0.029297 0.958984 0.031250 0.957031 0.033203 0.957031 0.037109 0.953125 0.037109 0.951172 0.042969 0.945312 0.042969 0.943359 0.044922 0.941406 0.046875 0.941406 0.058594 0.929688 0.058594 0.927734 0.064453 0.921875 0.064453 0.919922 0.066406 0.917969 0.068359 0.917969 0.074219 0.912109 0.074219 0.910156 0.082031 0.902344 0.085938 0.902344 0.091797 0.896484 0.091797 0.894531 0.097656 0.888672 0.097656 0.884766 0.099609 0.882812 0.099609 0.867188 0.095703 0.863281 0.093750 0.863281 0.091797 0.861328 0.083984 0.861328 0.082031 0.859375 0.082031 0.851562 0.087891 0.845703 0.087891 0.839844 0.089844 0.837891 0.089844 0.830078 0.085938 0.826172 0.085938 0.824219 0.080078 0.818359 0.076172 0.818359 0.074219 0.816406 0.066406 0.816406 0.062500 0.820312 0.062500 0.826172 0.060547 0.828125 0.058594 0.826172 0.058594 0.824219 0.050781 0.816406 0.048828 0.816406 0.046875 0.814453 0.048828 0.812500 0.060547 0.812500 0.062500 0.810547 0.064453 0.810547 0.066406 0.808594 0.070312 0.808594 0.074219 0.804688 0.074219 0.800781 0.076172 0.798828 0.076172 0.787109 0.074219 0.785156 0.074219 0.783203 0.070312 0.779297 0.064453 0.779297 0.062500 0.777344 0.064453 0.775391 0.064453 0.773438 0.066406 0.771484 0.066406 0.769531 0.068359 0.767578 0.068359 0.742188 0.064453 0.738281
0 0.744141 0.705078 0.740234 0.708984 0.740234 0.712891 0.736328 0.716797 0.736328 0.720703 0.732422 0.724609 0.732422 0.726562 0.730469 0.728516 0.708984 0.728516 0.707031 0.726562 0.699219 0.726562 0.693359 0.732422 0.687500 0.732422 0.683594 0.736328 0.683594 0.738281 0.679688 0.742188 0.679688 0.744141 0.677734 0.746094 0.677734 0.753906 0.675781 0.755859 0.669922 0.755859 0.666016 0.759766 0.650391 0.759766 0.646484 0.763672 0.646484 0.765625 0.644531 0.767578 0.640625 0.767578 0.636719 0.763672 0.626953 0.763672 0.623047 0.759766 0.621094 0.759766 0.619141 0.757812 0.597656 0.757812 0.595703 0.759766 0.593750 0.759766 0.589844 0.763672 0.589844 0.769531 0.587891 0.771484 0.576172 0.771484 0.572266 0.775391 0.572266 0.785156 0.574219 0.787109 0.574219 0.794922 0.580078 0.800781 0.582031 0.800781 0.583984 0.802734 0.583984 0.810547 0.587891 0.814453 0.597656 0.814453 0.601562 0.810547 0.601562 0.804688 0.607422 0.798828 0.607422 0.791016 0.605469 0.789062 0.607422 0.787109 0.621094 0.787109 0.625000 0.791016 0.632812 0.791016 0.638672 0.785156 0.650391 0.785156 0.652344 0.783203 0.662109 0.783203 0.666016 0.779297 0.667969 0.779297 0.669922 0.777344 0.673828 0.777344 0.675781 0.775391 0.679688 0.775391 0.683594 0.771484 0.683594 0.769531 0.685547 0.767578 0.703125 0.767578 0.705078 0.769531 0.705078 0.783203 0.707031 0.785156 0.707031 0.792969 0.716797 0.802734 0.724609 0.802734 0.726562 0.804688 0.718750 0.812500 0.718750 0.814453 0.716797 0.816406 0.716797 0.828125 0.718750 0.830078 0.718750 0.833984 0.714844 0.837891 0.714844 0.845703 0.718750 0.849609 0.720703 0.849609 0.722656 0.851562 0.722656 0.869141 0.726562 0.873047 0.734375 0.873047 0.738281 0.876953 0.736328 0.878906 0.730469 0.878906 0.726562 0.882812 0.726562 0.890625 0.732422 0.896484 0.732422 0.914062 0.738281 0.919922 0.738281 0.931641 0.740234 0.933594 0.740234 0.939453 0.742188 0.941406 0.742188 0.943359 0.746094 0.947266 0.748047 0.947266 0.751953 0.951172 0.761719 0.951172 0.767578 0.957031 0.789062 0.957031 0.794922 0.951172 0.794922 0.941406 0.792969 0.939453 0.794922 0.937500 0.800781 0.937500 0.806641 0.931641 0.806641 0.929688 0.808594 0.927734 0.808594 0.917969 0.804688 0.914062 0.798828 0.914062 0.796875 0.912109 0.800781 0.908203 0.818359 0.908203 0.822266 0.904297 0.822266 0.896484 0.818359 0.892578 0.794922 0.892578 0.791016 0.896484 0.789062 0.896484 0.785156 0.900391 0.785156 0.908203 0.789062 0.912109 0.792969 0.912109 0.794922 0.914062 0.791016 0.917969 0.789062 0.917969 0.787109 0.916016 0.785156 0.916016 0.783203 0.914062 0.773438 0.914062 0.769531 0.910156 0.769531 0.884766 0.767578 0.882812 0.767578 0.875000 0.771484 0.871094 0.771484 0.861328 0.769531 0.859375 0.769531 0.851562 0.765625 0.847656 0.765625 0.837891 0.757812 0.830078 0.757812 0.828125 0.755859 0.826172 0.755859 0.824219 0.753906 0.822266 0.753906 0.820312 0.751953 0.818359 0.751953 0.812500 0.748047 0.808594 0.748047 0.806641 0.744141 0.802734 0.746094 0.800781 0.757812 0.800781 0.761719 0.796875 0.763672 0.796875 0.767578 0.792969 0.771484 0.796875 0.789062 0.796875 0.791016 0.794922 0.792969 0.794922 0.794922 0.792969 0.796875 0.792969 0.800781 0.789062 0.818359 0.789062 0.822266 0.785156 0.822266 0.777344 0.824219 0.775391 0.824219 0.767578 0.820312 0.763672 0.818359 0.763672 0.810547 0.755859 0.808594 0.755859 0.802734 0.750000 0.798828 0.750000 0.796875 0.748047 0.796875 0.736328 0.792969 0.732422 0.779297 0.732422 0.775391 0.736328 0.775391 0.738281 0.773438 0.740234 0.771484 0.738281 0.771484 0.718750 0.767578 0.714844 0.767578 0.712891 0.759766 0.705078
0 0.515625 0.675781 0.511719 0.679688 0.511719 0.683594 0.507812 0.687500 0.507812 0.689453 0.505859 0.691406 0.505859 0.693359 0.503906 0.695312 0.503906 0.705078 0.507812 0.708984 0.515625 0.708984 0.519531 0.705078 0.519531 0.703125 0.521484 0.701172 0.521484 0.699219 0.525391 0.695312 0.525391 0.693359 0.527344 0.691406 0.527344 0.679688 0.523438 0.675781
0 0.839844 0.669922 0.835938 0.673828 0.835938 0.681641 0.837891 0.683594 0.835938 0.685547 0.830078 0.685547 0.826172 0.689453 0.826172 0.720703 0.820312 0.726562 0.820312 0.736328 0.828125 0.744141 0.837891 0.744141 0.841797 0.740234 0.841797 0.732422 0.843750 0.730469 0.845703 0.730469 0.853516 0.722656 0.853516 0.720703 0.859375 0.714844 0.859375 0.707031 0.855469 0.703125 0.843750 0.703125 0.841797 0.701172 0.841797 0.689453 0.839844 0.687500 0.841797 0.685547 0.847656 0.685547 0.851562 0.681641 0.851562 0.673828 0.847656 0.669922
0 0.900391 0.652344 0.896484 0.656250 0.896484 0.664062 0.900391 0.667969 0.908203 0.667969 0.912109 0.664062 0.912109 0.656250 0.908203 0.652344
0 0.210938 0.652344 0.207031 0.656250 0.207031 0.664062 0.210938 0.667969 0.208984 0.669922 0.203125 0.669922 0.197266 0.675781 0.183594 0.675781 0.179688 0.671875 0.166016 0.671875 0.160156 0.677734 0.160156 0.685547 0.166016 0.691406 0.179688 0.691406 0.181641 0.689453 0.183594 0.689453 0.185547 0.691406 0.205078 0.691406 0.210938 0.685547 0.224609 0.685547 0.226562 0.687500 0.236328 0.687500 0.240234 0.683594 0.240234 0.675781 0.234375 0.669922 0.220703 0.669922 0.218750 0.667969 0.222656 0.664062 0.222656 0.656250 0.218750 0.652344
0 0.820312 0.650391 0.816406 0.654297 0.816406 0.662109 0.814453 0.664062 0.806641 0.664062 0.802734 0.667969 0.802734 0.675781 0.806641 0.679688 0.814453 0.679688 0.818359 0.675781 0.818359 0.669922 0.820312 0.667969 0.828125 0.667969 0.832031 0.664062 0.832031 0.654297 0.828125 0.650391
0 0.250000 0.646484 0.246094 0.650391 0.236328 0.650391 0.232422 0.654297 0.232422 0.662109 0.236328 0.666016 0.244141 0.666016 0.246094 0.664062 0.248047 0.664062 0.250000 0.666016 0.257812 0.666016 0.263672 0.660156 0.263672 0.650391 0.259766 0.646484
0 0.757812 0.630859 0.753906 0.634766 0.753906 0.667969 0.751953 0.669922 0.751953 0.677734 0.755859 0.681641 0.775391 0.681641 0.783203 0.673828 0.783203 0.671875 0.785156 0.669922 0.785156 0.654297 0.787109 0.652344 0.787109 0.640625 0.783203 0.636719 0.775391 0.636719 0.771484 0.640625 0.769531 0.638672 0.769531 0.634766 0.765625 0.630859
0 0.464844 0.626953 0.460938 0.630859 0.460938 0.638672 0.464844 0.642578 0.472656 0.642578 0.476562 0.638672 0.476562 0.630859 0.472656 0.626953
0 0.248047 0.625000 0.244141 0.628906 0.242188 0.626953 0.230469 0.626953 0.228516 0.628906 0.226562 0.628906 0.224609 0.626953 0.216797 0.626953 0.212891 0.630859 0.212891 0.638672 0.216797 0.642578 0.224609 0.642578 0.226562 0.640625 0.228516 0.640625 0.230469 0.642578 0.242188 0.642578 0.246094 0.638672 0.248047 0.640625 0.255859 0.640625 0.259766 0.636719 0.259766 0.628906 0.255859 0.625000
0 0.906250 0.623047 0.902344 0.626953 0.902344 0.634766 0.906250 0.638672 0.914062 0.638672 0.917969 0.634766 0.917969 0.626953 0.914062 0.623047
0 0.179688 0.621094 0.175781 0.625000 0.175781 0.632812 0.179688 0.636719 0.193359 0.636719 0.197266 0.632812 0.197266 0.625000 0.193359 0.621094
0 0.296875 0.617188 0.292969 0.621094 0.292969 0.628906 0.298828 0.634766 0.296875 0.636719 0.296875 0.640625 0.292969 0.644531 0.292969 0.652344 0.296875 0.656250 0.298828 0.656250 0.300781 0.658203 0.300781 0.662109 0.304688 0.666016 0.312500 0.666016 0.326172 0.652344 0.326172 0.632812 0.324219 0.630859 0.324219 0.628906 0.320312 0.625000 0.310547 0.625000 0.308594 0.623047 0.308594 0.621094 0.304688 0.617188
0 0.228516 0.601562 0.224609 0.605469 0.224609 0.613281 0.228516 0.617188 0.238281 0.617188 0.242188 0.621094 0.250000 0.621094 0.253906 0.617188 0.253906 0.609375 0.250000 0.605469 0.240234 0.605469 0.236328 0.601562
0 0.095703 0.601562 0.091797 0.605469 0.091797 0.611328 0.089844 0.613281 0.085938 0.613281 0.082031 0.617188 0.082031 0.625000 0.085938 0.628906 0.093750 0.628906 0.097656 0.625000 0.097656 0.619141 0.099609 0.617188 0.103516 0.617188 0.107422 0.613281 0.107422 0.605469 0.103516 0.601562
0 0.753906 0.589844 0.750000 0.593750 0.750000 0.601562 0.753906 0.605469 0.761719 0.605469 0.765625 0.601562 0.765625 0.593750 0.761719 0.589844
0 0.273438 0.576172 0.271484 0.578125 0.265625 0.578125 0.261719 0.582031 0.261719 0.597656 0.265625 0.601562 0.269531 0.601562 0.273438 0.605469 0.275391 0.605469 0.277344 0.607422 0.289062 0.607422 0.292969 0.603516 0.292969 0.595703 0.291016 0.593750 0.292969 0.591797 0.292969 0.580078 0.289062 0.576172
0 0.332031 0.570312 0.326172 0.576172 0.326172 0.597656 0.333984 0.605469 0.343750 0.605469 0.347656 0.601562 0.347656 0.593750 0.341797 0.587891 0.341797 0.583984 0.343750 0.582031 0.343750 0.574219 0.339844 0.570312
0 0.800781 0.568359 0.794922 0.574219 0.794922 0.582031 0.796875 0.583984 0.792969 0.587891 0.792969 0.589844 0.791016 0.591797 0.787109 0.587891 0.779297 0.587891 0.775391 0.591797 0.775391 0.609375 0.779297 0.613281 0.789062 0.613281 0.792969 0.609375 0.792969 0.601562 0.794922 0.599609 0.796875 0.601562 0.800781 0.601562 0.814453 0.615234 0.822266 0.615234 0.826172 0.611328 0.826172 0.601562 0.822266 0.597656 0.820312 0.597656 0.816406 0.593750 0.816406 0.587891 0.818359 0.585938 0.820312 0.587891 0.828125 0.587891 0.832031 0.583984 0.832031 0.576172 0.828125 0.572266 0.820312 0.572266 0.818359 0.574219 0.812500 0.568359
0 0.935547 0.560547 0.931641 0.564453 0.931641 0.572266 0.937500 0.578125 0.937500 0.582031 0.939453 0.583984 0.939453 0.585938 0.943359 0.589844 0.955078 0.589844 0.957031 0.591797 0.953125 0.595703 0.947266 0.595703 0.945312 0.597656 0.939453 0.597656 0.937500 0.599609 0.935547 0.599609 0.931641 0.603516 0.931641 0.611328 0.935547 0.615234 0.937500 0.615234 0.945312 0.623047 0.962891 0.623047 0.964844 0.625000 0.964844 0.628906 0.968750 0.632812 0.978516 0.632812 0.980469 0.634766 0.978516 0.636719 0.974609 0.636719 0.972656 0.638672 0.970703 0.638672 0.968750 0.640625 0.966797 0.640625 0.964844 0.642578 0.949219 0.642578 0.945312 0.646484 0.945312 0.654297 0.949219 0.658203 0.955078 0.658203 0.957031 0.660156 0.957031 0.664062 0.955078 0.666016 0.955078 0.695312 0.953125 0.697266 0.953125 0.699219 0.951172 0.701172 0.947266 0.697266 0.945312 0.697266 0.943359 0.695312 0.943359 0.691406 0.935547 0.683594 0.933594 0.683594 0.931641 0.681641 0.931641 0.671875 0.927734 0.667969 0.919922 0.667969 0.914062 0.673828 0.914062 0.685547 0.921875 0.693359 0.921875 0.695312 0.927734 0.701172 0.927734 0.705078 0.929688 0.707031 0.927734 0.708984 0.927734 0.712891 0.925781 0.714844 0.925781 0.740234 0.927734 0.742188 0.927734 0.744141 0.925781 0.746094 0.925781 0.753906 0.921875 0.757812 0.921875 0.765625 0.925781 0.769531 0.925781 0.771484 0.929688 0.775391 0.939453 0.775391 0.941406 0.773438 0.943359 0.773438 0.947266 0.769531 0.947266 0.759766 0.949219 0.757812 0.957031 0.757812 0.958984 0.759766 0.958984 0.765625 0.962891 0.769531 0.976562 0.769531 0.980469 0.773438 0.990234 0.773438 0.998047 0.765625 0.998047 0.636719 0.996094 0.634766 0.990234 0.634766 0.988281 0.632812 0.990234 0.630859 0.998047 0.630859 0.998047 0.593750 0.996094 0.591797 0.986328 0.591797 0.982422 0.595703 0.982422 0.603516 0.980469 0.605469 0.974609 0.605469 0.972656 0.603516 0.972656 0.595703 0.968750 0.591797 0.958984 0.591797 0.957031 0.589844 0.960938 0.585938 0.960938 0.583984 0.964844 0.580078 0.964844 0.568359 0.960938 0.564453 0.947266 0.564453 0.943359 0.560547
0 0.894531 0.552734 0.890625 0.556641 0.890625 0.558594 0.888672 0.560547 0.886719 0.560547 0.882812 0.564453 0.882812 0.580078 0.886719 0.583984 0.888672 0.583984 0.890625 0.585938 0.890625 0.589844 0.894531 0.593750 0.906250 0.593750 0.908203 0.595703 0.908203 0.597656 0.914062 0.603516 0.921875 0.603516 0.925781 0.599609 0.925781 0.591797 0.923828 0.589844 0.923828 0.585938 0.919922 0.582031 0.917969 0.582031 0.914062 0.578125 0.908203 0.578125 0.906250 0.576172 0.906250 0.556641 0.902344 0.552734
0 0.974609 0.529297 0.970703 0.533203 0.970703 0.544922 0.972656 0.546875 0.972656 0.548828 0.970703 0.550781 0.970703 0.558594 0.974609 0.562500 0.982422 0.562500 0.986328 0.558594 0.986328 0.550781 0.984375 0.548828 0.984375 0.546875 0.986328 0.544922 0.986328 0.533203 0.982422 0.529297
0 0.802734 0.527344 0.798828 0.531250 0.798828 0.539062 0.802734 0.542969 0.802734 0.546875 0.806641 0.550781 0.814453 0.550781 0.818359 0.546875 0.820312 0.548828 0.820312 0.550781 0.824219 0.554688 0.832031 0.554688 0.835938 0.550781 0.835938 0.542969 0.832031 0.539062 0.824219 0.539062 0.822266 0.537109 0.822266 0.535156 0.818359 0.531250 0.814453 0.531250 0.810547 0.527344
0 0.699219 0.494141 0.695312 0.498047 0.695312 0.505859 0.699219 0.509766 0.705078 0.509766 0.707031 0.511719 0.707031 0.517578 0.705078 0.519531 0.705078 0.521484 0.701172 0.525391 0.701172 0.537109 0.705078 0.541016 0.714844 0.541016 0.716797 0.539062 0.718750 0.541016 0.726562 0.541016 0.730469 0.537109 0.730469 0.513672 0.722656 0.505859 0.722656 0.501953 0.714844 0.494141
0 0.628906 0.457031 0.626953 0.458984 0.617188 0.458984 0.613281 0.462891 0.613281 0.470703 0.617188 0.474609 0.634766 0.474609 0.640625 0.468750 0.640625 0.460938 0.636719 0.457031
0 0.814453 0.455078 0.810547 0.458984 0.810547 0.472656 0.814453 0.476562 0.822266 0.476562 0.826172 0.472656 0.826172 0.458984 0.822266 0.455078
0 0.779297 0.453125 0.775391 0.457031 0.775391 0.466797 0.779297 0.470703 0.775391 0.474609 0.775391 0.482422 0.779297 0.486328 0.792969 0.486328 0.796875 0.482422 0.796875 0.464844 0.794922 0.462891 0.794922 0.458984 0.791016 0.455078 0.789062 0.455078 0.787109 0.453125
0 0.941406 0.445312 0.937500 0.449219 0.935547 0.449219 0.933594 0.451172 0.931641 0.451172 0.921875 0.460938 0.921875 0.468750 0.925781 0.472656 0.927734 0.472656 0.933594 0.478516 0.949219 0.478516 0.958984 0.468750 0.958984 0.449219 0.955078 0.445312
0 0.771484 0.406250 0.767578 0.410156 0.767578 0.417969 0.771484 0.421875 0.779297 0.421875 0.783203 0.417969 0.783203 0.410156 0.779297 0.406250
0 0.988281 0.396484 0.982422 0.402344 0.980469 0.402344 0.972656 0.410156 0.972656 0.416016 0.970703 0.417969 0.970703 0.435547 0.980469 0.445312 0.998047 0.445312 0.998047 0.396484
0 0.833984 0.380859 0.830078 0.384766 0.830078 0.392578 0.833984 0.396484 0.841797 0.396484 0.845703 0.392578 0.845703 0.384766 0.841797 0.380859
0 0.412109 0.380859 0.408203 0.384766 0.408203 0.392578 0.412109 0.396484 0.414062 0.396484 0.416016 0.398438 0.417969 0.398438 0.419922 0.400391 0.441406 0.400391 0.445312 0.396484 0.445312 0.388672 0.441406 0.384766 0.427734 0.384766 0.425781 0.382812 0.421875 0.382812 0.419922 0.380859
0 0.765625 0.378906 0.761719 0.382812 0.761719 0.390625 0.765625 0.394531 0.773438 0.394531 0.777344 0.390625 0.777344 0.382812 0.773438 0.378906
0 0.308594 0.378906 0.304688 0.382812 0.304688 0.384766 0.298828 0.390625 0.298828 0.392578 0.294922 0.396484 0.294922 0.406250 0.300781 0.412109 0.316406 0.412109 0.318359 0.414062 0.326172 0.414062 0.332031 0.408203 0.332031 0.406250 0.333984 0.404297 0.333984 0.398438 0.337891 0.394531 0.337891 0.384766 0.333984 0.380859 0.330078 0.380859 0.328125 0.378906
0 0.287109 0.365234 0.283203 0.369141 0.283203 0.376953 0.287109 0.380859 0.300781 0.380859 0.304688 0.376953 0.304688 0.369141 0.300781 0.365234
0 0.757812 0.355469 0.753906 0.359375 0.753906 0.367188 0.757812 0.371094 0.765625 0.371094 0.769531 0.367188 0.769531 0.359375 0.765625 0.355469
0 0.886719 0.341797 0.882812 0.345703 0.882812 0.353516 0.888672 0.359375 0.888672 0.367188 0.886719 0.369141 0.884766 0.369141 0.880859 0.373047 0.880859 0.376953 0.871094 0.386719 0.871094 0.388672 0.869141 0.390625 0.861328 0.390625 0.857422 0.394531 0.857422 0.402344 0.859375 0.404297 0.857422 0.406250 0.851562 0.406250 0.847656 0.410156 0.847656 0.412109 0.843750 0.416016 0.841797 0.416016 0.837891 0.419922 0.833984 0.416016 0.826172 0.416016 0.822266 0.419922 0.822266 0.425781 0.818359 0.429688 0.818359 0.437500 0.822266 0.441406 0.830078 0.441406 0.833984 0.437500 0.833984 0.431641 0.837891 0.427734 0.841797 0.431641 0.849609 0.431641 0.851562 0.429688 0.857422 0.429688 0.861328 0.425781 0.861328 0.423828 0.863281 0.421875 0.863281 0.410156 0.861328 0.408203 0.863281 0.406250 0.869141 0.406250 0.873047 0.402344 0.873047 0.400391 0.875000 0.398438 0.882812 0.398438 0.890625 0.390625 0.890625 0.386719 0.896484 0.380859 0.896484 0.375000 0.898438 0.373047 0.900391 0.373047 0.904297 0.369141 0.904297 0.363281 0.910156 0.357422 0.910156 0.349609 0.906250 0.345703 0.898438 0.345703 0.894531 0.341797
0 0.810547 0.335938 0.806641 0.339844 0.806641 0.347656 0.810547 0.351562 0.818359 0.351562 0.822266 0.347656 0.822266 0.339844 0.818359 0.335938
0 0.927734 0.304688 0.923828 0.308594 0.919922 0.308594 0.912109 0.316406 0.912109 0.324219 0.916016 0.328125 0.916016 0.332031 0.919922 0.335938 0.923828 0.335938 0.927734 0.339844 0.925781 0.341797 0.925781 0.367188 0.929688 0.371094 0.957031 0.371094 0.960938 0.367188 0.960938 0.359375 0.962891 0.357422 0.962891 0.347656 0.958984 0.343750 0.957031 0.343750 0.949219 0.335938 0.949219 0.332031 0.945312 0.328125 0.945312 0.318359 0.939453 0.312500 0.939453 0.308594 0.935547 0.304688
0 0.791016 0.296875 0.787109 0.300781 0.787109 0.308594 0.791016 0.312500 0.798828 0.312500 0.802734 0.308594 0.802734 0.300781 0.798828 0.296875
0 0.822266 0.277344 0.818359 0.281250 0.818359 0.289062 0.822266 0.292969 0.826172 0.292969 0.830078 0.296875 0.828125 0.298828 0.828125 0.306641 0.824219 0.310547 0.824219 0.318359 0.828125 0.322266 0.830078 0.322266 0.832031 0.324219 0.828125 0.328125 0.828125 0.335938 0.832031 0.339844 0.839844 0.339844 0.843750 0.335938 0.843750 0.333984 0.845703 0.332031 0.847656 0.333984 0.847656 0.341797 0.849609 0.343750 0.849609 0.345703 0.847656 0.347656 0.845703 0.347656 0.841797 0.351562 0.841797 0.359375 0.845703 0.363281 0.853516 0.363281 0.857422 0.359375 0.857422 0.351562 0.859375 0.349609 0.861328 0.349609 0.865234 0.345703 0.871094 0.345703 0.873047 0.343750 0.878906 0.343750 0.882812 0.339844 0.882812 0.332031 0.878906 0.328125 0.880859 0.326172 0.880859 0.316406 0.878906 0.314453 0.878906 0.308594 0.875000 0.304688 0.875000 0.298828 0.873047 0.296875 0.873047 0.294922 0.869141 0.291016 0.869141 0.289062 0.865234 0.285156 0.855469 0.285156 0.853516 0.283203 0.841797 0.283203 0.835938 0.277344
0 0.259766 0.269531 0.255859 0.273438 0.255859 0.277344 0.251953 0.281250 0.251953 0.283203 0.250000 0.285156 0.244141 0.285156 0.240234 0.289062 0.240234 0.296875 0.244141 0.300781 0.251953 0.300781 0.255859 0.296875 0.255859 0.294922 0.257812 0.292969 0.263672 0.292969 0.267578 0.289062 0.267578 0.285156 0.271484 0.281250 0.271484 0.273438 0.267578 0.269531
0 0.894531 0.255859 0.888672 0.261719 0.888672 0.271484 0.894531 0.277344 0.916016 0.277344 0.919922 0.273438 0.919922 0.263672 0.914062 0.257812 0.910156 0.257812 0.908203 0.255859
0 0.417969 0.253906 0.414062 0.257812 0.414062 0.265625 0.417969 0.269531 0.425781 0.269531 0.429688 0.265625 0.429688 0.257812 0.425781 0.253906
0 0.378906 0.250000 0.375000 0.253906 0.375000 0.257812 0.373047 0.259766 0.371094 0.259766 0.367188 0.263672 0.367188 0.271484 0.371094 0.275391 0.373047 0.275391 0.378906 0.281250 0.398438 0.281250 0.402344 0.277344 0.402344 0.269531 0.400391 0.267578 0.400391 0.265625 0.396484 0.261719 0.392578 0.261719 0.390625 0.259766 0.390625 0.253906 0.386719 0.250000
0 0.750000 0.224609 0.746094 0.228516 0.746094 0.236328 0.753906 0.244141 0.755859 0.244141 0.757812 0.246094 0.753906 0.250000 0.753906 0.251953 0.750000 0.255859 0.748047 0.253906 0.748047 0.250000 0.744141 0.246094 0.736328 0.246094 0.732422 0.250000 0.732422 0.257812 0.736328 0.261719 0.742188 0.261719 0.744141 0.263672 0.744141 0.271484 0.748047 0.275391 0.755859 0.275391 0.759766 0.271484 0.759766 0.269531 0.763672 0.265625 0.765625 0.265625 0.767578 0.267578 0.767578 0.279297 0.771484 0.283203 0.779297 0.283203 0.783203 0.279297 0.783203 0.273438 0.785156 0.271484 0.785156 0.269531 0.789062 0.265625 0.789062 0.261719 0.791016 0.259766 0.791016 0.246094 0.787109 0.242188 0.775391 0.242188 0.773438 0.240234 0.773438 0.236328 0.765625 0.228516 0.763672 0.228516 0.759766 0.224609
0 0.898438 0.208984 0.894531 0.212891 0.894531 0.218750 0.892578 0.220703 0.886719 0.220703 0.882812 0.224609 0.882812 0.230469 0.880859 0.232422 0.878906 0.232422 0.875000 0.236328 0.875000 0.244141 0.878906 0.248047 0.886719 0.248047 0.890625 0.244141 0.890625 0.238281 0.892578 0.236328 0.894531 0.236328 0.898438 0.232422 0.898438 0.226562 0.900391 0.224609 0.906250 0.224609 0.910156 0.220703 0.910156 0.212891 0.906250 0.208984
0 0.835938 0.205078 0.832031 0.208984 0.832031 0.216797 0.835938 0.220703 0.843750 0.220703 0.847656 0.216797 0.847656 0.208984 0.843750 0.205078
0 0.634766 0.199219 0.630859 0.203125 0.630859 0.210938 0.632812 0.212891 0.628906 0.216797 0.628906 0.224609 0.632812 0.228516 0.640625 0.228516 0.644531 0.224609 0.648438 0.228516 0.648438 0.232422 0.644531 0.236328 0.638672 0.236328 0.634766 0.240234 0.634766 0.248047 0.638672 0.251953 0.652344 0.251953 0.656250 0.255859 0.671875 0.255859 0.675781 0.251953 0.681641 0.251953 0.687500 0.246094 0.693359 0.246094 0.695312 0.248047 0.701172 0.248047 0.705078 0.251953 0.712891 0.251953 0.716797 0.248047 0.716797 0.242188 0.718750 0.240234 0.724609 0.240234 0.728516 0.236328 0.728516 0.228516 0.724609 0.224609 0.716797 0.224609 0.712891 0.228516 0.712891 0.234375 0.710938 0.236328 0.708984 0.236328 0.707031 0.234375 0.708984 0.232422 0.708984 0.224609 0.710938 0.222656 0.710938 0.214844 0.707031 0.210938 0.693359 0.210938 0.689453 0.214844 0.689453 0.216797 0.687500 0.218750 0.681641 0.218750 0.679688 0.216797 0.683594 0.212891 0.683594 0.205078 0.679688 0.201172 0.671875 0.201172 0.667969 0.205078 0.667969 0.212891 0.671875 0.216797 0.675781 0.216797 0.677734 0.218750 0.675781 0.220703 0.669922 0.220703 0.666016 0.224609 0.664062 0.222656 0.664062 0.203125 0.660156 0.199219 0.652344 0.199219 0.648438 0.203125 0.646484 0.203125 0.642578 0.199219
0 0.863281 0.187500 0.859375 0.191406 0.859375 0.199219 0.865234 0.205078 0.863281 0.207031 0.859375 0.207031 0.855469 0.210938 0.855469 0.218750 0.859375 0.222656 0.869141 0.222656 0.873047 0.218750 0.873047 0.210938 0.869141 0.207031 0.871094 0.205078 0.873047 0.205078 0.876953 0.201172 0.876953 0.191406 0.873047 0.187500
0 0.814453 0.156250 0.810547 0.160156 0.810547 0.167969 0.814453 0.171875 0.822266 0.171875 0.826172 0.167969 0.826172 0.160156 0.822266 0.156250
0 0.855469 0.154297 0.851562 0.158203 0.851562 0.167969 0.853516 0.169922 0.851562 0.171875 0.847656 0.171875 0.843750 0.175781 0.843750 0.183594 0.841797 0.185547 0.837891 0.185547 0.835938 0.183594 0.835938 0.181641 0.832031 0.177734 0.824219 0.177734 0.820312 0.181641 0.820312 0.189453 0.824219 0.193359 0.830078 0.193359 0.832031 0.195312 0.832031 0.197266 0.835938 0.201172 0.845703 0.201172 0.849609 0.197266 0.849609 0.189453 0.851562 0.187500 0.855469 0.187500 0.859375 0.183594 0.859375 0.181641 0.861328 0.179688 0.869141 0.179688 0.873047 0.175781 0.873047 0.167969 0.871094 0.166016 0.871094 0.160156 0.867188 0.156250 0.865234 0.156250 0.863281 0.154297
0 0.445312 0.134766 0.441406 0.138672 0.441406 0.146484 0.445312 0.150391 0.443359 0.152344 0.443359 0.160156 0.441406 0.162109 0.441406 0.169922 0.445312 0.173828 0.443359 0.175781 0.439453 0.175781 0.435547 0.179688 0.435547 0.187500 0.439453 0.191406 0.447266 0.191406 0.449219 0.193359 0.449219 0.199219 0.453125 0.203125 0.460938 0.203125 0.464844 0.199219 0.466797 0.199219 0.468750 0.197266 0.470703 0.197266 0.474609 0.201172 0.482422 0.201172 0.486328 0.197266 0.486328 0.189453 0.484375 0.187500 0.486328 0.185547 0.490234 0.185547 0.494141 0.181641 0.494141 0.173828 0.490234 0.169922 0.482422 0.169922 0.478516 0.173828 0.478516 0.181641 0.480469 0.183594 0.478516 0.185547 0.474609 0.185547 0.472656 0.187500 0.470703 0.187500 0.466797 0.183594 0.462891 0.183594 0.460938 0.181641 0.460938 0.179688 0.457031 0.175781 0.455078 0.175781 0.453125 0.173828 0.457031 0.169922 0.457031 0.162109 0.458984 0.160156 0.458984 0.152344 0.455078 0.148438 0.457031 0.146484 0.457031 0.138672 0.453125 0.134766
0 0.900391 0.128906 0.896484 0.132812 0.896484 0.140625 0.894531 0.142578 0.894531 0.154297 0.890625 0.158203 0.890625 0.166016 0.896484 0.171875 0.908203 0.171875 0.912109 0.175781 0.912109 0.177734 0.917969 0.183594 0.917969 0.197266 0.925781 0.205078 0.925781 0.210938 0.929688 0.214844 0.929688 0.218750 0.931641 0.220703 0.931641 0.222656 0.933594 0.224609 0.933594 0.226562 0.941406 0.234375 0.943359 0.234375 0.945312 0.236328 0.945312 0.238281 0.947266 0.240234 0.947266 0.246094 0.951172 0.250000 0.951172 0.261719 0.957031 0.267578 0.957031 0.275391 0.955078 0.277344 0.955078 0.279297 0.953125 0.281250 0.953125 0.289062 0.955078 0.291016 0.955078 0.302734 0.958984 0.306641 0.966797 0.306641 0.970703 0.302734 0.970703 0.300781 0.972656 0.298828 0.972656 0.289062 0.974609 0.287109 0.976562 0.287109 0.980469 0.283203 0.980469 0.281250 0.984375 0.277344 0.984375 0.267578 0.978516 0.261719 0.980469 0.259766 0.980469 0.246094 0.974609 0.240234 0.974609 0.230469 0.966797 0.222656 0.962891 0.222656 0.958984 0.218750 0.958984 0.216797 0.957031 0.214844 0.958984 0.212891 0.958984 0.205078 0.949219 0.195312 0.949219 0.187500 0.947266 0.185547 0.947266 0.183594 0.945312 0.181641 0.945312 0.177734 0.943359 0.175781 0.943359 0.171875 0.941406 0.169922 0.941406 0.167969 0.931641 0.158203 0.931641 0.152344 0.929688 0.150391 0.929688 0.146484 0.923828 0.140625 0.923828 0.132812 0.919922 0.128906
0 0.585938 0.123047 0.582031 0.126953 0.580078 0.125000 0.572266 0.125000 0.568359 0.128906 0.568359 0.136719 0.572266 0.140625 0.580078 0.140625 0.583984 0.136719 0.585938 0.138672 0.593750 0.138672 0.595703 0.136719 0.597656 0.138672 0.597656 0.142578 0.601562 0.146484 0.609375 0.146484 0.613281 0.142578 0.613281 0.134766 0.609375 0.130859 0.601562 0.130859 0.599609 0.132812 0.597656 0.130859 0.597656 0.126953 0.593750 0.123047
0 0.800781 0.115234 0.796875 0.119141 0.796875 0.126953 0.800781 0.130859 0.806641 0.130859 0.808594 0.132812 0.808594 0.136719 0.812500 0.140625 0.828125 0.140625 0.833984 0.134766 0.835938 0.136719 0.843750 0.136719 0.847656 0.132812 0.847656 0.125000 0.843750 0.121094 0.835938 0.121094 0.830078 0.126953 0.828125 0.125000 0.814453 0.125000 0.812500 0.123047 0.812500 0.119141 0.808594 0.115234
0 0.822266 0.101562 0.818359 0.105469 0.818359 0.113281 0.822266 0.117188 0.830078 0.117188 0.833984 0.113281 0.833984 0.105469 0.830078 0.101562
0 0.316406 0.095703 0.314453 0.097656 0.306641 0.097656 0.302734 0.101562 0.300781 0.099609 0.292969 0.099609 0.289062 0.103516 0.289062 0.107422 0.287109 0.109375 0.283203 0.109375 0.279297 0.113281 0.279297 0.115234 0.275391 0.119141 0.255859 0.119141 0.253906 0.121094 0.251953 0.121094 0.246094 0.115234 0.238281 0.115234 0.234375 0.119141 0.228516 0.119141 0.220703 0.126953 0.220703 0.128906 0.218750 0.130859 0.216797 0.128906 0.207031 0.128906 0.205078 0.126953 0.197266 0.126953 0.195312 0.128906 0.191406 0.128906 0.189453 0.130859 0.187500 0.130859 0.185547 0.132812 0.148438 0.132812 0.144531 0.136719 0.144531 0.138672 0.142578 0.140625 0.140625 0.140625 0.138672 0.138672 0.138672 0.134766 0.134766 0.130859 0.126953 0.130859 0.123047 0.134766 0.113281 0.134766 0.111328 0.136719 0.107422 0.136719 0.103516 0.140625 0.103516 0.148438 0.107422 0.152344 0.115234 0.152344 0.117188 0.154297 0.126953 0.154297 0.130859 0.158203 0.138672 0.158203 0.144531 0.164062 0.152344 0.164062 0.156250 0.160156 0.156250 0.150391 0.158203 0.148438 0.193359 0.148438 0.195312 0.146484 0.197266 0.146484 0.199219 0.148438 0.189453 0.158203 0.185547 0.154297 0.177734 0.154297 0.173828 0.158203 0.173828 0.160156 0.171875 0.162109 0.169922 0.162109 0.166016 0.166016 0.164062 0.166016 0.162109 0.167969 0.156250 0.167969 0.154297 0.169922 0.150391 0.169922 0.148438 0.171875 0.140625 0.171875 0.138672 0.169922 0.130859 0.169922 0.126953 0.173828 0.126953 0.177734 0.125000 0.179688 0.117188 0.179688 0.113281 0.183594 0.113281 0.199219 0.117188 0.203125 0.123047 0.203125 0.128906 0.208984 0.126953 0.210938 0.123047 0.210938 0.121094 0.212891 0.119141 0.212891 0.117188 0.210938 0.117188 0.208984 0.113281 0.205078 0.105469 0.205078 0.101562 0.208984 0.099609 0.207031 0.099609 0.201172 0.095703 0.197266 0.087891 0.197266 0.082031 0.203125 0.080078 0.203125 0.076172 0.207031 0.076172 0.214844 0.080078 0.218750 0.093750 0.218750 0.099609 0.212891 0.101562 0.214844 0.101562 0.216797 0.095703 0.222656 0.095703 0.224609 0.093750 0.226562 0.093750 0.228516 0.091797 0.230469 0.091797 0.238281 0.089844 0.240234 0.089844 0.253906 0.095703 0.259766 0.095703 0.283203 0.097656 0.285156 0.097656 0.291016 0.099609 0.292969 0.099609 0.300781 0.101562 0.302734 0.101562 0.314453 0.099609 0.316406 0.099609 0.328125 0.097656 0.330078 0.095703 0.330078 0.091797 0.333984 0.091797 0.341797 0.095703 0.345703 0.109375 0.345703 0.111328 0.347656 0.109375 0.349609 0.101562 0.349609 0.097656 0.353516 0.097656 0.359375 0.095703 0.361328 0.089844 0.361328 0.083984 0.367188 0.083984 0.369141 0.082031 0.371094 0.082031 0.376953 0.080078 0.378906 0.076172 0.378906 0.074219 0.380859 0.072266 0.380859 0.070312 0.382812 0.064453 0.382812 0.062500 0.380859 0.060547 0.380859 0.054688 0.375000 0.054688 0.367188 0.050781 0.363281 0.042969 0.363281 0.039062 0.367188 0.035156 0.367188 0.033203 0.369141 0.031250 0.369141 0.025391 0.375000 0.019531 0.375000 0.011719 0.382812 0.011719 0.384766 0.009766 0.386719 0.007812 0.386719 0.005859 0.384766 0.005859 0.375000 0.007812 0.373047 0.007812 0.357422 0.005859 0.355469 0.009766 0.351562 0.009766 0.343750 0.011719 0.341797 0.023438 0.341797 0.025391 0.339844 0.029297 0.339844 0.035156 0.333984 0.035156 0.326172 0.031250 0.322266 0.021484 0.322266 0.019531 0.324219 0.017578 0.324219 0.015625 0.322266 0.015625 0.310547 0.009766 0.304688 0.000000 0.304688 0.000000 0.740234 0.007812 0.740234 0.009766 0.738281 0.015625 0.738281 0.019531 0.734375 0.021484 0.734375 0.025391 0.730469 0.025391 0.720703 0.031250 0.714844 0.031250 0.710938 0.033203 0.708984 0.033203 0.701172 0.037109 0.697266 0.037109 0.693359 0.039062 0.691406 0.046875 0.691406 0.052734 0.685547 0.052734 0.681641 0.058594 0.675781 0.062500 0.675781 0.066406 0.671875 0.068359 0.671875 0.072266 0.667969 0.072266 0.662109 0.074219 0.660156 0.076172 0.662109 0.078125 0.662109 0.080078 0.664062 0.080078 0.667969 0.083984 0.671875 0.089844 0.671875 0.091797 0.673828 0.093750 0.673828 0.095703 0.675781 0.105469 0.675781 0.107422 0.677734 0.123047 0.677734 0.125000 0.675781 0.126953 0.675781 0.134766 0.667969 0.134766 0.660156 0.130859 0.656250 0.123047 0.656250 0.119141 0.660156 0.103516 0.660156 0.099609 0.656250 0.089844 0.656250 0.087891 0.654297 0.087891 0.650391 0.083984 0.646484 0.078125 0.646484 0.076172 0.644531 0.076172 0.642578 0.074219 0.640625 0.074219 0.638672 0.068359 0.632812 0.070312 0.630859 0.072266 0.630859 0.076172 0.626953 0.076172 0.611328 0.072266 0.607422 0.068359 0.607422 0.064453 0.603516 0.062500 0.603516 0.060547 0.601562 0.062500 0.599609 0.080078 0.599609 0.082031 0.597656 0.083984 0.597656 0.089844 0.591797 0.091797 0.591797 0.095703 0.587891 0.095703 0.583984 0.099609 0.580078 0.115234 0.580078 0.117188 0.578125 0.123047 0.578125 0.126953 0.574219 0.130859 0.574219 0.134766 0.570312 0.138672 0.570312 0.142578 0.566406 0.142578 0.564453 0.146484 0.560547 0.148438 0.562500 0.148438 0.578125 0.152344 0.582031 0.177734 0.582031 0.181641 0.578125 0.183594 0.578125 0.187500 0.582031 0.201172 0.582031 0.205078 0.578125 0.210938 0.578125 0.220703 0.568359 0.226562 0.568359 0.246094 0.548828 0.246094 0.535156 0.248047 0.533203 0.248047 0.519531 0.250000 0.517578 0.250000 0.515625 0.251953 0.513672 0.251953 0.494141 0.253906 0.492188 0.253906 0.490234 0.255859 0.488281 0.255859 0.486328 0.261719 0.480469 0.261719 0.476562 0.265625 0.472656 0.265625 0.470703 0.267578 0.468750 0.267578 0.466797 0.269531 0.464844 0.269531 0.462891 0.271484 0.460938 0.271484 0.457031 0.275391 0.453125 0.275391 0.429688 0.267578 0.421875 0.261719 0.421875 0.257812 0.417969 0.253906 0.417969 0.251953 0.416016 0.251953 0.412109 0.255859 0.408203 0.255859 0.394531 0.251953 0.390625 0.234375 0.390625 0.226562 0.398438 0.218750 0.398438 0.214844 0.402344 0.214844 0.406250 0.212891 0.408203 0.212891 0.412109 0.210938 0.414062 0.208984 0.412109 0.201172 0.412109 0.197266 0.416016 0.197266 0.427734 0.201172 0.431641 0.212891 0.431641 0.214844 0.433594 0.214844 0.435547 0.216797 0.437500 0.216797 0.441406 0.214844 0.443359 0.214844 0.445312 0.210938 0.449219 0.210938 0.462891 0.214844 0.466797 0.216797 0.466797 0.218750 0.468750 0.218750 0.488281 0.214844 0.492188 0.214844 0.496094 0.208984 0.501953 0.207031 0.501953 0.193359 0.515625 0.189453 0.511719 0.177734 0.511719 0.175781 0.513672 0.173828 0.513672 0.169922 0.517578 0.167969 0.517578 0.164062 0.521484 0.164062 0.531250 0.158203 0.537109 0.158203 0.550781 0.156250 0.552734 0.156250 0.556641 0.154297 0.558594 0.152344 0.558594 0.148438 0.562500 0.146484 0.560547 0.146484 0.558594 0.152344 0.552734 0.152344 0.548828 0.154297 0.546875 0.154297 0.523438 0.148438 0.517578 0.148438 0.513672 0.144531 0.509766 0.146484 0.507812 0.150391 0.507812 0.156250 0.501953 0.156250 0.476562 0.154297 0.474609 0.154297 0.472656 0.148438 0.466797 0.144531 0.466797 0.142578 0.464844 0.140625 0.464844 0.136719 0.460938 0.132812 0.460938 0.130859 0.458984 0.130859 0.447266 0.123047 0.439453 0.107422 0.439453 0.103516 0.443359 0.103516 0.451172 0.101562 0.453125 0.099609 0.453125 0.093750 0.458984 0.091797 0.457031 0.091797 0.445312 0.093750 0.443359 0.097656 0.443359 0.101562 0.439453 0.101562 0.435547 0.105469 0.431641 0.105469 0.429688 0.107422 0.427734 0.109375 0.429688 0.121094 0.429688 0.128906 0.421875 0.128906 0.419922 0.130859 0.417969 0.130859 0.416016 0.132812 0.414062 0.132812 0.412109 0.134766 0.410156 0.134766 0.398438 0.136719 0.396484 0.136719 0.388672 0.132812 0.384766 0.125000 0.384766 0.123047 0.382812 0.123047 0.380859 0.125000 0.378906 0.128906 0.378906 0.130859 0.380859 0.138672 0.380859 0.144531 0.375000 0.144531 0.367188 0.154297 0.357422 0.154297 0.345703 0.148438 0.339844 0.150391 0.337891 0.152344 0.337891 0.154297 0.335938 0.156250 0.335938 0.160156 0.332031 0.173828 0.332031 0.177734 0.328125 0.183594 0.328125 0.189453 0.333984 0.197266 0.333984 0.203125 0.328125 0.207031 0.328125 0.208984 0.326172 0.210938 0.326172 0.212891 0.328125 0.224609 0.328125 0.228516 0.324219 0.230469 0.324219 0.234375 0.320312 0.234375 0.312500 0.230469 0.308594 0.218750 0.308594 0.214844 0.304688 0.208984 0.304688 0.207031 0.302734 0.207031 0.291016 0.208984 0.289062 0.214844 0.289062 0.218750 0.285156 0.218750 0.283203 0.224609 0.277344 0.224609 0.257812 0.216797 0.250000 0.216797 0.246094 0.214844 0.244141 0.216797 0.242188 0.224609 0.242188 0.228516 0.238281 0.228516 0.230469 0.224609 0.226562 0.216797 0.226562 0.214844 0.224609 0.214844 0.222656 0.212891 0.220703 0.212891 0.218750 0.210938 0.216797 0.210938 0.207031 0.214844 0.203125 0.218750 0.203125 0.222656 0.199219 0.224609 0.199219 0.232422 0.191406 0.232422 0.187500 0.236328 0.183594 0.248047 0.183594 0.251953 0.187500 0.251953 0.189453 0.259766 0.197266 0.261719 0.197266 0.263672 0.199219 0.267578 0.199219 0.269531 0.201172 0.271484 0.201172 0.273438 0.203125 0.279297 0.203125 0.281250 0.205078 0.283203 0.205078 0.285156 0.207031 0.304688 0.207031 0.308594 0.203125 0.312500 0.203125 0.316406 0.199219 0.318359 0.201172 0.318359 0.210938 0.322266 0.214844 0.330078 0.214844 0.335938 0.208984 0.335938 0.207031 0.343750 0.199219 0.343750 0.197266 0.345703 0.195312 0.345703 0.187500 0.341797 0.183594 0.335938 0.183594 0.333984 0.181641 0.337891 0.177734 0.337891 0.169922 0.339844 0.167969 0.339844 0.146484 0.343750 0.142578 0.343750 0.140625 0.345703 0.138672 0.345703 0.136719 0.347656 0.134766 0.347656 0.111328 0.345703 0.109375 0.345703 0.105469 0.343750 0.103516 0.343750 0.101562 0.339844 0.097656 0.335938 0.097656 0.333984 0.095703
0 0.759766 0.087891 0.755859 0.091797 0.755859 0.099609 0.759766 0.103516 0.757812 0.105469 0.757812 0.113281 0.761719 0.117188 0.769531 0.117188 0.773438 0.113281 0.775391 0.115234 0.775391 0.117188 0.779297 0.121094 0.787109 0.121094 0.791016 0.117188 0.792969 0.117188 0.796875 0.113281 0.796875 0.105469 0.792969 0.101562 0.785156 0.101562 0.783203 0.099609 0.783203 0.091797 0.779297 0.087891 0.771484 0.087891 0.769531 0.089844 0.767578 0.087891
0 0.548828 0.087891 0.544922 0.091797 0.544922 0.099609 0.542969 0.101562 0.541016 0.101562 0.537109 0.105469 0.537109 0.115234 0.541016 0.119141 0.544922 0.119141 0.548828 0.123047 0.546875 0.125000 0.539062 0.125000 0.535156 0.128906 0.535156 0.136719 0.539062 0.140625 0.546875 0.140625 0.550781 0.136719 0.550781 0.128906 0.548828 0.126953 0.550781 0.125000 0.564453 0.125000 0.568359 0.121094 0.568359 0.119141 0.570312 0.117188 0.570312 0.109375 0.568359 0.107422 0.568359 0.105469 0.560547 0.097656 0.560547 0.091797 0.556641 0.087891
0 0.851562 0.083984 0.847656 0.087891 0.847656 0.095703 0.849609 0.097656 0.849609 0.107422 0.851562 0.109375 0.851562 0.113281 0.861328 0.123047 0.875000 0.123047 0.878906 0.119141 0.878906 0.103516 0.869141 0.093750 0.867188 0.093750 0.865234 0.091797 0.865234 0.089844 0.859375 0.083984
0 0.451172 0.072266 0.447266 0.076172 0.445312 0.076172 0.443359 0.074219 0.433594 0.074219 0.429688 0.078125 0.429688 0.085938 0.435547 0.091797 0.429688 0.097656 0.429688 0.105469 0.433594 0.109375 0.443359 0.109375 0.445312 0.107422 0.447266 0.109375 0.447266 0.113281 0.445312 0.115234 0.439453 0.115234 0.435547 0.119141 0.435547 0.121094 0.433594 0.123047 0.429688 0.123047 0.427734 0.121094 0.427734 0.115234 0.423828 0.111328 0.417969 0.111328 0.412109 0.105469 0.404297 0.105469 0.402344 0.107422 0.400391 0.105469 0.400391 0.097656 0.394531 0.091797 0.378906 0.091797 0.375000 0.095703 0.375000 0.097656 0.373047 0.099609 0.369141 0.095703 0.361328 0.095703 0.357422 0.099609 0.357422 0.117188 0.359375 0.119141 0.357422 0.121094 0.357422 0.148438 0.347656 0.158203 0.347656 0.160156 0.343750 0.164062 0.343750 0.173828 0.347656 0.177734 0.355469 0.177734 0.363281 0.169922 0.363281 0.167969 0.367188 0.164062 0.367188 0.162109 0.375000 0.154297 0.382812 0.154297 0.388672 0.148438 0.388672 0.140625 0.390625 0.138672 0.392578 0.140625 0.400391 0.140625 0.404297 0.136719 0.404297 0.128906 0.402344 0.126953 0.402344 0.123047 0.404297 0.121094 0.410156 0.121094 0.416016 0.126953 0.419922 0.126953 0.421875 0.128906 0.421875 0.134766 0.425781 0.138672 0.433594 0.138672 0.437500 0.134766 0.437500 0.132812 0.439453 0.130859 0.447266 0.130859 0.451172 0.126953 0.453125 0.126953 0.455078 0.128906 0.464844 0.128906 0.468750 0.125000 0.468750 0.115234 0.470703 0.113281 0.472656 0.113281 0.476562 0.109375 0.476562 0.107422 0.478516 0.105469 0.480469 0.107422 0.480469 0.109375 0.482422 0.111328 0.482422 0.119141 0.486328 0.123047 0.494141 0.123047 0.496094 0.121094 0.507812 0.121094 0.513672 0.115234 0.513672 0.103516 0.511719 0.101562 0.517578 0.095703 0.517578 0.087891 0.513672 0.083984 0.513672 0.082031 0.509766 0.078125 0.505859 0.078125 0.501953 0.074219 0.492188 0.074219 0.486328 0.080078 0.484375 0.080078 0.480469 0.076172 0.462891 0.076172 0.458984 0.072266
0 0.121094 0.070312 0.117188 0.074219 0.117188 0.082031 0.121094 0.085938 0.125000 0.085938 0.134766 0.095703 0.146484 0.095703 0.150391 0.091797 0.150391 0.089844 0.152344 0.087891 0.152344 0.080078 0.148438 0.076172 0.140625 0.076172 0.138672 0.074219 0.132812 0.074219 0.128906 0.070312
0 0.216797 0.062500 0.212891 0.066406 0.212891 0.074219 0.216797 0.078125 0.224609 0.078125 0.228516 0.074219 0.228516 0.066406 0.224609 0.062500
0 0.193359 0.060547 0.189453 0.064453 0.189453 0.066406 0.187500 0.068359 0.185547 0.066406 0.183594 0.066406 0.179688 0.062500 0.160156 0.062500 0.156250 0.066406 0.156250 0.080078 0.160156 0.083984 0.167969 0.083984 0.171875 0.080078 0.173828 0.082031 0.185547 0.082031 0.189453 0.078125 0.189453 0.076172 0.191406 0.074219 0.193359 0.076172 0.201172 0.076172 0.205078 0.072266 0.205078 0.064453 0.201172 0.060547
0 0.251953 0.058594 0.248047 0.062500 0.248047 0.064453 0.242188 0.070312 0.242188 0.078125 0.246094 0.082031 0.253906 0.082031 0.257812 0.078125 0.257812 0.076172 0.263672 0.070312 0.263672 0.062500 0.259766 0.058594
0 0.927734 0.035156 0.923828 0.039062 0.923828 0.048828 0.931641 0.056641 0.941406 0.056641 0.945312 0.052734 0.945312 0.041016 0.941406 0.037109 0.937500 0.037109 0.935547 0.035156
0 0.839844 0.035156 0.832031 0.042969 0.832031 0.060547 0.835938 0.064453 0.847656 0.064453 0.853516 0.058594 0.853516 0.056641 0.855469 0.054688 0.855469 0.039062 0.851562 0.035156
0 0.689453 0.029297 0.685547 0.033203 0.685547 0.035156 0.683594 0.037109 0.683594 0.044922 0.687500 0.048828 0.695312 0.048828 0.699219 0.044922 0.707031 0.044922 0.710938 0.041016 0.710938 0.033203 0.707031 0.029297
0 0.164062 0.017578 0.160156 0.021484 0.160156 0.029297 0.164062 0.033203 0.171875 0.033203 0.175781 0.029297 0.175781 0.021484 0.171875 0.017578
0 0.199219 0.005859 0.195312 0.009766 0.195312 0.017578 0.199219 0.021484 0.201172 0.021484 0.203125 0.023438 0.203125 0.029297 0.208984 0.035156 0.208984 0.041016 0.212891 0.044922 0.220703 0.044922 0.224609 0.041016 0.226562 0.042969 0.226562 0.050781 0.230469 0.054688 0.240234 0.054688 0.244141 0.050781 0.244141 0.042969 0.240234 0.039062 0.230469 0.039062 0.226562 0.042969 0.224609 0.041016 0.224609 0.033203 0.218750 0.027344 0.218750 0.021484 0.214844 0.017578 0.212891 0.017578 0.210938 0.015625 0.210938 0.009766 0.207031 0.005859
0 0.968750 0.000000 0.964844 0.003906 0.964844 0.005859 0.962891 0.007812 0.962891 0.017578 0.966797 0.021484 0.974609 0.021484 0.978516 0.017578 0.978516 0.015625 0.982422 0.011719 0.990234 0.011719 0.996094 0.017578 0.996094 0.021484 0.994141 0.023438 0.996094 0.023438 0.998047 0.025391 0.998047 0.029297 0.996094 0.031250 0.994141 0.031250 0.990234 0.035156 0.990234 0.042969 0.994141 0.046875 0.998047 0.046875 0.998047 0.000000
0 0.771484 0.000000 0.771484 0.005859 0.775391 0.009766 0.773438 0.011719 0.771484 0.011719 0.767578 0.015625 0.765625 0.013672 0.765625 0.005859 0.761719 0.001953 0.751953 0.001953 0.748047 0.005859 0.736328 0.005859 0.734375 0.007812 0.732422 0.007812 0.728516 0.011719 0.728516 0.013672 0.726562 0.015625 0.726562 0.023438 0.724609 0.025391 0.724609 0.033203 0.728516 0.037109 0.732422 0.037109 0.734375 0.039062 0.742188 0.039062 0.744141 0.041016 0.744141 0.048828 0.746094 0.050781 0.746094 0.058594 0.744141 0.060547 0.742188 0.060547 0.738281 0.056641 0.738281 0.050781 0.734375 0.046875 0.726562 0.046875 0.722656 0.050781 0.722656 0.064453 0.724609 0.066406 0.724609 0.068359 0.716797 0.076172 0.716797 0.083984 0.720703 0.087891 0.730469 0.087891 0.732422 0.089844 0.728516 0.093750 0.728516 0.101562 0.732422 0.105469 0.740234 0.105469 0.744141 0.101562 0.744141 0.093750 0.740234 0.089844 0.732422 0.089844 0.730469 0.087891 0.734375 0.083984 0.734375 0.082031 0.740234 0.076172 0.750000 0.076172 0.751953 0.074219 0.755859 0.078125 0.759766 0.078125 0.761719 0.080078 0.771484 0.080078 0.775391 0.076172 0.775391 0.064453 0.777344 0.062500 0.777344 0.060547 0.779297 0.058594 0.783203 0.058594 0.785156 0.060547 0.785156 0.066406 0.787109 0.068359 0.787109 0.070312 0.783203 0.074219 0.783203 0.082031 0.787109 0.085938 0.794922 0.085938 0.798828 0.082031 0.798828 0.078125 0.800781 0.076172 0.804688 0.076172 0.806641 0.078125 0.806641 0.082031 0.810547 0.085938 0.808594 0.087891 0.802734 0.087891 0.798828 0.091797 0.798828 0.099609 0.802734 0.103516 0.810547 0.103516 0.814453 0.099609 0.814453 0.091797 0.810547 0.087891 0.812500 0.085938 0.818359 0.085938 0.822266 0.082031 0.822266 0.074219 0.818359 0.070312 0.820312 0.068359 0.820312 0.066406 0.822266 0.064453 0.822266 0.056641 0.826172 0.052734 0.826172 0.046875 0.828125 0.044922 0.828125 0.033203 0.824219 0.029297 0.814453 0.029297 0.812500 0.031250 0.806641 0.031250 0.800781 0.037109 0.796875 0.033203 0.789062 0.033203 0.785156 0.037109 0.785156 0.041016 0.783203 0.042969 0.775391 0.042969 0.773438 0.044922 0.771484 0.042969 0.771484 0.039062 0.769531 0.037109 0.771484 0.035156 0.777344 0.035156 0.783203 0.029297 0.783203 0.027344 0.785156 0.025391 0.789062 0.029297 0.796875 0.029297 0.798828 0.027344 0.808594 0.027344 0.812500 0.023438 0.812500 0.015625 0.808594 0.011719 0.810547 0.009766 0.810547 0.007812 0.812500 0.005859 0.818359 0.005859 0.822266 0.001953 0.822266 0.000000
0 0.570312 0.000000 0.570312 0.007812 0.582031 0.019531 0.599609 0.019531 0.601562 0.017578 0.603516 0.019531 0.605469 0.019531 0.607422 0.021484 0.607422 0.023438 0.611328 0.027344 0.626953 0.027344 0.628906 0.025391 0.630859 0.025391 0.632812 0.027344 0.632812 0.035156 0.636719 0.039062 0.644531 0.039062 0.646484 0.037109 0.652344 0.042969 0.652344 0.046875 0.656250 0.050781 0.664062 0.050781 0.667969 0.046875 0.667969 0.044922 0.671875 0.041016 0.671875 0.031250 0.669922 0.029297 0.669922 0.027344 0.666016 0.023438 0.666016 0.021484 0.658203 0.013672 0.658203 0.009766 0.654297 0.005859 0.646484 0.005859 0.642578 0.009766 0.642578 0.019531 0.640625 0.021484 0.636719 0.021484 0.634766 0.019531 0.634766 0.011719 0.630859 0.007812 0.628906 0.007812 0.626953 0.005859 0.626953 0.001953 0.625000 0.000000 0.599609 0.000000 0.597656 0.001953 0.593750 0.001953 0.591797 0.003906 0.587891 0.000000
0 0.322266 0.000000 0.318359 0.003906 0.318359 0.011719 0.316406 0.013672 0.316406 0.021484 0.320312 0.025391 0.328125 0.025391 0.332031 0.021484 0.345703 0.021484 0.353516 0.013672 0.357422 0.013672 0.361328 0.009766 0.361328 0.000000
0 0.007812 0.000000 0.007812 0.001953 0.005859 0.003906 0.005859 0.011719 0.009766 0.015625 0.015625 0.015625 0.017578 0.017578 0.017578 0.035156 0.021484 0.039062 0.021484 0.052734 0.025391 0.056641 0.025391 0.060547 0.023438 0.062500 0.023438 0.066406 0.021484 0.068359 0.001953 0.068359 0.000000 0.070312 0.000000 0.296875 0.003906 0.296875 0.013672 0.287109 0.013672 0.275391 0.003906 0.265625 0.003906 0.253906 0.009766 0.248047 0.009766 0.220703 0.011719 0.218750 0.013672 0.218750 0.017578 0.214844 0.017578 0.203125 0.013672 0.199219 0.013672 0.160156 0.017578 0.156250 0.017578 0.154297 0.027344 0.144531 0.027344 0.142578 0.033203 0.136719 0.033203 0.134766 0.037109 0.130859 0.037109 0.128906 0.039062 0.126953 0.039062 0.125000 0.041016 0.123047 0.041016 0.121094 0.050781 0.111328 0.050781 0.093750 0.052734 0.091797 0.054688 0.093750 0.054688 0.099609 0.058594 0.103516 0.074219 0.103516 0.078125 0.099609 0.082031 0.099609 0.085938 0.095703 0.085938 0.083984 0.082031 0.080078 0.074219 0.080078 0.066406 0.087891 0.062500 0.087891 0.060547 0.085938 0.062500 0.083984 0.064453 0.083984 0.068359 0.080078 0.068359 0.078125 0.070312 0.076172 0.070312 0.072266 0.072266 0.070312 0.076172 0.070312 0.080078 0.066406 0.083984 0.066406 0.089844 0.060547 0.089844 0.046875 0.091797 0.044922 0.099609 0.044922 0.101562 0.042969 0.103516 0.042969 0.105469 0.041016 0.113281 0.041016 0.115234 0.042969 0.125000 0.042969 0.134766 0.033203 0.134766 0.031250 0.136719 0.029297 0.136719 0.025391 0.138672 0.023438 0.138672 0.017578 0.140625 0.015625 0.140625 0.000000 0.107422 0.000000 0.109375 0.001953 0.109375 0.003906 0.113281 0.007812 0.113281 0.009766 0.105469 0.017578 0.105469 0.023438 0.103516 0.025391 0.097656 0.025391 0.095703 0.027344 0.093750 0.025391 0.093750 0.023438 0.089844 0.019531 0.085938 0.019531 0.083984 0.017578 0.083984 0.009766 0.085938 0.007812 0.089844 0.007812 0.093750 0.003906 0.093750 0.000000