0 0.050781 0.927734 0.048828 0.929688 0.048828 0.931641 0.039062 0.941406 0.039062 0.943359 0.037109 0.945312 0.037109 0.953125 0.041016 0.957031 0.041016 0.960938 0.035156 0.966797 0.035156 0.976562 0.037109 0.978516 0.042969 0.978516 0.044922 0.980469 0.042969 0.982422 0.042969 0.990234 0.044922 0.992188 0.054688 0.992188 0.056641 0.990234 0.058594 0.990234 0.060547 0.988281 0.060547 0.986328 0.062500 0.984375 0.062500 0.980469 0.064453 0.978516 0.064453 0.974609 0.066406 0.972656 0.068359 0.972656 0.070312 0.974609 0.070312 0.976562 0.074219 0.980469 0.074219 0.986328 0.076172 0.988281 0.085938 0.988281 0.093750 0.980469 0.093750 0.978516 0.095703 0.976562 0.095703 0.974609 0.097656 0.972656 0.097656 0.970703 0.103516 0.964844 0.103516 0.962891 0.107422 0.958984 0.117188 0.958984 0.119141 0.957031 0.119141 0.949219 0.117188 0.947266 0.103516 0.947266 0.101562 0.945312 0.087891 0.945312 0.085938 0.947266 0.085938 0.949219 0.083984 0.951172 0.082031 0.949219 0.082031 0.945312 0.080078 0.943359 0.078125 0.943359 0.074219 0.939453 0.072266 0.939453 0.070312 0.937500 0.068359 0.937500 0.064453 0.933594 0.062500 0.933594 0.060547 0.931641 0.060547 0.929688 0.058594 0.927734
0 0.195312 0.890625 0.189453 0.896484 0.189453 0.898438 0.187500 0.900391 0.169922 0.900391 0.164062 0.906250 0.164062 0.925781 0.167969 0.929688 0.169922 0.929688 0.175781 0.935547 0.177734 0.935547 0.181641 0.939453 0.181641 0.947266 0.185547 0.951172 0.199219 0.951172 0.207031 0.943359 0.207031 0.933594 0.205078 0.931641 0.205078 0.927734 0.201172 0.923828 0.201172 0.917969 0.199219 0.916016 0.199219 0.914062 0.201172 0.912109 0.201172 0.904297 0.205078 0.900391 0.205078 0.892578 0.203125 0.890625
0 0.101562 0.867188 0.099609 0.869141 0.095703 0.869141 0.089844 0.875000 0.089844 0.878906 0.087891 0.880859 0.085938 0.880859 0.083984 0.882812 0.083984 0.884766 0.082031 0.886719 0.078125 0.886719 0.074219 0.890625 0.074219 0.900391 0.076172 0.902344 0.072266 0.906250 0.070312 0.906250 0.068359 0.904297 0.068359 0.902344 0.066406 0.900391 0.058594 0.900391 0.052734 0.906250 0.052734 0.916016 0.054688 0.917969 0.062500 0.917969 0.066406 0.921875 0.068359 0.921875 0.070312 0.923828 0.083984 0.923828 0.087891 0.919922 0.089844 0.919922 0.097656 0.912109 0.097656 0.904297 0.093750 0.900391 0.095703 0.898438 0.097656 0.898438 0.105469 0.890625 0.105469 0.888672 0.107422 0.886719 0.111328 0.886719 0.113281 0.884766 0.115234 0.884766 0.117188 0.882812 0.117188 0.880859 0.119141 0.878906 0.119141 0.869141 0.117188 0.867188
0 0.000000 0.851562 0.000000 0.865234 0.001953 0.865234 0.005859 0.869141 0.013672 0.869141 0.015625 0.867188 0.015625 0.863281 0.017578 0.861328 0.017578 0.853516 0.015625 0.851562
0 0.205078 0.800781 0.203125 0.802734 0.203125 0.806641 0.201172 0.808594 0.201172 0.812500 0.197266 0.816406 0.197266 0.818359 0.193359 0.822266 0.193359 0.830078 0.195312 0.832031 0.197266 0.832031 0.199219 0.833984 0.208984 0.833984 0.210938 0.835938 0.218750 0.835938 0.220703 0.833984 0.220703 0.824219 0.218750 0.822266 0.216797 0.822266 0.212891 0.818359 0.214844 0.816406 0.214844 0.802734 0.212891 0.800781
0 0.000000 0.789062 0.000000 0.841797 0.007812 0.841797 0.015625 0.833984 0.015625 0.832031 0.019531 0.828125 0.019531 0.822266 0.021484 0.820312 0.021484 0.818359 0.023438 0.816406 0.023438 0.796875 0.021484 0.794922 0.017578 0.794922 0.011719 0.789062
0 0.066406 0.783203 0.064453 0.785156 0.056641 0.785156 0.054688 0.787109 0.046875 0.787109 0.044922 0.789062 0.044922 0.796875 0.046875 0.798828 0.056641 0.798828 0.058594 0.800781 0.056641 0.802734 0.056641 0.810547 0.058594 0.812500 0.062500 0.812500 0.064453 0.814453 0.064453 0.816406 0.062500 0.818359 0.062500 0.824219 0.060547 0.826172 0.060547 0.828125 0.058594 0.830078 0.048828 0.830078 0.046875 0.832031 0.046875 0.839844 0.048828 0.841797 0.048828 0.843750 0.044922 0.847656 0.042969 0.847656 0.037109 0.853516 0.037109 0.876953 0.039062 0.878906 0.039062 0.880859 0.041016 0.882812 0.041016 0.886719 0.042969 0.888672 0.050781 0.888672 0.052734 0.886719 0.052734 0.882812 0.058594 0.876953 0.060547 0.876953 0.062500 0.875000 0.064453 0.875000 0.068359 0.871094 0.068359 0.857422 0.072266 0.853516 0.074219 0.855469 0.093750 0.855469 0.105469 0.843750 0.105469 0.832031 0.109375 0.828125 0.111328 0.828125 0.113281 0.826172 0.113281 0.818359 0.111328 0.816406 0.101562 0.816406 0.099609 0.814453 0.099609 0.812500 0.101562 0.810547 0.101562 0.808594 0.103516 0.806641 0.109375 0.806641 0.113281 0.802734 0.113281 0.787109 0.109375 0.783203 0.097656 0.783203 0.093750 0.787109 0.091797 0.787109 0.089844 0.789062 0.089844 0.802734 0.087891 0.804688 0.087891 0.806641 0.083984 0.810547 0.082031 0.808594 0.082031 0.804688 0.080078 0.802734 0.083984 0.798828 0.083984 0.785156 0.082031 0.783203
0 0.093750 0.662109 0.091797 0.664062 0.091797 0.671875 0.093750 0.673828 0.093750 0.681641 0.095703 0.683594 0.107422 0.683594 0.111328 0.679688 0.113281 0.679688 0.115234 0.677734 0.115234 0.669922 0.113281 0.667969 0.109375 0.667969 0.103516 0.662109
0 0.238281 0.615234 0.236328 0.617188 0.236328 0.625000 0.238281 0.626953 0.242188 0.626953 0.244141 0.628906 0.244141 0.632812 0.246094 0.634766 0.253906 0.634766 0.255859 0.632812 0.255859 0.628906 0.257812 0.626953 0.259766 0.626953 0.261719 0.625000 0.261719 0.617188 0.259766 0.615234 0.251953 0.615234 0.250000 0.617188 0.248047 0.617188 0.246094 0.615234
0 0.406250 0.605469 0.404297 0.607422 0.404297 0.617188 0.408203 0.621094 0.408203 0.623047 0.410156 0.625000 0.419922 0.625000 0.421875 0.623047 0.421875 0.615234 0.417969 0.611328 0.417969 0.609375 0.414062 0.605469
0 0.347656 0.029297 0.345703 0.031250 0.343750 0.031250 0.339844 0.035156 0.339844 0.037109 0.337891 0.039062 0.337891 0.050781 0.339844 0.052734 0.339844 0.054688 0.343750 0.058594 0.345703 0.058594 0.347656 0.060547 0.359375 0.060547 0.361328 0.058594 0.363281 0.058594 0.367188 0.054688 0.367188 0.052734 0.369141 0.050781 0.369141 0.039062 0.367188 0.037109 0.367188 0.035156 0.363281 0.031250 0.361328 0.031250 0.359375 0.029297
0 0.455078 0.000000 0.455078 0.001953 0.453125 0.003906 0.453125 0.015625 0.451172 0.017578 0.451172 0.019531 0.449219 0.021484 0.447266 0.021484 0.443359 0.025391 0.443359 0.027344 0.441406 0.029297 0.441406 0.042969 0.437500 0.046875 0.437500 0.048828 0.435547 0.050781 0.435547 0.078125 0.433594 0.080078 0.433594 0.095703 0.431641 0.097656 0.427734 0.097656 0.425781 0.099609 0.423828 0.099609 0.417969 0.105469 0.417969 0.107422 0.416016 0.109375 0.416016 0.113281 0.414062 0.115234 0.414062 0.140625 0.416016 0.142578 0.416016 0.144531 0.417969 0.146484 0.417969 0.148438 0.421875 0.152344 0.423828 0.152344 0.425781 0.154297 0.425781 0.156250 0.427734 0.158203 0.427734 0.160156 0.435547 0.167969 0.435547 0.169922 0.433594 0.171875 0.431641 0.169922 0.419922 0.169922 0.417969 0.171875 0.414062 0.171875 0.412109 0.173828 0.410156 0.173828 0.402344 0.181641 0.402344 0.183594 0.400391 0.185547 0.400391 0.197266 0.398438 0.199219 0.398438 0.210938 0.400391 0.212891 0.400391 0.214844 0.406250 0.220703 0.402344 0.224609 0.398438 0.224609 0.396484 0.226562 0.394531 0.226562 0.392578 0.228516 0.390625 0.228516 0.386719 0.232422 0.384766 0.232422 0.380859 0.236328 0.380859 0.238281 0.378906 0.240234 0.378906 0.246094 0.375000 0.250000 0.373047 0.250000 0.361328 0.261719 0.361328 0.263672 0.359375 0.265625 0.359375 0.283203 0.361328 0.285156 0.361328 0.287109 0.365234 0.291016 0.367188 0.291016 0.371094 0.294922 0.373047 0.294922 0.375000 0.296875 0.378906 0.296875 0.382812 0.300781 0.380859 0.302734 0.378906 0.302734 0.376953 0.304688 0.375000 0.304688 0.367188 0.312500 0.367188 0.314453 0.365234 0.316406 0.365234 0.351562 0.367188 0.353516 0.367188 0.355469 0.373047 0.361328 0.375000 0.361328 0.376953 0.363281 0.388672 0.363281 0.390625 0.365234 0.390625 0.367188 0.392578 0.369141 0.392578 0.371094 0.388672 0.375000 0.388672 0.376953 0.386719 0.378906 0.386719 0.392578 0.382812 0.396484 0.378906 0.396484 0.376953 0.398438 0.375000 0.398438 0.371094 0.402344 0.371094 0.404297 0.369141 0.406250 0.369141 0.417969 0.363281 0.423828 0.363281 0.425781 0.361328 0.427734 0.361328 0.439453 0.363281 0.441406 0.363281 0.443359 0.367188 0.447266 0.369141 0.447266 0.371094 0.449219 0.382812 0.449219 0.384766 0.447266 0.386719 0.447266 0.390625 0.443359 0.392578 0.443359 0.394531 0.441406 0.398438 0.441406 0.400391 0.439453 0.402344 0.439453 0.408203 0.433594 0.410156 0.435547 0.412109 0.435547 0.414062 0.437500 0.425781 0.437500 0.427734 0.435547 0.429688 0.435547 0.437500 0.427734 0.439453 0.427734 0.447266 0.419922 0.449219 0.419922 0.451172 0.421875 0.453125 0.421875 0.455078 0.423828 0.460938 0.423828 0.462891 0.425781 0.462891 0.437500 0.460938 0.439453 0.460938 0.441406 0.458984 0.443359 0.458984 0.457031 0.460938 0.458984 0.460938 0.460938 0.464844 0.464844 0.466797 0.464844 0.468750 0.466797 0.480469 0.466797 0.482422 0.464844 0.484375 0.464844 0.488281 0.460938 0.488281 0.458984 0.490234 0.457031 0.490234 0.455078 0.492188 0.453125 0.496094 0.453125 0.498047 0.451172 0.503906 0.457031 0.503906 0.460938 0.501953 0.462891 0.500000 0.462891 0.496094 0.466797 0.496094 0.468750 0.494141 0.470703 0.494141 0.482422 0.496094 0.484375 0.496094 0.486328 0.500000 0.490234 0.501953 0.490234 0.503906 0.492188 0.519531 0.492188 0.521484 0.490234 0.523438 0.490234 0.527344 0.486328 0.529297 0.488281 0.531250 0.488281 0.533203 0.490234 0.544922 0.490234 0.546875 0.488281 0.548828 0.488281 0.552734 0.484375 0.552734 0.482422 0.554688 0.480469 0.554688 0.468750 0.552734 0.466797 0.552734 0.464844 0.548828 0.460938 0.546875 0.460938 0.544922 0.458984 0.537109 0.458984 0.535156 0.457031 0.535156 0.455078 0.537109 0.453125 0.560547 0.453125 0.562500 0.451172 0.570312 0.451172 0.572266 0.449219 0.574219 0.451172 0.595703 0.451172 0.597656 0.453125 0.597656 0.455078 0.595703 0.457031 0.593750 0.457031 0.591797 0.458984 0.589844 0.458984 0.585938 0.462891 0.585938 0.464844 0.583984 0.466797 0.583984 0.478516 0.585938 0.480469 0.585938 0.482422 0.589844 0.486328 0.591797 0.486328 0.593750 0.488281 0.609375 0.488281 0.611328 0.486328 0.613281 0.486328 0.617188 0.482422 0.619141 0.482422 0.621094 0.484375 0.628906 0.484375 0.634766 0.490234 0.634766 0.505859 0.632812 0.507812 0.632812 0.509766 0.630859 0.511719 0.630859 0.521484 0.628906 0.523438 0.623047 0.523438 0.621094 0.525391 0.619141 0.525391 0.615234 0.529297 0.615234 0.531250 0.613281 0.533203 0.613281 0.542969 0.611328 0.544922 0.611328 0.572266 0.613281 0.574219 0.611328 0.576172 0.605469 0.576172 0.603516 0.578125 0.601562 0.578125 0.599609 0.576172 0.601562 0.574219 0.601562 0.572266 0.603516 0.570312 0.603516 0.550781 0.605469 0.548828 0.605469 0.546875 0.607422 0.544922 0.607422 0.531250 0.605469 0.529297 0.605469 0.527344 0.601562 0.523438 0.599609 0.523438 0.597656 0.521484 0.585938 0.521484 0.583984 0.523438 0.582031 0.523438 0.576172 0.529297 0.574219 0.529297 0.572266 0.531250 0.570312 0.531250 0.566406 0.535156 0.566406 0.537109 0.564453 0.539062 0.564453 0.556641 0.566406 0.558594 0.566406 0.560547 0.568359 0.562500 0.568359 0.564453 0.570312 0.566406 0.570312 0.568359 0.572266 0.570312 0.572266 0.572266 0.578125 0.578125 0.580078 0.578125 0.582031 0.580078 0.593750 0.580078 0.595703 0.578125 0.597656 0.578125 0.599609 0.580078 0.595703 0.583984 0.593750 0.583984 0.591797 0.585938 0.589844 0.585938 0.587891 0.587891 0.580078 0.587891 0.578125 0.589844 0.576172 0.589844 0.574219 0.591797 0.572266 0.591797 0.570312 0.593750 0.566406 0.593750 0.564453 0.595703 0.562500 0.595703 0.560547 0.597656 0.558594 0.597656 0.556641 0.599609 0.554688 0.599609 0.550781 0.603516 0.548828 0.603516 0.546875 0.601562 0.535156 0.601562 0.533203 0.603516 0.531250 0.603516 0.527344 0.607422 0.527344 0.609375 0.525391 0.611328 0.525391 0.615234 0.521484 0.619141 0.521484 0.621094 0.519531 0.623047 0.519531 0.632812 0.515625 0.636719 0.515625 0.638672 0.513672 0.640625 0.513672 0.652344 0.515625 0.654297 0.515625 0.656250 0.519531 0.660156 0.521484 0.660156 0.523438 0.662109 0.527344 0.662109 0.529297 0.664062 0.531250 0.664062 0.535156 0.667969 0.535156 0.669922 0.531250 0.673828 0.531250 0.675781 0.529297 0.677734 0.529297 0.687500 0.523438 0.693359 0.523438 0.695312 0.521484 0.697266 0.521484 0.699219 0.519531 0.701172 0.517578 0.699219 0.517578 0.697266 0.513672 0.693359 0.511719 0.693359 0.509766 0.691406 0.480469 0.691406 0.478516 0.693359 0.474609 0.693359 0.472656 0.695312 0.466797 0.695312 0.464844 0.697266 0.462891 0.697266 0.458984 0.701172 0.458984 0.703125 0.457031 0.705078 0.457031 0.708984 0.455078 0.710938 0.451172 0.710938 0.449219 0.712891 0.447266 0.712891 0.441406 0.718750 0.441406 0.720703 0.437500 0.724609 0.437500 0.726562 0.435547 0.728516 0.435547 0.730469 0.433594 0.732422 0.433594 0.744141 0.431641 0.746094 0.427734 0.742188 0.427734 0.730469 0.425781 0.728516 0.416016 0.728516 0.414062 0.726562 0.410156 0.726562 0.406250 0.722656 0.396484 0.722656 0.394531 0.720703 0.396484 0.718750 0.404297 0.718750 0.406250 0.716797 0.416016 0.716797 0.419922 0.712891 0.419922 0.703125 0.417969 0.701172 0.414062 0.701172 0.412109 0.699219 0.412109 0.687500 0.410156 0.685547 0.402344 0.685547 0.396484 0.691406 0.392578 0.691406 0.386719 0.697266 0.386719 0.699219 0.380859 0.705078 0.380859 0.707031 0.378906 0.708984 0.373047 0.708984 0.371094 0.710938 0.369141 0.708984 0.369141 0.705078 0.367188 0.703125 0.359375 0.703125 0.357422 0.705078 0.357422 0.712891 0.359375 0.714844 0.367188 0.714844 0.369141 0.712891 0.371094 0.714844 0.371094 0.718750 0.373047 0.720703 0.394531 0.720703 0.396484 0.722656 0.394531 0.724609 0.394531 0.732422 0.398438 0.736328 0.400391 0.736328 0.402344 0.738281 0.404297 0.738281 0.406250 0.740234 0.404297 0.742188 0.402344 0.742188 0.400391 0.744141 0.390625 0.744141 0.388672 0.742188 0.388672 0.730469 0.386719 0.728516 0.376953 0.728516 0.375000 0.730469 0.375000 0.738281 0.373047 0.740234 0.371094 0.740234 0.369141 0.738281 0.359375 0.738281 0.357422 0.740234 0.357422 0.750000 0.361328 0.753906 0.359375 0.755859 0.355469 0.755859 0.351562 0.751953 0.349609 0.751953 0.347656 0.750000 0.351562 0.746094 0.351562 0.738281 0.349609 0.736328 0.341797 0.736328 0.339844 0.734375 0.341797 0.732422 0.341797 0.716797 0.339844 0.714844 0.332031 0.714844 0.328125 0.718750 0.320312 0.718750 0.318359 0.720703 0.316406 0.720703 0.308594 0.728516 0.308594 0.748047 0.310547 0.750000 0.324219 0.750000 0.326172 0.748047 0.326172 0.746094 0.328125 0.744141 0.328125 0.742188 0.330078 0.740234 0.330078 0.738281 0.333984 0.734375 0.339844 0.734375 0.341797 0.736328 0.339844 0.738281 0.337891 0.738281 0.335938 0.740234 0.335938 0.746094 0.333984 0.748047 0.333984 0.750000 0.332031 0.751953 0.330078 0.751953 0.328125 0.753906 0.328125 0.755859 0.326172 0.757812 0.324219 0.755859 0.314453 0.755859 0.310547 0.759766 0.306641 0.759766 0.304688 0.761719 0.304688 0.765625 0.302734 0.767578 0.302734 0.777344 0.298828 0.781250 0.298828 0.783203 0.296875 0.785156 0.296875 0.789062 0.294922 0.791016 0.289062 0.791016 0.287109 0.789062 0.287109 0.775391 0.285156 0.773438 0.275391 0.773438 0.265625 0.783203 0.263672 0.781250 0.263672 0.771484 0.261719 0.769531 0.263672 0.767578 0.269531 0.767578 0.273438 0.763672 0.275391 0.763672 0.277344 0.761719 0.277344 0.757812 0.279297 0.755859 0.281250 0.755859 0.287109 0.750000 0.287109 0.748047 0.289062 0.746094 0.289062 0.744141 0.291016 0.742188 0.291016 0.736328 0.292969 0.734375 0.298828 0.734375 0.300781 0.732422 0.300781 0.728516 0.302734 0.726562 0.302734 0.718750 0.304688 0.716797 0.304688 0.714844 0.306641 0.712891 0.306641 0.703125 0.304688 0.701172 0.304688 0.697266 0.306641 0.695312 0.310547 0.695312 0.312500 0.693359 0.312500 0.691406 0.314453 0.689453 0.332031 0.689453 0.333984 0.687500 0.335938 0.689453 0.335938 0.695312 0.333984 0.697266 0.332031 0.697266 0.330078 0.699219 0.330078 0.708984 0.332031 0.710938 0.345703 0.710938 0.347656 0.708984 0.347656 0.703125 0.349609 0.701172 0.353516 0.701172 0.357422 0.697266 0.359375 0.697266 0.361328 0.699219 0.376953 0.699219 0.378906 0.697266 0.378906 0.689453 0.380859 0.687500 0.388672 0.687500 0.390625 0.685547 0.390625 0.679688 0.394531 0.675781 0.402344 0.675781 0.404297 0.673828 0.404297 0.671875 0.406250 0.669922 0.410156 0.669922 0.412109 0.667969 0.412109 0.660156 0.417969 0.654297 0.417969 0.652344 0.419922 0.650391 0.419922 0.634766 0.417969 0.632812 0.400391 0.632812 0.398438 0.634766 0.398438 0.638672 0.396484 0.640625 0.394531 0.638672 0.394531 0.628906 0.396484 0.626953 0.396484 0.619141 0.394531 0.617188 0.384766 0.617188 0.382812 0.619141 0.382812 0.638672 0.384766 0.640625 0.382812 0.642578 0.376953 0.642578 0.375000 0.640625 0.357422 0.640625 0.353516 0.644531 0.353516 0.654297 0.355469 0.656250 0.353516 0.658203 0.339844 0.658203 0.337891 0.660156 0.337891 0.667969 0.335938 0.669922 0.332031 0.669922 0.330078 0.671875 0.328125 0.671875 0.326172 0.673828 0.324219 0.671875 0.322266 0.671875 0.320312 0.669922 0.320312 0.667969 0.318359 0.666016 0.320312 0.664062 0.322266 0.664062 0.324219 0.666016 0.332031 0.666016 0.333984 0.664062 0.333984 0.656250 0.332031 0.654297 0.324219 0.654297 0.322266 0.656250 0.318359 0.652344 0.304688 0.652344 0.302734 0.654297 0.292969 0.654297 0.291016 0.656250 0.291016 0.660156 0.287109 0.664062 0.287109 0.671875 0.285156 0.673828 0.283203 0.673828 0.279297 0.677734 0.279297 0.685547 0.281250 0.687500 0.289062 0.687500 0.291016 0.689453 0.291016 0.691406 0.289062 0.693359 0.289062 0.699219 0.287109 0.701172 0.283203 0.701172 0.281250 0.703125 0.281250 0.705078 0.277344 0.708984 0.277344 0.710938 0.275391 0.712891 0.269531 0.712891 0.267578 0.710938 0.271484 0.707031 0.271484 0.705078 0.273438 0.703125 0.273438 0.685547 0.271484 0.683594 0.263672 0.683594 0.261719 0.685547 0.261719 0.693359 0.259766 0.695312 0.257812 0.693359 0.257812 0.675781 0.259766 0.673828 0.265625 0.673828 0.267578 0.671875 0.267578 0.664062 0.263672 0.660156 0.263672 0.656250 0.265625 0.654297 0.269531 0.654297 0.271484 0.656250 0.271484 0.658203 0.273438 0.660156 0.285156 0.660156 0.287109 0.658203 0.287109 0.650391 0.285156 0.648438 0.283203 0.648438 0.281250 0.646484 0.281250 0.644531 0.283203 0.642578 0.300781 0.642578 0.312500 0.630859 0.312500 0.625000 0.314453 0.623047 0.314453 0.621094 0.318359 0.617188 0.320312 0.619141 0.320312 0.621094 0.324219 0.625000 0.326172 0.625000 0.328125 0.626953 0.341797 0.626953 0.343750 0.628906 0.355469 0.628906 0.357422 0.626953 0.359375 0.626953 0.363281 0.623047 0.363281 0.621094 0.371094 0.613281 0.371094 0.611328 0.373047 0.609375 0.373047 0.605469 0.375000 0.603516 0.380859 0.603516 0.382812 0.601562 0.384766 0.601562 0.388672 0.597656 0.388672 0.595703 0.390625 0.593750 0.390625 0.583984 0.392578 0.582031 0.392578 0.560547 0.394531 0.558594 0.394531 0.556641 0.396484 0.554688 0.396484 0.541016 0.398438 0.539062 0.402344 0.539062 0.404297 0.537109 0.404297 0.535156 0.410156 0.529297 0.412109 0.529297 0.414062 0.527344 0.417969 0.527344 0.421875 0.523438 0.421875 0.521484 0.433594 0.509766 0.433594 0.507812 0.435547 0.505859 0.435547 0.488281 0.433594 0.486328 0.433594 0.484375 0.429688 0.480469 0.427734 0.480469 0.425781 0.478516 0.414062 0.478516 0.412109 0.480469 0.410156 0.480469 0.406250 0.484375 0.406250 0.486328 0.404297 0.488281 0.404297 0.492188 0.402344 0.494141 0.392578 0.494141 0.386719 0.488281 0.386719 0.482422 0.384766 0.480469 0.384766 0.478516 0.382812 0.476562 0.382812 0.474609 0.378906 0.470703 0.376953 0.470703 0.375000 0.468750 0.363281 0.468750 0.361328 0.470703 0.359375 0.470703 0.355469 0.474609 0.355469 0.476562 0.353516 0.478516 0.353516 0.486328 0.347656 0.492188 0.347656 0.494141 0.345703 0.496094 0.345703 0.507812 0.347656 0.509766 0.347656 0.511719 0.351562 0.515625 0.353516 0.515625 0.355469 0.517578 0.361328 0.517578 0.365234 0.521484 0.365234 0.523438 0.367188 0.525391 0.365234 0.527344 0.365234 0.541016 0.363281 0.542969 0.363281 0.544922 0.361328 0.546875 0.361328 0.548828 0.359375 0.550781 0.359375 0.562500 0.357422 0.564453 0.355469 0.564453 0.353516 0.566406 0.351562 0.566406 0.347656 0.570312 0.347656 0.572266 0.337891 0.582031 0.337891 0.583984 0.335938 0.585938 0.335938 0.587891 0.332031 0.591797 0.330078 0.591797 0.328125 0.593750 0.326172 0.593750 0.322266 0.597656 0.322266 0.599609 0.320312 0.601562 0.320312 0.603516 0.318359 0.605469 0.318359 0.607422 0.316406 0.609375 0.312500 0.605469 0.289062 0.605469 0.287109 0.607422 0.287109 0.619141 0.289062 0.621094 0.291016 0.621094 0.292969 0.623047 0.294922 0.623047 0.296875 0.625000 0.291016 0.630859 0.287109 0.626953 0.279297 0.626953 0.277344 0.628906 0.273438 0.628906 0.271484 0.630859 0.269531 0.630859 0.267578 0.632812 0.261719 0.632812 0.259766 0.634766 0.259766 0.636719 0.257812 0.638672 0.250000 0.638672 0.248047 0.640625 0.248047 0.648438 0.250000 0.650391 0.257812 0.650391 0.259766 0.652344 0.257812 0.654297 0.238281 0.654297 0.236328 0.656250 0.236328 0.662109 0.234375 0.664062 0.232422 0.664062 0.230469 0.666016 0.228516 0.666016 0.218750 0.675781 0.207031 0.675781 0.205078 0.677734 0.205078 0.679688 0.203125 0.681641 0.199219 0.681641 0.197266 0.679688 0.197266 0.671875 0.199219 0.669922 0.207031 0.669922 0.208984 0.667969 0.208984 0.660156 0.207031 0.658203 0.205078 0.658203 0.203125 0.656250 0.203125 0.652344 0.205078 0.650391 0.205078 0.648438 0.207031 0.646484 0.207031 0.644531 0.208984 0.642578 0.208984 0.632812 0.207031 0.630859 0.199219 0.630859 0.197266 0.632812 0.197266 0.634766 0.195312 0.636719 0.195312 0.638672 0.193359 0.640625 0.191406 0.640625 0.187500 0.636719 0.187500 0.632812 0.185547 0.630859 0.177734 0.630859 0.175781 0.632812 0.175781 0.646484 0.177734 0.648438 0.177734 0.650391 0.179688 0.652344 0.181641 0.652344 0.183594 0.654297 0.183594 0.658203 0.193359 0.667969 0.191406 0.669922 0.183594 0.669922 0.181641 0.671875 0.173828 0.671875 0.166016 0.679688 0.166016 0.681641 0.164062 0.683594 0.160156 0.683594 0.158203 0.685547 0.152344 0.685547 0.150391 0.687500 0.150391 0.689453 0.148438 0.691406 0.148438 0.693359 0.146484 0.695312 0.144531 0.695312 0.142578 0.697266 0.142578 0.699219 0.140625 0.701172 0.136719 0.701172 0.134766 0.703125 0.134766 0.710938 0.132812 0.712891 0.132812 0.714844 0.123047 0.724609 0.121094 0.724609 0.119141 0.726562 0.119141 0.740234 0.121094 0.742188 0.121094 0.753906 0.123047 0.755859 0.128906 0.755859 0.132812 0.759766 0.142578 0.759766 0.144531 0.757812 0.144531 0.751953 0.152344 0.744141 0.154297 0.744141 0.158203 0.740234 0.160156 0.740234 0.169922 0.730469 0.171875 0.730469 0.173828 0.732422 0.173828 0.748047 0.175781 0.750000 0.175781 0.751953 0.173828 0.753906 0.171875 0.753906 0.169922 0.755859 0.169922 0.757812 0.167969 0.759766 0.167969 0.767578 0.171875 0.771484 0.171875 0.773438 0.173828 0.775391 0.179688 0.775391 0.183594 0.779297 0.187500 0.779297 0.189453 0.781250 0.189453 0.783203 0.191406 0.785156 0.191406 0.794922 0.189453 0.796875 0.185547 0.796875 0.181641 0.792969 0.181641 0.787109 0.179688 0.785156 0.173828 0.785156 0.171875 0.783203 0.169922 0.783203 0.167969 0.781250 0.156250 0.781250 0.154297 0.783203 0.154297 0.791016 0.156250 0.792969 0.152344 0.796875 0.150391 0.796875 0.144531 0.802734 0.144531 0.816406 0.146484 0.818359 0.154297 0.818359 0.158203 0.814453 0.171875 0.814453 0.173828 0.812500 0.183594 0.812500 0.185547 0.814453 0.193359 0.814453 0.195312 0.812500 0.195312 0.808594 0.197266 0.806641 0.197266 0.798828 0.199219 0.796875 0.201172 0.796875 0.203125 0.794922 0.205078 0.796875 0.230469 0.796875 0.232422 0.798828 0.232422 0.800781 0.226562 0.806641 0.226562 0.814453 0.228516 0.816406 0.238281 0.816406 0.240234 0.814453 0.242188 0.814453 0.244141 0.812500 0.246094 0.812500 0.250000 0.808594 0.251953 0.808594 0.255859 0.804688 0.261719 0.810547 0.261719 0.824219 0.259766 0.826172 0.259766 0.830078 0.255859 0.833984 0.255859 0.839844 0.253906 0.841797 0.250000 0.841797 0.244141 0.847656 0.244141 0.859375 0.242188 0.861328 0.234375 0.861328 0.232422 0.859375 0.234375 0.857422 0.234375 0.851562 0.236328 0.849609 0.236328 0.847656 0.238281 0.845703 0.238281 0.826172 0.236328 0.824219 0.228516 0.824219 0.226562 0.826172 0.226562 0.837891 0.222656 0.841797 0.222656 0.849609 0.218750 0.853516 0.218750 0.855469 0.216797 0.857422 0.207031 0.857422 0.205078 0.855469 0.205078 0.853516 0.203125 0.851562 0.193359 0.851562 0.191406 0.853516 0.187500 0.853516 0.183594 0.849609 0.185547 0.847656 0.187500 0.847656 0.189453 0.845703 0.189453 0.835938 0.187500 0.833984 0.179688 0.833984 0.177734 0.835938 0.175781 0.835938 0.169922 0.841797 0.169922 0.849609 0.166016 0.853516 0.166016 0.861328 0.167969 0.863281 0.171875 0.863281 0.173828 0.865234 0.173828 0.871094 0.175781 0.873047 0.175781 0.880859 0.177734 0.882812 0.185547 0.882812 0.197266 0.871094 0.197266 0.869141 0.199219 0.867188 0.201172 0.869141 0.201172 0.873047 0.203125 0.875000 0.218750 0.875000 0.220703 0.873047 0.224609 0.873047 0.226562 0.875000 0.222656 0.878906 0.222656 0.886719 0.224609 0.888672 0.232422 0.888672 0.234375 0.886719 0.234375 0.878906 0.236328 0.876953 0.253906 0.876953 0.257812 0.873047 0.269531 0.873047 0.271484 0.875000 0.265625 0.880859 0.265625 0.886719 0.263672 0.888672 0.263672 0.896484 0.261719 0.898438 0.257812 0.898438 0.255859 0.900391 0.253906 0.898438 0.253906 0.894531 0.251953 0.892578 0.240234 0.892578 0.236328 0.896484 0.234375 0.896484 0.232422 0.898438 0.230469 0.896484 0.218750 0.896484 0.216797 0.898438 0.216797 0.902344 0.214844 0.904297 0.212891 0.904297 0.210938 0.906250 0.210938 0.908203 0.208984 0.910156 0.208984 0.917969 0.210938 0.919922 0.220703 0.919922 0.222656 0.917969 0.222656 0.916016 0.224609 0.914062 0.234375 0.914062 0.236328 0.916016 0.236328 0.917969 0.238281 0.919922 0.248047 0.919922 0.250000 0.917969 0.255859 0.917969 0.257812 0.919922 0.255859 0.921875 0.251953 0.921875 0.250000 0.923828 0.246094 0.923828 0.244141 0.925781 0.236328 0.925781 0.234375 0.927734 0.228516 0.927734 0.226562 0.929688 0.226562 0.933594 0.224609 0.935547 0.222656 0.935547 0.220703 0.937500 0.220703 0.945312 0.222656 0.947266 0.222656 0.953125 0.220703 0.955078 0.214844 0.955078 0.210938 0.958984 0.210938 0.968750 0.208984 0.970703 0.207031 0.970703 0.205078 0.972656 0.205078 0.974609 0.203125 0.976562 0.203125 0.978516 0.201172 0.980469 0.195312 0.974609 0.191406 0.974609 0.189453 0.972656 0.189453 0.958984 0.187500 0.957031 0.179688 0.957031 0.173828 0.962891 0.173828 0.966797 0.169922 0.970703 0.169922 0.972656 0.167969 0.974609 0.167969 0.986328 0.169922 0.988281 0.183594 0.988281 0.185547 0.990234 0.193359 0.990234 0.197266 0.994141 0.205078 0.994141 0.207031 0.992188 0.207031 0.988281 0.208984 0.986328 0.214844 0.986328 0.218750 0.982422 0.222656 0.982422 0.224609 0.984375 0.222656 0.986328 0.222656 0.994141 0.220703 0.996094 0.220703 0.998047 0.273438 0.998047 0.273438 0.992188 0.275391 0.990234 0.277344 0.990234 0.279297 0.992188 0.279297 0.996094 0.281250 0.998047 0.302734 0.998047 0.302734 0.992188 0.304688 0.990234 0.304688 0.988281 0.306641 0.986328 0.306641 0.960938 0.308594 0.958984 0.308594 0.957031 0.310547 0.955078 0.312500 0.957031 0.312500 0.964844 0.318359 0.970703 0.322266 0.970703 0.324219 0.972656 0.324219 0.976562 0.322266 0.978516 0.322266 0.980469 0.318359 0.984375 0.318359 0.988281 0.316406 0.990234 0.316406 0.992188 0.314453 0.994141 0.314453 0.998047 0.414062 0.998047 0.416016 0.996094 0.416016 0.994141 0.417969 0.992188 0.417969 0.988281 0.419922 0.986328 0.419922 0.984375 0.421875 0.982422 0.421875 0.980469 0.423828 0.978516 0.423828 0.976562 0.425781 0.974609 0.425781 0.970703 0.427734 0.968750 0.429688 0.968750 0.433594 0.972656 0.435547 0.972656 0.439453 0.976562 0.439453 0.978516 0.441406 0.980469 0.441406 0.982422 0.443359 0.984375 0.443359 0.986328 0.439453 0.990234 0.437500 0.990234 0.433594 0.994141 0.433594 0.996094 0.431641 0.998047 0.517578 0.998047 0.519531 0.996094 0.523438 0.996094 0.525391 0.994141 0.527344 0.994141 0.529297 0.992188 0.531250 0.992188 0.533203 0.990234 0.542969 0.990234 0.546875 0.994141 0.548828 0.994141 0.550781 0.996094 0.556641 0.996094 0.558594 0.998047 0.603516 0.998047 0.603516 0.988281 0.601562 0.986328 0.601562 0.984375 0.595703 0.978516 0.593750 0.978516 0.591797 0.976562 0.589844 0.976562 0.585938 0.972656 0.587891 0.970703 0.597656 0.970703 0.599609 0.968750 0.601562 0.968750 0.603516 0.966797 0.605469 0.968750 0.605469 0.970703 0.607422 0.972656 0.607422 0.980469 0.609375 0.982422 0.609375 0.986328 0.611328 0.988281 0.611328 0.992188 0.613281 0.994141 0.613281 0.996094 0.615234 0.998047 0.654297 0.998047 0.654297 0.990234 0.652344 0.988281 0.652344 0.986328 0.650391 0.984375 0.650391 0.982422 0.646484 0.978516 0.644531 0.978516 0.640625 0.974609 0.640625 0.972656 0.638672 0.970703 0.640625 0.968750 0.640625 0.966797 0.642578 0.964844 0.642578 0.949219 0.640625 0.947266 0.640625 0.945312 0.634766 0.939453 0.634766 0.937500 0.630859 0.933594 0.630859 0.931641 0.632812 0.929688 0.636719 0.929688 0.644531 0.937500 0.646484 0.937500 0.648438 0.939453 0.671875 0.939453 0.673828 0.937500 0.675781 0.937500 0.679688 0.933594 0.679688 0.931641 0.681641 0.929688 0.681641 0.927734 0.683594 0.925781 0.685547 0.925781 0.687500 0.923828 0.689453 0.923828 0.693359 0.919922 0.697266 0.919922 0.699219 0.917969 0.701172 0.917969 0.703125 0.916016 0.705078 0.916016 0.707031 0.914062 0.716797 0.914062 0.720703 0.917969 0.718750 0.919922 0.718750 0.923828 0.716797 0.925781 0.716797 0.931641 0.714844 0.933594 0.714844 0.945312 0.712891 0.947266 0.712891 0.958984 0.708984 0.962891 0.699219 0.962891 0.697266 0.964844 0.695312 0.964844 0.691406 0.968750 0.691406 0.970703 0.689453 0.972656 0.689453 0.984375 0.685547 0.988281 0.683594 0.988281 0.677734 0.994141 0.677734 0.996094 0.675781 0.998047 0.808594 0.998047 0.816406 0.990234 0.818359 0.990234 0.820312 0.988281 0.822266 0.988281 0.828125 0.982422 0.837891 0.982422 0.841797 0.986328 0.837891 0.990234 0.837891 0.992188 0.835938 0.994141 0.835938 0.998047 0.998047 0.998047 0.998047 0.941406 0.994141 0.941406 0.992188 0.943359 0.990234 0.943359 0.986328 0.947266 0.986328 0.949219 0.984375 0.951172 0.984375 0.955078 0.982422 0.957031 0.982422 0.958984 0.980469 0.960938 0.980469 0.962891 0.978516 0.964844 0.978516 0.966797 0.974609 0.970703 0.951172 0.970703 0.949219 0.968750 0.947266 0.968750 0.945312 0.966797 0.943359 0.966797 0.941406 0.964844 0.939453 0.964844 0.933594 0.958984 0.931641 0.958984 0.925781 0.953125 0.925781 0.949219 0.927734 0.947266 0.927734 0.945312 0.929688 0.943359 0.945312 0.943359 0.949219 0.947266 0.951172 0.947266 0.953125 0.949219 0.964844 0.949219 0.966797 0.947266 0.968750 0.947266 0.974609 0.941406 0.974609 0.939453 0.976562 0.937500 0.976562 0.933594 0.982422 0.927734 0.984375 0.927734 0.986328 0.925781 0.988281 0.925781 0.990234 0.923828 0.992188 0.923828 0.994141 0.921875 0.996094 0.921875 0.998047 0.919922 0.998047 0.835938 0.996094 0.833984 0.994141 0.833984 0.992188 0.832031 0.988281 0.832031 0.986328 0.830078 0.988281 0.828125 0.990234 0.828125 0.994141 0.824219 0.994141 0.822266 0.998047 0.818359 0.998047 0.277344 0.990234 0.277344 0.988281 0.275391 0.988281 0.271484 0.998047 0.261719 0.998047 0.224609 0.986328 0.224609 0.984375 0.226562 0.982422 0.226562 0.978516 0.230469 0.978516 0.232422 0.968750 0.242188 0.958984 0.242188 0.957031 0.240234 0.957031 0.238281 0.955078 0.236328 0.955078 0.234375 0.953125 0.232422 0.953125 0.220703 0.957031 0.216797 0.957031 0.214844 0.958984 0.212891 0.958984 0.210938 0.972656 0.197266 0.972656 0.195312 0.974609 0.193359 0.976562 0.193359 0.978516 0.191406 0.998047 0.191406 0.998047 0.082031 0.976562 0.082031 0.974609 0.083984 0.937500 0.083984 0.935547 0.082031 0.935547 0.080078 0.937500 0.078125 0.937500 0.076172 0.939453 0.074219 0.941406 0.074219 0.943359 0.072266 0.957031 0.072266 0.958984 0.070312 0.960938 0.070312 0.962891 0.068359 0.976562 0.068359 0.978516 0.066406 0.982422 0.066406 0.984375 0.064453 0.988281 0.064453 0.990234 0.062500 0.992188 0.062500 0.996094 0.058594 0.998047 0.058594 0.998047 0.000000 0.787109 0.000000 0.785156 0.001953 0.785156 0.003906 0.783203 0.005859 0.783203 0.007812 0.781250 0.009766 0.781250 0.013672 0.779297 0.015625 0.779297 0.027344 0.777344 0.029297 0.777344 0.042969 0.775391 0.044922 0.771484 0.041016 0.771484 0.039062 0.765625 0.033203 0.765625 0.029297 0.773438 0.021484 0.773438 0.019531 0.775391 0.017578 0.775391 0.000000 0.732422 0.000000 0.730469 0.001953 0.726562 0.001953 0.724609 0.000000 0.666016 0.000000 0.664062 0.001953 0.660156 0.001953 0.658203 0.000000 0.646484 0.000000 0.644531 0.001953 0.642578 0.001953 0.638672 0.005859 0.638672 0.007812 0.636719 0.009766 0.636719 0.011719 0.630859 0.017578 0.630859 0.019531 0.628906 0.021484 0.628906 0.023438 0.626953 0.025391 0.623047 0.025391 0.621094 0.023438 0.625000 0.019531 0.625000 0.017578 0.626953 0.015625 0.626953 0.003906 0.625000 0.001953 0.625000 0.000000 0.570312 0.000000 0.566406 0.003906 0.544922 0.003906 0.542969 0.005859 0.541016 0.005859 0.535156 0.011719 0.535156 0.013672 0.533203 0.015625 0.533203 0.027344 0.535156 0.029297 0.535156 0.031250 0.533203 0.033203 0.523438 0.033203 0.521484 0.035156 0.519531 0.033203 0.501953 0.033203 0.500000 0.035156 0.498047 0.035156 0.496094 0.033203 0.496094 0.031250 0.498047 0.029297 0.500000 0.029297 0.501953 0.027344 0.507812 0.027344 0.509766 0.025391 0.519531 0.025391 0.521484 0.023438 0.523438 0.023438 0.527344 0.019531 0.527344 0.017578 0.529297 0.015625 0.529297 0.001953 0.527344 0.000000
0 0.000000 0.000000 0.000000 0.101562 0.005859 0.101562 0.007812 0.103516 0.019531 0.103516 0.021484 0.101562 0.023438 0.101562 0.029297 0.095703 0.031250 0.097656 0.035156 0.097656 0.037109 0.099609 0.035156 0.101562 0.035156 0.103516 0.033203 0.105469 0.033203 0.119141 0.031250 0.121094 0.017578 0.121094 0.015625 0.123047 0.013672 0.123047 0.007812 0.117188 0.005859 0.117188 0.003906 0.115234 0.000000 0.115234 0.000000 0.167969 0.001953 0.169922 0.003906 0.169922 0.005859 0.171875 0.013672 0.171875 0.015625 0.173828 0.013672 0.175781 0.011719 0.175781 0.009766 0.177734 0.005859 0.177734 0.003906 0.179688 0.001953 0.179688 0.000000 0.181641 0.000000 0.212891 0.009766 0.212891 0.013672 0.216797 0.013672 0.218750 0.019531 0.224609 0.015625 0.228516 0.011719 0.228516 0.009766 0.230469 0.007812 0.230469 0.000000 0.238281 0.000000 0.460938 0.001953 0.460938 0.005859 0.464844 0.007812 0.464844 0.009766 0.466797 0.021484 0.466797 0.023438 0.464844 0.025391 0.464844 0.029297 0.460938 0.029297 0.458984 0.031250 0.457031 0.031250 0.453125 0.035156 0.449219 0.035156 0.447266 0.037109 0.445312 0.048828 0.445312 0.052734 0.449219 0.054688 0.447266 0.064453 0.447266 0.066406 0.449219 0.070312 0.449219 0.072266 0.451172 0.074219 0.451172 0.078125 0.455078 0.089844 0.455078 0.091797 0.453125 0.093750 0.453125 0.095703 0.455078 0.093750 0.457031 0.093750 0.458984 0.091797 0.460938 0.091797 0.474609 0.093750 0.476562 0.093750 0.478516 0.097656 0.482422 0.099609 0.482422 0.103516 0.486328 0.103516 0.492188 0.101562 0.494141 0.101562 0.498047 0.099609 0.500000 0.093750 0.500000 0.091797 0.501953 0.089844 0.501953 0.085938 0.505859 0.085938 0.507812 0.083984 0.509766 0.083984 0.513672 0.082031 0.515625 0.080078 0.513672 0.068359 0.513672 0.066406 0.515625 0.064453 0.515625 0.058594 0.521484 0.058594 0.523438 0.056641 0.525391 0.056641 0.529297 0.054688 0.531250 0.048828 0.531250 0.046875 0.533203 0.041016 0.533203 0.039062 0.531250 0.037109 0.531250 0.035156 0.529297 0.031250 0.529297 0.027344 0.525391 0.027344 0.523438 0.023438 0.519531 0.021484 0.519531 0.019531 0.517578 0.019531 0.515625 0.015625 0.511719 0.013672 0.511719 0.011719 0.509766 0.000000 0.509766 0.000000 0.595703 0.009766 0.595703 0.011719 0.593750 0.033203 0.593750 0.035156 0.595703 0.046875 0.595703 0.048828 0.593750 0.050781 0.593750 0.054688 0.589844 0.054688 0.587891 0.056641 0.585938 0.056641 0.572266 0.054688 0.570312 0.054688 0.568359 0.056641 0.566406 0.058594 0.568359 0.060547 0.568359 0.062500 0.570312 0.070312 0.570312 0.072266 0.572266 0.072266 0.585938 0.074219 0.587891 0.074219 0.589844 0.078125 0.593750 0.080078 0.593750 0.083984 0.597656 0.083984 0.599609 0.082031 0.601562 0.080078 0.601562 0.078125 0.603516 0.074219 0.603516 0.072266 0.605469 0.070312 0.605469 0.066406 0.609375 0.066406 0.611328 0.064453 0.613281 0.064453 0.625000 0.066406 0.626953 0.066406 0.628906 0.070312 0.632812 0.072266 0.632812 0.076172 0.636719 0.074219 0.638672 0.072266 0.638672 0.070312 0.640625 0.068359 0.640625 0.066406 0.638672 0.066406 0.636719 0.064453 0.634766 0.056641 0.634766 0.050781 0.640625 0.048828 0.640625 0.046875 0.638672 0.044922 0.638672 0.042969 0.636719 0.041016 0.636719 0.039062 0.634766 0.039062 0.632812 0.035156 0.628906 0.015625 0.628906 0.013672 0.630859 0.011719 0.630859 0.007812 0.634766 0.005859 0.634766 0.000000 0.640625 0.000000 0.662109 0.001953 0.662109 0.003906 0.660156 0.003906 0.656250 0.013672 0.646484 0.023438 0.646484 0.025391 0.648438 0.033203 0.648438 0.035156 0.650391 0.037109 0.650391 0.039062 0.652344 0.042969 0.652344 0.046875 0.656250 0.048828 0.656250 0.050781 0.658203 0.050781 0.660156 0.052734 0.662109 0.062500 0.662109 0.064453 0.664062 0.060547 0.667969 0.060547 0.675781 0.062500 0.677734 0.072266 0.677734 0.076172 0.673828 0.078125 0.673828 0.082031 0.669922 0.082031 0.667969 0.083984 0.666016 0.083984 0.664062 0.085938 0.662109 0.085938 0.648438 0.087891 0.646484 0.087891 0.644531 0.089844 0.642578 0.091797 0.642578 0.093750 0.644531 0.093750 0.650391 0.095703 0.652344 0.097656 0.652344 0.099609 0.654297 0.101562 0.654297 0.103516 0.656250 0.130859 0.656250 0.132812 0.654297 0.134766 0.654297 0.138672 0.650391 0.138672 0.642578 0.142578 0.638672 0.142578 0.636719 0.144531 0.634766 0.144531 0.626953 0.138672 0.621094 0.138672 0.615234 0.132812 0.609375 0.130859 0.609375 0.128906 0.607422 0.121094 0.607422 0.119141 0.605469 0.119141 0.597656 0.121094 0.595703 0.123047 0.595703 0.126953 0.591797 0.126953 0.589844 0.128906 0.587891 0.128906 0.576172 0.126953 0.574219 0.126953 0.572266 0.123047 0.568359 0.123047 0.560547 0.121094 0.558594 0.121094 0.556641 0.115234 0.550781 0.123047 0.542969 0.123047 0.541016 0.125000 0.539062 0.125000 0.521484 0.126953 0.519531 0.126953 0.511719 0.128906 0.509766 0.128906 0.507812 0.130859 0.505859 0.130859 0.500000 0.132812 0.498047 0.132812 0.496094 0.134766 0.494141 0.134766 0.488281 0.136719 0.486328 0.138672 0.486328 0.140625 0.484375 0.144531 0.484375 0.146484 0.482422 0.148438 0.482422 0.152344 0.478516 0.156250 0.478516 0.158203 0.476562 0.162109 0.476562 0.164062 0.474609 0.167969 0.474609 0.169922 0.472656 0.222656 0.472656 0.224609 0.470703 0.226562 0.470703 0.228516 0.468750 0.230469 0.468750 0.232422 0.466797 0.234375 0.466797 0.236328 0.464844 0.238281 0.464844 0.242188 0.460938 0.242188 0.458984 0.246094 0.455078 0.246094 0.453125 0.248047 0.451172 0.248047 0.431641 0.246094 0.429688 0.246094 0.425781 0.244141 0.423828 0.244141 0.419922 0.242188 0.417969 0.242188 0.414062 0.240234 0.412109 0.240234 0.410156 0.238281 0.408203 0.238281 0.402344 0.240234 0.400391 0.240234 0.376953 0.238281 0.375000 0.238281 0.373047 0.232422 0.367188 0.232422 0.363281 0.234375 0.361328 0.234375 0.359375 0.236328 0.357422 0.236328 0.353516 0.238281 0.351562 0.238281 0.343750 0.240234 0.341797 0.240234 0.330078 0.238281 0.328125 0.242188 0.324219 0.244141 0.324219 0.248047 0.320312 0.248047 0.318359 0.250000 0.316406 0.250000 0.294922 0.251953 0.292969 0.253906 0.292969 0.257812 0.289062 0.259766 0.289062 0.263672 0.285156 0.263672 0.283203 0.265625 0.281250 0.265625 0.277344 0.267578 0.275391 0.267578 0.273438 0.269531 0.271484 0.269531 0.267578 0.271484 0.265625 0.271484 0.261719 0.273438 0.259766 0.273438 0.251953 0.275391 0.250000 0.275391 0.242188 0.279297 0.238281 0.281250 0.238281 0.285156 0.234375 0.285156 0.232422 0.289062 0.228516 0.289062 0.226562 0.291016 0.224609 0.291016 0.212891 0.292969 0.210938 0.292969 0.208984 0.294922 0.207031 0.294922 0.205078 0.298828 0.201172 0.300781 0.201172 0.308594 0.193359 0.308594 0.191406 0.310547 0.189453 0.310547 0.185547 0.312500 0.183594 0.312500 0.179688 0.314453 0.177734 0.314453 0.169922 0.316406 0.167969 0.316406 0.166016 0.318359 0.164062 0.320312 0.164062 0.324219 0.160156 0.324219 0.158203 0.326172 0.156250 0.326172 0.152344 0.328125 0.150391 0.328125 0.126953 0.326172 0.125000 0.326172 0.123047 0.322266 0.119141 0.328125 0.113281 0.328125 0.111328 0.333984 0.105469 0.333984 0.103516 0.337891 0.099609 0.339844 0.099609 0.343750 0.095703 0.343750 0.093750 0.345703 0.091797 0.345703 0.080078 0.343750 0.078125 0.343750 0.076172 0.339844 0.072266 0.337891 0.072266 0.335938 0.070312 0.324219 0.070312 0.322266 0.072266 0.318359 0.072266 0.316406 0.074219 0.314453 0.072266 0.314453 0.064453 0.312500 0.062500 0.312500 0.060547 0.308594 0.056641 0.306641 0.056641 0.304688 0.054688 0.291016 0.054688 0.289062 0.052734 0.287109 0.052734 0.285156 0.050781 0.283203 0.050781 0.281250 0.048828 0.281250 0.042969 0.279297 0.041016 0.279297 0.039062 0.277344 0.037109 0.283203 0.031250 0.285156 0.031250 0.292969 0.023438 0.294922 0.023438 0.296875 0.021484 0.298828 0.021484 0.306641 0.013672 0.308594 0.013672 0.310547 0.011719 0.312500 0.011719 0.314453 0.009766 0.316406 0.009766 0.320312 0.005859 0.324219 0.005859 0.326172 0.007812 0.337891 0.007812 0.341797 0.011719 0.343750 0.011719 0.345703 0.013672 0.361328 0.013672 0.363281 0.011719 0.365234 0.011719 0.369141 0.007812 0.369141 0.005859 0.371094 0.003906 0.371094 0.000000 0.263672 0.000000 0.263672 0.001953 0.257812 0.007812 0.255859 0.007812 0.253906 0.009766 0.251953 0.009766 0.250000 0.007812 0.250000 0.000000 0.183594 0.000000 0.175781 0.007812 0.175781 0.009766 0.169922 0.015625 0.156250 0.015625 0.154297 0.017578 0.144531 0.017578 0.142578 0.015625 0.146484 0.011719 0.146484 0.009766 0.148438 0.007812 0.148438 0.005859 0.150391 0.003906 0.150391 0.000000 0.095703 0.000000 0.093750 0.001953 0.089844 0.001953 0.087891 0.000000