0 0.019531 0.847656 0.013672 0.853516 0.011719 0.851562 0.001953 0.851562 0.000000 0.853516 0.000000 0.869141 0.001953 0.869141 0.003906 0.871094 0.011719 0.871094 0.013672 0.869141 0.015625 0.869141 0.015625 0.867188 0.017578 0.865234 0.019531 0.865234 0.021484 0.867188 0.029297 0.867188 0.031250 0.865234 0.033203 0.865234 0.033203 0.863281 0.035156 0.861328 0.035156 0.853516 0.033203 0.851562 0.033203 0.849609 0.031250 0.849609 0.029297 0.847656
0 0.060547 0.191406 0.054688 0.197266 0.054688 0.205078 0.056641 0.207031 0.064453 0.207031 0.068359 0.203125 0.070312 0.205078 0.070312 0.207031 0.072266 0.208984 0.080078 0.208984 0.082031 0.207031 0.082031 0.199219 0.080078 0.197266 0.072266 0.197266 0.070312 0.195312 0.070312 0.193359 0.068359 0.191406
0 0.123047 0.185547 0.121094 0.187500 0.121094 0.195312 0.123047 0.197266 0.125000 0.197266 0.126953 0.199219 0.134766 0.199219 0.136719 0.197266 0.136719 0.187500 0.134766 0.185547
0 0.080078 0.148438 0.076172 0.152344 0.074219 0.152344 0.072266 0.154297 0.072266 0.162109 0.078125 0.167969 0.085938 0.167969 0.087891 0.166016 0.087891 0.160156 0.089844 0.158203 0.089844 0.150391 0.087891 0.148438
0 0.140625 0.144531 0.138672 0.146484 0.138672 0.156250 0.132812 0.162109 0.132812 0.175781 0.134766 0.177734 0.150391 0.177734 0.152344 0.175781 0.152344 0.167969 0.150391 0.166016 0.154297 0.162109 0.154297 0.154297 0.150391 0.150391 0.150391 0.146484 0.148438 0.144531
0 0.023438 0.099609 0.021484 0.101562 0.021484 0.113281 0.027344 0.119141 0.027344 0.121094 0.029297 0.123047 0.041016 0.123047 0.042969 0.121094 0.042969 0.113281 0.044922 0.111328 0.044922 0.103516 0.042969 0.101562 0.033203 0.101562 0.031250 0.099609
0 0.103516 0.097656 0.097656 0.103516 0.087891 0.103516 0.085938 0.105469 0.083984 0.105469 0.082031 0.107422 0.076172 0.107422 0.074219 0.109375 0.068359 0.109375 0.066406 0.111328 0.066406 0.119141 0.068359 0.121094 0.083984 0.121094 0.085938 0.119141 0.089844 0.119141 0.091797 0.117188 0.093750 0.119141 0.093750 0.123047 0.095703 0.125000 0.099609 0.125000 0.101562 0.126953 0.111328 0.126953 0.113281 0.125000 0.113281 0.099609 0.111328 0.097656
0 0.062500 0.068359 0.060547 0.070312 0.060547 0.078125 0.062500 0.080078 0.062500 0.082031 0.064453 0.083984 0.064453 0.091797 0.066406 0.093750 0.076172 0.093750 0.078125 0.091797 0.078125 0.087891 0.080078 0.085938 0.083984 0.085938 0.085938 0.083984 0.085938 0.076172 0.083984 0.074219 0.078125 0.074219 0.072266 0.068359
0 0.210938 0.037109 0.207031 0.041016 0.207031 0.042969 0.205078 0.044922 0.203125 0.044922 0.201172 0.046875 0.199219 0.046875 0.197266 0.048828 0.197266 0.056641 0.199219 0.058594 0.210938 0.058594 0.212891 0.056641 0.216797 0.056641 0.222656 0.050781 0.222656 0.039062 0.220703 0.037109
0 0.349609 0.009766 0.347656 0.011719 0.347656 0.021484 0.343750 0.025391 0.343750 0.031250 0.339844 0.035156 0.337891 0.035156 0.335938 0.033203 0.328125 0.033203 0.324219 0.037109 0.324219 0.044922 0.326172 0.046875 0.335938 0.046875 0.337891 0.044922 0.339844 0.046875 0.357422 0.046875 0.359375 0.044922 0.359375 0.029297 0.357422 0.027344 0.359375 0.025391 0.359375 0.011719 0.357422 0.009766
0 0.154297 0.009766 0.152344 0.011719 0.152344 0.021484 0.154297 0.023438 0.160156 0.023438 0.162109 0.025391 0.169922 0.025391 0.171875 0.023438 0.171875 0.013672 0.167969 0.009766
0 0.212891 0.007812 0.210938 0.009766 0.210938 0.017578 0.214844 0.021484 0.214844 0.029297 0.216797 0.031250 0.224609 0.031250 0.228516 0.027344 0.228516 0.009766 0.226562 0.007812
0 0.269531 0.000000 0.269531 0.005859 0.267578 0.007812 0.265625 0.005859 0.257812 0.005859 0.255859 0.007812 0.255859 0.017578 0.253906 0.019531 0.253906 0.027344 0.255859 0.029297 0.263672 0.029297 0.265625 0.027344 0.265625 0.017578 0.267578 0.015625 0.267578 0.009766 0.269531 0.007812 0.273438 0.011719 0.273438 0.013672 0.277344 0.017578 0.296875 0.017578 0.300781 0.013672 0.300781 0.009766 0.304688 0.005859 0.306641 0.005859 0.310547 0.009766 0.312500 0.009766 0.314453 0.011719 0.326172 0.011719 0.328125 0.009766 0.330078 0.009766 0.332031 0.007812 0.333984 0.007812 0.335938 0.005859 0.343750 0.005859 0.345703 0.003906 0.345703 0.000000
0 0.232422 0.000000 0.232422 0.005859 0.234375 0.007812 0.234375 0.015625 0.236328 0.017578 0.244141 0.017578 0.246094 0.015625 0.246094 0.000000
0 0.000000 0.000000 0.000000 0.085938 0.001953 0.087891 0.009766 0.087891 0.011719 0.085938 0.011719 0.078125 0.009766 0.076172 0.009766 0.070312 0.011719 0.068359 0.011719 0.066406 0.013672 0.064453 0.015625 0.066406 0.029297 0.066406 0.033203 0.062500 0.037109 0.062500 0.039062 0.060547 0.039062 0.054688 0.041016 0.052734 0.041016 0.044922 0.039062 0.042969 0.035156 0.042969 0.031250 0.039062 0.035156 0.035156 0.035156 0.033203 0.037109 0.031250 0.039062 0.031250 0.041016 0.029297 0.046875 0.029297 0.048828 0.027344 0.048828 0.023438 0.054688 0.017578 0.056641 0.017578 0.058594 0.015625 0.074219 0.015625 0.076172 0.017578 0.076172 0.027344 0.074219 0.029297 0.072266 0.029297 0.070312 0.027344 0.056641 0.027344 0.054688 0.029297 0.054688 0.044922 0.062500 0.052734 0.070312 0.052734 0.072266 0.054688 0.072266 0.058594 0.074219 0.060547 0.087891 0.060547 0.089844 0.062500 0.089844 0.066406 0.091797 0.068359 0.093750 0.068359 0.097656 0.072266 0.103516 0.072266 0.105469 0.074219 0.109375 0.074219 0.111328 0.076172 0.113281 0.076172 0.115234 0.078125 0.119141 0.078125 0.121094 0.080078 0.125000 0.080078 0.134766 0.089844 0.132812 0.091797 0.132812 0.109375 0.134766 0.111328 0.142578 0.111328 0.144531 0.109375 0.144531 0.101562 0.148438 0.097656 0.152344 0.097656 0.156250 0.093750 0.166016 0.093750 0.167969 0.091797 0.175781 0.091797 0.179688 0.087891 0.181641 0.089844 0.181641 0.095703 0.183594 0.097656 0.191406 0.097656 0.193359 0.099609 0.193359 0.103516 0.191406 0.105469 0.191406 0.113281 0.193359 0.115234 0.193359 0.117188 0.189453 0.121094 0.189453 0.128906 0.191406 0.130859 0.197266 0.130859 0.199219 0.132812 0.195312 0.136719 0.193359 0.136719 0.191406 0.138672 0.189453 0.138672 0.187500 0.136719 0.179688 0.136719 0.177734 0.138672 0.177734 0.146484 0.181641 0.150391 0.181641 0.152344 0.183594 0.154297 0.195312 0.154297 0.197266 0.152344 0.199219 0.152344 0.203125 0.148438 0.205078 0.150391 0.207031 0.150391 0.208984 0.152344 0.207031 0.154297 0.207031 0.156250 0.201172 0.162109 0.201172 0.164062 0.199219 0.166016 0.199219 0.167969 0.197266 0.169922 0.197266 0.171875 0.195312 0.173828 0.195312 0.175781 0.191406 0.179688 0.191406 0.181641 0.189453 0.183594 0.189453 0.185547 0.187500 0.187500 0.183594 0.183594 0.183594 0.181641 0.181641 0.179688 0.181641 0.175781 0.179688 0.173828 0.169922 0.173828 0.167969 0.175781 0.167969 0.181641 0.166016 0.183594 0.154297 0.183594 0.152344 0.185547 0.152344 0.193359 0.154297 0.195312 0.156250 0.195312 0.158203 0.197266 0.173828 0.197266 0.175781 0.199219 0.185547 0.199219 0.187500 0.201172 0.187500 0.205078 0.185547 0.207031 0.185547 0.210938 0.183594 0.212891 0.181641 0.212891 0.179688 0.214844 0.177734 0.214844 0.175781 0.216797 0.173828 0.216797 0.171875 0.218750 0.171875 0.220703 0.167969 0.224609 0.164062 0.220703 0.164062 0.218750 0.162109 0.216797 0.162109 0.214844 0.158203 0.210938 0.158203 0.208984 0.156250 0.207031 0.154297 0.207031 0.152344 0.205078 0.150391 0.205078 0.148438 0.203125 0.121094 0.203125 0.119141 0.205078 0.117188 0.205078 0.115234 0.203125 0.117188 0.201172 0.117188 0.193359 0.115234 0.191406 0.107422 0.191406 0.105469 0.193359 0.105469 0.201172 0.107422 0.203125 0.115234 0.203125 0.117188 0.205078 0.115234 0.207031 0.113281 0.207031 0.111328 0.208984 0.111328 0.210938 0.109375 0.212891 0.109375 0.214844 0.107422 0.216797 0.107422 0.222656 0.103516 0.226562 0.101562 0.226562 0.099609 0.228516 0.091797 0.228516 0.089844 0.230469 0.085938 0.230469 0.083984 0.232422 0.082031 0.232422 0.080078 0.234375 0.064453 0.234375 0.062500 0.236328 0.060547 0.236328 0.058594 0.238281 0.056641 0.238281 0.054688 0.240234 0.054688 0.242188 0.048828 0.248047 0.046875 0.248047 0.044922 0.250000 0.041016 0.250000 0.039062 0.251953 0.037109 0.251953 0.035156 0.253906 0.029297 0.253906 0.027344 0.251953 0.025391 0.251953 0.023438 0.250000 0.011719 0.250000 0.009766 0.251953 0.007812 0.251953 0.005859 0.253906 0.003906 0.253906 0.001953 0.255859 0.001953 0.257812 0.000000 0.259766 0.000000 0.843750 0.003906 0.843750 0.005859 0.845703 0.015625 0.845703 0.017578 0.843750 0.023438 0.843750 0.025391 0.841797 0.031250 0.841797 0.033203 0.839844 0.035156 0.839844 0.037109 0.837891 0.039062 0.837891 0.041016 0.835938 0.042969 0.835938 0.042969 0.833984 0.044922 0.832031 0.044922 0.824219 0.046875 0.822266 0.048828 0.822266 0.050781 0.820312 0.052734 0.820312 0.056641 0.816406 0.058594 0.818359 0.058594 0.828125 0.060547 0.830078 0.060547 0.832031 0.062500 0.832031 0.064453 0.833984 0.072266 0.833984 0.074219 0.832031 0.076172 0.832031 0.076172 0.830078 0.078125 0.828125 0.078125 0.820312 0.076172 0.818359 0.076172 0.816406 0.074219 0.816406 0.072266 0.814453 0.074219 0.812500 0.082031 0.812500 0.083984 0.810547 0.085938 0.810547 0.085938 0.808594 0.087891 0.806641 0.087891 0.798828 0.085938 0.796875 0.085938 0.794922 0.083984 0.794922 0.082031 0.792969 0.085938 0.789062 0.087891 0.789062 0.089844 0.787109 0.101562 0.787109 0.103516 0.785156 0.105469 0.785156 0.107422 0.787109 0.103516 0.791016 0.099609 0.791016 0.095703 0.794922 0.095703 0.808594 0.093750 0.810547 0.093750 0.812500 0.091797 0.814453 0.091797 0.824219 0.093750 0.826172 0.093750 0.828125 0.095703 0.828125 0.097656 0.830078 0.103516 0.830078 0.105469 0.832031 0.105469 0.837891 0.103516 0.839844 0.095703 0.839844 0.091797 0.843750 0.091797 0.853516 0.089844 0.855469 0.070312 0.855469 0.068359 0.857422 0.066406 0.857422 0.064453 0.859375 0.062500 0.859375 0.060547 0.861328 0.058594 0.861328 0.056641 0.863281 0.054688 0.863281 0.052734 0.865234 0.050781 0.865234 0.048828 0.867188 0.046875 0.867188 0.044922 0.869141 0.044922 0.871094 0.042969 0.873047 0.042969 0.875000 0.041016 0.876953 0.041016 0.882812 0.039062 0.884766 0.005859 0.884766 0.003906 0.886719 0.001953 0.886719 0.000000 0.888672 0.000000 0.925781 0.003906 0.929688 0.003906 0.931641 0.007812 0.935547 0.007812 0.937500 0.005859 0.939453 0.005859 0.945312 0.001953 0.949219 0.000000 0.949219 0.000000 0.998047 0.419922 0.998047 0.421875 0.996094 0.421875 0.990234 0.423828 0.988281 0.425781 0.990234 0.433594 0.990234 0.435547 0.988281 0.437500 0.988281 0.437500 0.986328 0.439453 0.984375 0.441406 0.986328 0.441406 0.992188 0.443359 0.994141 0.443359 0.998047 0.527344 0.998047 0.527344 0.996094 0.529297 0.994141 0.529297 0.986328 0.531250 0.984375 0.535156 0.984375 0.539062 0.988281 0.537109 0.990234 0.537109 0.998047 0.748047 0.998047 0.753906 0.992188 0.755859 0.994141 0.755859 0.998047 0.998047 0.998047 0.998047 0.625000 0.986328 0.625000 0.984375 0.626953 0.982422 0.626953 0.980469 0.628906 0.978516 0.628906 0.976562 0.630859 0.976562 0.632812 0.974609 0.634766 0.974609 0.636719 0.972656 0.638672 0.972656 0.652344 0.970703 0.654297 0.970703 0.656250 0.968750 0.658203 0.968750 0.660156 0.964844 0.664062 0.964844 0.666016 0.960938 0.669922 0.960938 0.671875 0.958984 0.673828 0.951172 0.666016 0.955078 0.662109 0.955078 0.660156 0.957031 0.658203 0.957031 0.656250 0.958984 0.654297 0.958984 0.634766 0.957031 0.632812 0.957031 0.630859 0.955078 0.628906 0.955078 0.625000 0.958984 0.621094 0.960938 0.621094 0.962891 0.619141 0.964844 0.619141 0.966797 0.617188 0.980469 0.617188 0.982422 0.615234 0.984375 0.615234 0.986328 0.617188 0.988281 0.617188 0.990234 0.619141 0.992188 0.619141 0.994141 0.621094 0.998047 0.621094 0.998047 0.531250 0.994141 0.531250 0.992188 0.533203 0.990234 0.533203 0.988281 0.535156 0.986328 0.533203 0.986328 0.531250 0.990234 0.527344 0.998047 0.527344 0.998047 0.044922 0.988281 0.044922 0.986328 0.046875 0.984375 0.046875 0.982422 0.048828 0.978516 0.044922 0.978516 0.042969 0.980469 0.041016 0.980469 0.039062 0.982422 0.037109 0.982422 0.035156 0.984375 0.033203 0.984375 0.031250 0.986328 0.029297 0.986328 0.017578 0.988281 0.015625 0.988281 0.013672 0.990234 0.011719 0.990234 0.009766 0.992188 0.007812 0.992188 0.005859 0.994141 0.003906 0.994141 0.000000 0.417969 0.000000 0.417969 0.001953 0.414062 0.005859 0.414062 0.007812 0.412109 0.009766 0.410156 0.009766 0.408203 0.011719 0.406250 0.011719 0.404297 0.013672 0.394531 0.013672 0.392578 0.015625 0.390625 0.015625 0.388672 0.017578 0.386719 0.017578 0.384766 0.019531 0.384766 0.021484 0.382812 0.023438 0.382812 0.025391 0.380859 0.027344 0.380859 0.039062 0.373047 0.046875 0.363281 0.046875 0.359375 0.050781 0.355469 0.050781 0.353516 0.052734 0.353516 0.060547 0.355469 0.062500 0.357422 0.062500 0.359375 0.064453 0.359375 0.066406 0.357422 0.068359 0.357422 0.070312 0.347656 0.080078 0.345703 0.080078 0.341797 0.083984 0.339844 0.083984 0.337891 0.082031 0.337891 0.076172 0.335938 0.074219 0.328125 0.074219 0.326172 0.076172 0.316406 0.076172 0.314453 0.074219 0.314453 0.066406 0.318359 0.062500 0.320312 0.062500 0.322266 0.064453 0.332031 0.064453 0.333984 0.062500 0.333984 0.054688 0.332031 0.052734 0.330078 0.052734 0.328125 0.050781 0.318359 0.050781 0.314453 0.046875 0.306641 0.046875 0.304688 0.048828 0.304688 0.050781 0.302734 0.052734 0.302734 0.054688 0.300781 0.056641 0.298828 0.056641 0.292969 0.062500 0.291016 0.060547 0.291016 0.054688 0.289062 0.052734 0.281250 0.052734 0.279297 0.054688 0.279297 0.062500 0.281250 0.064453 0.289062 0.064453 0.291016 0.066406 0.291016 0.070312 0.289062 0.072266 0.285156 0.072266 0.283203 0.074219 0.283203 0.085938 0.281250 0.087891 0.279297 0.087891 0.275391 0.083984 0.273438 0.083984 0.271484 0.082031 0.263672 0.082031 0.259766 0.078125 0.265625 0.072266 0.265625 0.064453 0.263672 0.062500 0.259766 0.062500 0.253906 0.056641 0.246094 0.056641 0.244141 0.058594 0.244141 0.060547 0.242188 0.062500 0.240234 0.060547 0.228516 0.060547 0.224609 0.064453 0.224609 0.070312 0.222656 0.072266 0.218750 0.072266 0.216797 0.074219 0.216797 0.076172 0.214844 0.078125 0.208984 0.078125 0.207031 0.076172 0.207031 0.066406 0.205078 0.064453 0.197266 0.064453 0.195312 0.066406 0.195312 0.068359 0.189453 0.074219 0.185547 0.074219 0.183594 0.072266 0.181641 0.072266 0.175781 0.066406 0.158203 0.066406 0.154297 0.070312 0.152344 0.068359 0.152344 0.064453 0.154297 0.062500 0.162109 0.062500 0.166016 0.058594 0.167969 0.060547 0.179688 0.060547 0.181641 0.058594 0.181641 0.050781 0.177734 0.046875 0.175781 0.046875 0.166016 0.037109 0.166016 0.035156 0.162109 0.031250 0.154297 0.031250 0.150391 0.035156 0.146484 0.035156 0.144531 0.037109 0.142578 0.037109 0.136719 0.031250 0.115234 0.031250 0.111328 0.035156 0.109375 0.035156 0.107422 0.037109 0.107422 0.039062 0.093750 0.052734 0.091797 0.050781 0.091797 0.044922 0.089844 0.042969 0.078125 0.042969 0.076172 0.041016 0.076172 0.035156 0.078125 0.033203 0.095703 0.033203 0.097656 0.031250 0.097656 0.017578 0.095703 0.015625 0.085938 0.015625 0.083984 0.013672 0.085938 0.011719 0.089844 0.011719 0.091797 0.009766 0.091797 0.000000