0 0.667969 0.968750 0.666016 0.970703 0.644531 0.970703 0.640625 0.974609 0.640625 0.976562 0.638672 0.978516 0.634766 0.978516 0.630859 0.982422 0.630859 0.984375 0.626953 0.988281 0.625000 0.988281 0.623047 0.990234 0.621094 0.990234 0.619141 0.992188 0.613281 0.992188 0.609375 0.996094 0.609375 0.998047 0.654297 0.998047 0.654297 0.990234 0.652344 0.988281 0.654297 0.986328 0.673828 0.986328 0.679688 0.980469 0.679688 0.972656 0.675781 0.968750
0 0.707031 0.953125 0.699219 0.960938 0.699219 0.968750 0.701172 0.970703 0.701172 0.972656 0.707031 0.978516 0.720703 0.978516 0.726562 0.972656 0.726562 0.960938 0.722656 0.957031 0.718750 0.957031 0.714844 0.953125
0 0.318359 0.943359 0.314453 0.947266 0.314453 0.955078 0.318359 0.958984 0.332031 0.958984 0.333984 0.960938 0.333984 0.966797 0.335938 0.968750 0.335938 0.974609 0.333984 0.976562 0.333984 0.978516 0.332031 0.980469 0.332031 0.984375 0.330078 0.986328 0.330078 0.994141 0.332031 0.996094 0.332031 0.998047 0.353516 0.998047 0.353516 0.978516 0.351562 0.976562 0.353516 0.974609 0.353516 0.970703 0.355469 0.968750 0.355469 0.964844 0.357422 0.962891 0.357422 0.953125 0.353516 0.949219 0.353516 0.947266 0.349609 0.943359
0 0.896484 0.939453 0.892578 0.943359 0.892578 0.957031 0.898438 0.962891 0.898438 0.980469 0.896484 0.982422 0.896484 0.990234 0.900391 0.994141 0.908203 0.994141 0.910156 0.996094 0.910156 0.998047 0.925781 0.998047 0.925781 0.988281 0.923828 0.986328 0.923828 0.982422 0.921875 0.980469 0.921875 0.970703 0.917969 0.966797 0.916016 0.966797 0.914062 0.964844 0.914062 0.958984 0.912109 0.957031 0.912109 0.943359 0.908203 0.939453
0 0.462891 0.914062 0.458984 0.917969 0.458984 0.927734 0.460938 0.929688 0.460938 0.937500 0.462891 0.939453 0.462891 0.943359 0.466797 0.947266 0.468750 0.947266 0.470703 0.949219 0.470703 0.951172 0.474609 0.955078 0.474609 0.970703 0.468750 0.976562 0.464844 0.976562 0.462891 0.978516 0.458984 0.978516 0.455078 0.982422 0.453125 0.982422 0.449219 0.986328 0.449219 0.998047 0.542969 0.998047 0.546875 0.994141 0.548828 0.994141 0.550781 0.992188 0.562500 0.992188 0.564453 0.990234 0.566406 0.990234 0.568359 0.988281 0.570312 0.988281 0.572266 0.986328 0.574219 0.986328 0.583984 0.976562 0.583984 0.960938 0.582031 0.958984 0.582031 0.957031 0.572266 0.947266 0.558594 0.947266 0.556641 0.949219 0.550781 0.949219 0.546875 0.953125 0.546875 0.957031 0.537109 0.966797 0.535156 0.966797 0.531250 0.962891 0.523438 0.962891 0.515625 0.970703 0.511719 0.970703 0.505859 0.976562 0.501953 0.972656 0.498047 0.972656 0.496094 0.970703 0.500000 0.966797 0.507812 0.966797 0.509766 0.964844 0.511719 0.964844 0.515625 0.960938 0.515625 0.951172 0.511719 0.947266 0.503906 0.947266 0.500000 0.951172 0.498047 0.951172 0.496094 0.953125 0.494141 0.951172 0.492188 0.951172 0.490234 0.949219 0.490234 0.947266 0.486328 0.943359 0.486328 0.941406 0.478516 0.933594 0.478516 0.931641 0.476562 0.929688 0.476562 0.919922 0.470703 0.914062
0 0.675781 0.861328 0.671875 0.865234 0.671875 0.875000 0.669922 0.876953 0.669922 0.878906 0.667969 0.880859 0.667969 0.892578 0.671875 0.896484 0.687500 0.896484 0.697266 0.886719 0.697266 0.873047 0.693359 0.869141 0.691406 0.869141 0.689453 0.867188 0.689453 0.865234 0.685547 0.861328
0 0.603516 0.855469 0.599609 0.859375 0.599609 0.869141 0.603516 0.873047 0.603516 0.875000 0.605469 0.876953 0.605469 0.880859 0.607422 0.882812 0.607422 0.884766 0.609375 0.886719 0.609375 0.888672 0.611328 0.890625 0.611328 0.892578 0.615234 0.896484 0.615234 0.898438 0.619141 0.902344 0.628906 0.902344 0.632812 0.898438 0.632812 0.890625 0.630859 0.888672 0.630859 0.886719 0.625000 0.880859 0.625000 0.878906 0.623047 0.876953 0.623047 0.873047 0.621094 0.871094 0.621094 0.869141 0.619141 0.867188 0.619141 0.863281 0.611328 0.855469
0 0.916016 0.843750 0.912109 0.847656 0.912109 0.855469 0.916016 0.859375 0.927734 0.859375 0.931641 0.855469 0.931641 0.847656 0.927734 0.843750
0 0.892578 0.832031 0.884766 0.839844 0.884766 0.841797 0.878906 0.847656 0.878906 0.855469 0.880859 0.857422 0.880859 0.865234 0.884766 0.869141 0.896484 0.869141 0.900391 0.865234 0.900391 0.863281 0.904297 0.859375 0.904297 0.857422 0.906250 0.855469 0.906250 0.847656 0.904297 0.845703 0.906250 0.843750 0.906250 0.835938 0.902344 0.832031
0 0.896484 0.791016 0.894531 0.792969 0.884766 0.792969 0.878906 0.798828 0.869141 0.798828 0.865234 0.802734 0.865234 0.810547 0.869141 0.814453 0.875000 0.814453 0.876953 0.816406 0.876953 0.824219 0.880859 0.828125 0.888672 0.828125 0.892578 0.824219 0.900391 0.824219 0.904297 0.820312 0.904297 0.816406 0.908203 0.812500 0.908203 0.794922 0.904297 0.791016
0 0.755859 0.748047 0.751953 0.751953 0.751953 0.761719 0.755859 0.765625 0.759766 0.765625 0.763672 0.769531 0.765625 0.769531 0.769531 0.773438 0.769531 0.777344 0.763672 0.783203 0.761719 0.783203 0.757812 0.787109 0.757812 0.791016 0.750000 0.798828 0.748047 0.798828 0.744141 0.802734 0.744141 0.810547 0.751953 0.818359 0.750000 0.820312 0.746094 0.820312 0.742188 0.824219 0.742188 0.832031 0.746094 0.835938 0.750000 0.835938 0.751953 0.837891 0.751953 0.847656 0.755859 0.851562 0.767578 0.851562 0.769531 0.853516 0.769531 0.857422 0.781250 0.869141 0.781250 0.873047 0.783203 0.875000 0.783203 0.876953 0.787109 0.880859 0.798828 0.880859 0.802734 0.876953 0.804688 0.876953 0.806641 0.878906 0.806641 0.880859 0.808594 0.882812 0.806641 0.884766 0.802734 0.884766 0.798828 0.888672 0.798828 0.890625 0.794922 0.894531 0.794922 0.896484 0.792969 0.898438 0.792969 0.906250 0.798828 0.912109 0.792969 0.917969 0.792969 0.925781 0.796875 0.929688 0.796875 0.935547 0.800781 0.939453 0.808594 0.939453 0.812500 0.935547 0.812500 0.927734 0.814453 0.925781 0.814453 0.917969 0.816406 0.916016 0.820312 0.919922 0.820312 0.921875 0.822266 0.923828 0.822266 0.933594 0.816406 0.939453 0.814453 0.939453 0.810547 0.943359 0.810547 0.957031 0.812500 0.958984 0.812500 0.962891 0.814453 0.964844 0.814453 0.966797 0.816406 0.968750 0.816406 0.976562 0.818359 0.978516 0.818359 0.980469 0.816406 0.982422 0.816406 0.984375 0.810547 0.990234 0.810547 0.998047 0.853516 0.998047 0.853516 0.974609 0.851562 0.972656 0.851562 0.968750 0.849609 0.966797 0.849609 0.964844 0.847656 0.962891 0.847656 0.960938 0.845703 0.958984 0.845703 0.957031 0.843750 0.955078 0.843750 0.949219 0.841797 0.947266 0.841797 0.941406 0.835938 0.935547 0.835938 0.933594 0.837891 0.931641 0.837891 0.923828 0.839844 0.921875 0.839844 0.916016 0.841797 0.914062 0.843750 0.914062 0.845703 0.912109 0.873047 0.912109 0.875000 0.910156 0.876953 0.910156 0.882812 0.904297 0.886719 0.904297 0.890625 0.900391 0.892578 0.900391 0.894531 0.898438 0.898438 0.898438 0.900391 0.896484 0.902344 0.898438 0.910156 0.898438 0.914062 0.894531 0.914062 0.884766 0.912109 0.882812 0.912109 0.878906 0.906250 0.873047 0.898438 0.873047 0.894531 0.876953 0.894531 0.878906 0.892578 0.880859 0.890625 0.880859 0.888672 0.882812 0.884766 0.882812 0.880859 0.886719 0.873047 0.886719 0.871094 0.888672 0.867188 0.888672 0.863281 0.892578 0.853516 0.892578 0.851562 0.890625 0.851562 0.884766 0.847656 0.880859 0.824219 0.880859 0.822266 0.878906 0.822266 0.869141 0.824219 0.867188 0.832031 0.867188 0.835938 0.863281 0.835938 0.851562 0.830078 0.845703 0.830078 0.841797 0.826172 0.837891 0.826172 0.835938 0.822266 0.832031 0.822266 0.830078 0.814453 0.822266 0.814453 0.816406 0.818359 0.812500 0.818359 0.794922 0.814453 0.791016 0.804688 0.791016 0.802734 0.792969 0.798828 0.792969 0.796875 0.794922 0.794922 0.794922 0.792969 0.796875 0.791016 0.796875 0.787109 0.800781 0.787109 0.802734 0.781250 0.808594 0.779297 0.808594 0.775391 0.812500 0.775391 0.822266 0.771484 0.826172 0.759766 0.826172 0.755859 0.822266 0.757812 0.820312 0.761719 0.820312 0.765625 0.816406 0.765625 0.810547 0.767578 0.808594 0.767578 0.806641 0.775391 0.798828 0.777344 0.798828 0.779297 0.796875 0.779297 0.794922 0.781250 0.792969 0.781250 0.791016 0.789062 0.783203 0.789062 0.779297 0.791016 0.777344 0.791016 0.769531 0.781250 0.759766 0.779297 0.759766 0.773438 0.753906 0.771484 0.753906 0.769531 0.751953 0.767578 0.751953 0.763672 0.748047
0 0.613281 0.687500 0.607422 0.693359 0.605469 0.691406 0.589844 0.691406 0.585938 0.695312 0.585938 0.697266 0.583984 0.699219 0.564453 0.699219 0.560547 0.703125 0.558594 0.703125 0.556641 0.705078 0.554688 0.705078 0.552734 0.707031 0.544922 0.707031 0.542969 0.708984 0.541016 0.708984 0.533203 0.716797 0.533203 0.718750 0.531250 0.720703 0.513672 0.720703 0.509766 0.724609 0.501953 0.724609 0.496094 0.730469 0.494141 0.730469 0.492188 0.732422 0.488281 0.732422 0.486328 0.734375 0.480469 0.734375 0.478516 0.736328 0.470703 0.736328 0.466797 0.740234 0.464844 0.740234 0.460938 0.744141 0.458984 0.744141 0.455078 0.748047 0.453125 0.748047 0.451172 0.750000 0.443359 0.750000 0.441406 0.751953 0.431641 0.751953 0.429688 0.753906 0.427734 0.753906 0.425781 0.755859 0.423828 0.755859 0.417969 0.761719 0.416016 0.761719 0.406250 0.771484 0.406250 0.773438 0.402344 0.777344 0.398438 0.773438 0.396484 0.773438 0.390625 0.767578 0.382812 0.767578 0.371094 0.779297 0.369141 0.779297 0.367188 0.781250 0.363281 0.781250 0.359375 0.785156 0.357422 0.783203 0.349609 0.783203 0.345703 0.787109 0.345703 0.789062 0.343750 0.791016 0.341797 0.791016 0.339844 0.789062 0.339844 0.787109 0.335938 0.783203 0.328125 0.783203 0.320312 0.791016 0.316406 0.791016 0.312500 0.794922 0.310547 0.794922 0.304688 0.800781 0.302734 0.800781 0.298828 0.804688 0.296875 0.804688 0.289062 0.812500 0.287109 0.812500 0.283203 0.808594 0.273438 0.808594 0.269531 0.812500 0.269531 0.814453 0.265625 0.818359 0.261719 0.818359 0.257812 0.822266 0.255859 0.822266 0.251953 0.826172 0.250000 0.826172 0.246094 0.830078 0.244141 0.830078 0.240234 0.826172 0.236328 0.826172 0.234375 0.824219 0.234375 0.814453 0.230469 0.810547 0.220703 0.810547 0.216797 0.814453 0.216797 0.818359 0.212891 0.822266 0.210938 0.822266 0.208984 0.824219 0.203125 0.824219 0.197266 0.830078 0.195312 0.830078 0.191406 0.833984 0.189453 0.833984 0.187500 0.835938 0.185547 0.835938 0.181641 0.839844 0.181641 0.849609 0.183594 0.851562 0.181641 0.853516 0.177734 0.853516 0.173828 0.857422 0.173828 0.867188 0.171875 0.869141 0.169922 0.867188 0.169922 0.863281 0.166016 0.859375 0.158203 0.859375 0.154297 0.863281 0.154297 0.867188 0.152344 0.869141 0.136719 0.869141 0.134766 0.867188 0.134766 0.859375 0.132812 0.857422 0.132812 0.855469 0.128906 0.851562 0.119141 0.851562 0.109375 0.861328 0.101562 0.861328 0.097656 0.865234 0.095703 0.863281 0.085938 0.863281 0.083984 0.865234 0.082031 0.865234 0.080078 0.867188 0.078125 0.867188 0.076172 0.869141 0.074219 0.869141 0.068359 0.875000 0.066406 0.875000 0.066406 0.876953 0.064453 0.878906 0.062500 0.878906 0.060547 0.880859 0.058594 0.880859 0.054688 0.884766 0.052734 0.884766 0.046875 0.890625 0.042969 0.890625 0.041016 0.892578 0.039062 0.892578 0.037109 0.894531 0.029297 0.894531 0.025391 0.898438 0.015625 0.898438 0.011719 0.902344 0.011719 0.904297 0.009766 0.906250 0.000000 0.906250 0.000000 0.998047 0.041016 0.998047 0.041016 0.984375 0.039062 0.982422 0.039062 0.980469 0.037109 0.978516 0.037109 0.972656 0.033203 0.968750 0.031250 0.968750 0.029297 0.966797 0.029297 0.949219 0.031250 0.947266 0.031250 0.935547 0.029297 0.933594 0.029297 0.931641 0.027344 0.929688 0.027344 0.927734 0.029297 0.925781 0.029297 0.923828 0.031250 0.921875 0.035156 0.921875 0.039062 0.925781 0.039062 0.927734 0.037109 0.929688 0.037109 0.943359 0.039062 0.945312 0.039062 0.947266 0.041016 0.949219 0.041016 0.951172 0.044922 0.955078 0.044922 0.957031 0.048828 0.960938 0.056641 0.960938 0.060547 0.957031 0.060547 0.949219 0.058594 0.947266 0.058594 0.945312 0.056641 0.943359 0.056641 0.939453 0.054688 0.937500 0.054688 0.935547 0.056641 0.933594 0.058594 0.933594 0.060547 0.931641 0.062500 0.933594 0.062500 0.939453 0.066406 0.943359 0.087891 0.943359 0.091797 0.939453 0.093750 0.939453 0.097656 0.935547 0.099609 0.935547 0.105469 0.929688 0.105469 0.916016 0.103516 0.914062 0.103516 0.912109 0.105469 0.910156 0.113281 0.917969 0.128906 0.917969 0.130859 0.916016 0.132812 0.916016 0.134766 0.914062 0.140625 0.919922 0.166016 0.919922 0.173828 0.912109 0.173828 0.910156 0.175781 0.908203 0.175781 0.894531 0.171875 0.890625 0.171875 0.886719 0.173828 0.884766 0.183594 0.884766 0.193359 0.875000 0.193359 0.859375 0.189453 0.855469 0.191406 0.853516 0.193359 0.853516 0.195312 0.851562 0.197266 0.851562 0.199219 0.853516 0.199219 0.871094 0.203125 0.875000 0.208984 0.875000 0.214844 0.880859 0.230469 0.880859 0.234375 0.876953 0.234375 0.867188 0.232422 0.865234 0.234375 0.863281 0.251953 0.863281 0.253906 0.865234 0.261719 0.865234 0.265625 0.861328 0.263672 0.859375 0.263672 0.855469 0.265625 0.853516 0.265625 0.847656 0.269531 0.843750 0.273438 0.843750 0.277344 0.839844 0.294922 0.839844 0.296875 0.841797 0.294922 0.843750 0.289062 0.843750 0.285156 0.847656 0.285156 0.855469 0.287109 0.857422 0.287109 0.861328 0.292969 0.867188 0.300781 0.867188 0.302734 0.869141 0.298828 0.873047 0.298828 0.880859 0.302734 0.884766 0.304688 0.884766 0.308594 0.888672 0.316406 0.888672 0.318359 0.890625 0.320312 0.890625 0.322266 0.892578 0.322266 0.894531 0.320312 0.896484 0.318359 0.896484 0.314453 0.900391 0.314453 0.914062 0.316406 0.916016 0.316406 0.917969 0.318359 0.919922 0.318359 0.929688 0.322266 0.933594 0.333984 0.933594 0.335938 0.931641 0.339844 0.931641 0.345703 0.925781 0.349609 0.925781 0.353516 0.921875 0.357422 0.921875 0.359375 0.919922 0.361328 0.919922 0.363281 0.917969 0.365234 0.919922 0.365234 0.921875 0.369141 0.925781 0.376953 0.925781 0.380859 0.921875 0.380859 0.914062 0.378906 0.912109 0.382812 0.908203 0.382812 0.898438 0.380859 0.896484 0.380859 0.894531 0.375000 0.888672 0.375000 0.886719 0.376953 0.884766 0.380859 0.884766 0.382812 0.882812 0.386719 0.882812 0.388672 0.880859 0.392578 0.884766 0.392578 0.886719 0.394531 0.888672 0.394531 0.890625 0.392578 0.892578 0.392578 0.898438 0.386719 0.904297 0.386719 0.912109 0.392578 0.917969 0.392578 0.925781 0.396484 0.929688 0.404297 0.929688 0.406250 0.927734 0.408203 0.927734 0.410156 0.929688 0.419922 0.929688 0.423828 0.925781 0.423828 0.917969 0.431641 0.910156 0.433594 0.910156 0.437500 0.914062 0.437500 0.916016 0.441406 0.919922 0.451172 0.919922 0.455078 0.916016 0.455078 0.912109 0.457031 0.910156 0.460938 0.910156 0.464844 0.906250 0.464844 0.894531 0.462891 0.892578 0.464844 0.890625 0.464844 0.873047 0.466797 0.871094 0.466797 0.851562 0.468750 0.849609 0.472656 0.849609 0.474609 0.851562 0.486328 0.851562 0.488281 0.849609 0.496094 0.849609 0.501953 0.843750 0.503906 0.843750 0.511719 0.835938 0.513672 0.835938 0.517578 0.839844 0.533203 0.839844 0.535156 0.841797 0.535156 0.843750 0.539062 0.847656 0.548828 0.847656 0.552734 0.843750 0.558594 0.843750 0.562500 0.847656 0.572266 0.847656 0.576172 0.843750 0.576172 0.835938 0.574219 0.833984 0.574219 0.832031 0.572266 0.830078 0.574219 0.828125 0.582031 0.828125 0.583984 0.826172 0.587891 0.830078 0.597656 0.830078 0.599609 0.828125 0.617188 0.828125 0.621094 0.824219 0.621094 0.810547 0.615234 0.804688 0.613281 0.804688 0.611328 0.802734 0.613281 0.800781 0.613281 0.783203 0.609375 0.779297 0.601562 0.779297 0.597656 0.783203 0.587891 0.783203 0.582031 0.789062 0.580078 0.789062 0.578125 0.791016 0.576172 0.791016 0.572266 0.787109 0.564453 0.787109 0.560547 0.791016 0.558594 0.791016 0.552734 0.796875 0.550781 0.794922 0.550781 0.791016 0.552734 0.789062 0.552734 0.787109 0.556641 0.783203 0.564453 0.783203 0.566406 0.781250 0.576172 0.781250 0.580078 0.777344 0.580078 0.775391 0.582031 0.773438 0.582031 0.746094 0.580078 0.744141 0.582031 0.742188 0.583984 0.742188 0.585938 0.740234 0.589844 0.740234 0.593750 0.736328 0.593750 0.734375 0.595703 0.732422 0.650391 0.732422 0.654297 0.728516 0.654297 0.708984 0.652344 0.707031 0.652344 0.705078 0.648438 0.701172 0.646484 0.701172 0.644531 0.699219 0.640625 0.699219 0.628906 0.687500
0 0.992188 0.628906 0.988281 0.632812 0.988281 0.634766 0.984375 0.638672 0.984375 0.642578 0.976562 0.650391 0.976562 0.658203 0.980469 0.662109 0.994141 0.662109 0.996094 0.664062 0.998047 0.664062 0.998047 0.628906
0 0.851562 0.613281 0.849609 0.615234 0.839844 0.615234 0.837891 0.617188 0.833984 0.617188 0.830078 0.621094 0.826172 0.621094 0.822266 0.625000 0.814453 0.625000 0.812500 0.626953 0.794922 0.626953 0.792969 0.628906 0.789062 0.628906 0.787109 0.630859 0.781250 0.630859 0.779297 0.632812 0.773438 0.632812 0.771484 0.634766 0.769531 0.634766 0.767578 0.636719 0.763672 0.636719 0.759766 0.640625 0.742188 0.640625 0.738281 0.644531 0.738281 0.646484 0.730469 0.654297 0.730469 0.656250 0.726562 0.660156 0.720703 0.660156 0.716797 0.664062 0.716797 0.667969 0.712891 0.671875 0.710938 0.671875 0.707031 0.675781 0.707031 0.683594 0.708984 0.685547 0.708984 0.695312 0.707031 0.697266 0.707031 0.701172 0.705078 0.703125 0.705078 0.712891 0.701172 0.716797 0.701172 0.724609 0.703125 0.726562 0.703125 0.728516 0.699219 0.732422 0.699219 0.740234 0.703125 0.744141 0.708984 0.744141 0.712891 0.748047 0.712891 0.750000 0.708984 0.753906 0.708984 0.761719 0.710938 0.763672 0.710938 0.777344 0.714844 0.781250 0.732422 0.781250 0.738281 0.775391 0.740234 0.775391 0.744141 0.771484 0.744141 0.763672 0.740234 0.759766 0.738281 0.759766 0.732422 0.753906 0.732422 0.738281 0.734375 0.736328 0.744141 0.736328 0.746094 0.734375 0.753906 0.734375 0.755859 0.732422 0.761719 0.732422 0.765625 0.728516 0.765625 0.718750 0.759766 0.712891 0.757812 0.712891 0.755859 0.710938 0.755859 0.705078 0.751953 0.701172 0.751953 0.699219 0.750000 0.697266 0.750000 0.693359 0.746094 0.689453 0.746094 0.687500 0.750000 0.683594 0.763672 0.683594 0.765625 0.681641 0.769531 0.681641 0.773438 0.677734 0.773438 0.675781 0.775391 0.673828 0.775391 0.660156 0.777344 0.658203 0.798828 0.658203 0.800781 0.656250 0.804688 0.656250 0.806641 0.654297 0.812500 0.654297 0.814453 0.652344 0.816406 0.652344 0.818359 0.650391 0.820312 0.650391 0.822266 0.648438 0.824219 0.648438 0.826172 0.646484 0.832031 0.646484 0.833984 0.644531 0.841797 0.644531 0.843750 0.642578 0.847656 0.642578 0.849609 0.640625 0.851562 0.640625 0.853516 0.638672 0.855469 0.638672 0.857422 0.636719 0.865234 0.636719 0.869141 0.640625 0.876953 0.640625 0.880859 0.636719 0.880859 0.617188 0.876953 0.613281
0 0.990234 0.597656 0.988281 0.599609 0.982422 0.599609 0.978516 0.603516 0.970703 0.603516 0.966797 0.607422 0.966797 0.623047 0.968750 0.625000 0.968750 0.626953 0.972656 0.630859 0.980469 0.630859 0.986328 0.625000 0.994141 0.625000 0.998047 0.621094 0.998047 0.597656
0 0.000000 0.587891 0.000000 0.632812 0.005859 0.632812 0.011719 0.626953 0.017578 0.626953 0.019531 0.625000 0.021484 0.625000 0.023438 0.623047 0.031250 0.623047 0.035156 0.619141 0.041016 0.619141 0.046875 0.613281 0.048828 0.615234 0.056641 0.615234 0.058594 0.613281 0.062500 0.613281 0.064453 0.611328 0.068359 0.611328 0.070312 0.609375 0.080078 0.609375 0.082031 0.607422 0.089844 0.607422 0.091797 0.605469 0.095703 0.605469 0.097656 0.603516 0.105469 0.603516 0.109375 0.599609 0.109375 0.591797 0.105469 0.587891 0.093750 0.587891 0.091797 0.589844 0.082031 0.589844 0.080078 0.591797 0.072266 0.591797 0.070312 0.593750 0.060547 0.593750 0.058594 0.595703 0.056641 0.595703 0.054688 0.597656 0.050781 0.597656 0.048828 0.599609 0.046875 0.597656 0.033203 0.597656 0.029297 0.593750 0.017578 0.593750 0.013672 0.589844 0.011719 0.589844 0.009766 0.587891
0 0.421875 0.558594 0.417969 0.562500 0.416016 0.562500 0.414062 0.564453 0.412109 0.564453 0.408203 0.568359 0.406250 0.568359 0.402344 0.572266 0.400391 0.572266 0.396484 0.576172 0.396484 0.580078 0.394531 0.582031 0.390625 0.582031 0.388672 0.583984 0.386719 0.583984 0.384766 0.582031 0.384766 0.578125 0.378906 0.572266 0.371094 0.572266 0.369141 0.574219 0.365234 0.574219 0.363281 0.576172 0.361328 0.576172 0.359375 0.574219 0.357422 0.574219 0.355469 0.572266 0.347656 0.572266 0.347656 0.574219 0.341797 0.580078 0.341797 0.582031 0.339844 0.583984 0.335938 0.583984 0.332031 0.587891 0.330078 0.587891 0.328125 0.589844 0.326172 0.589844 0.324219 0.591797 0.320312 0.591797 0.318359 0.593750 0.316406 0.591797 0.314453 0.591797 0.312500 0.593750 0.308594 0.593750 0.306641 0.591797 0.302734 0.595703 0.300781 0.595703 0.300781 0.601562 0.298828 0.603516 0.296875 0.601562 0.287109 0.601562 0.283203 0.605469 0.283203 0.609375 0.281250 0.611328 0.281250 0.619141 0.283203 0.621094 0.281250 0.623047 0.273438 0.623047 0.271484 0.625000 0.269531 0.625000 0.267578 0.623047 0.253906 0.623047 0.251953 0.625000 0.250000 0.625000 0.248047 0.623047 0.238281 0.623047 0.226562 0.634766 0.222656 0.630859 0.212891 0.630859 0.207031 0.636719 0.207031 0.638672 0.205078 0.640625 0.191406 0.640625 0.187500 0.644531 0.185547 0.644531 0.183594 0.646484 0.179688 0.646484 0.177734 0.644531 0.177734 0.646484 0.171875 0.652344 0.164062 0.652344 0.158203 0.658203 0.148438 0.658203 0.144531 0.662109 0.140625 0.662109 0.138672 0.660156 0.136719 0.662109 0.132812 0.662109 0.128906 0.666016 0.125000 0.666016 0.121094 0.669922 0.117188 0.669922 0.115234 0.667969 0.109375 0.673828 0.105469 0.673828 0.101562 0.677734 0.093750 0.677734 0.085938 0.685547 0.074219 0.685547 0.068359 0.691406 0.066406 0.691406 0.064453 0.693359 0.062500 0.693359 0.060547 0.695312 0.056641 0.695312 0.054688 0.697266 0.050781 0.697266 0.048828 0.699219 0.041016 0.699219 0.031250 0.708984 0.023438 0.708984 0.021484 0.710938 0.017578 0.710938 0.015625 0.712891 0.013672 0.712891 0.005859 0.720703 0.000000 0.720703 0.000000 0.757812 0.001953 0.759766 0.009766 0.759766 0.011719 0.757812 0.015625 0.757812 0.021484 0.751953 0.025391 0.751953 0.027344 0.750000 0.029297 0.750000 0.033203 0.746094 0.037109 0.746094 0.041016 0.742188 0.041016 0.738281 0.042969 0.736328 0.050781 0.736328 0.054688 0.732422 0.064453 0.732422 0.070312 0.726562 0.076172 0.726562 0.080078 0.722656 0.082031 0.722656 0.087891 0.716797 0.091797 0.716797 0.095703 0.712891 0.107422 0.712891 0.111328 0.708984 0.113281 0.708984 0.119141 0.703125 0.123047 0.703125 0.126953 0.699219 0.130859 0.699219 0.132812 0.697266 0.134766 0.697266 0.136719 0.695312 0.144531 0.695312 0.146484 0.693359 0.154297 0.693359 0.156250 0.691406 0.158203 0.691406 0.160156 0.689453 0.166016 0.689453 0.167969 0.687500 0.169922 0.687500 0.175781 0.681641 0.179688 0.681641 0.183594 0.677734 0.187500 0.677734 0.189453 0.675781 0.191406 0.675781 0.193359 0.673828 0.199219 0.673828 0.201172 0.671875 0.205078 0.671875 0.207031 0.669922 0.210938 0.669922 0.214844 0.666016 0.218750 0.666016 0.222656 0.662109 0.226562 0.662109 0.228516 0.664062 0.230469 0.662109 0.232422 0.662109 0.234375 0.660156 0.238281 0.660156 0.242188 0.656250 0.250000 0.656250 0.253906 0.652344 0.259766 0.652344 0.267578 0.644531 0.273438 0.644531 0.275391 0.642578 0.277344 0.642578 0.279297 0.640625 0.281250 0.640625 0.283203 0.638672 0.291016 0.638672 0.292969 0.636719 0.296875 0.636719 0.302734 0.630859 0.306641 0.630859 0.308594 0.628906 0.314453 0.628906 0.316406 0.626953 0.322266 0.626953 0.324219 0.625000 0.328125 0.625000 0.330078 0.623047 0.333984 0.623047 0.335938 0.625000 0.337891 0.623047 0.341797 0.623047 0.343750 0.621094 0.345703 0.621094 0.347656 0.619141 0.353516 0.619141 0.357422 0.615234 0.359375 0.615234 0.361328 0.613281 0.363281 0.613281 0.365234 0.611328 0.369141 0.611328 0.371094 0.609375 0.373047 0.609375 0.375000 0.607422 0.378906 0.607422 0.380859 0.605469 0.382812 0.605469 0.386719 0.601562 0.392578 0.601562 0.394531 0.599609 0.400391 0.599609 0.402344 0.597656 0.408203 0.597656 0.412109 0.593750 0.416016 0.593750 0.417969 0.591797 0.419922 0.591797 0.421875 0.589844 0.423828 0.589844 0.427734 0.585938 0.435547 0.585938 0.441406 0.580078 0.445312 0.580078 0.447266 0.582031 0.455078 0.582031 0.458984 0.578125 0.458984 0.570312 0.455078 0.566406 0.453125 0.566406 0.451172 0.564453 0.443359 0.564453 0.439453 0.560547 0.433594 0.560547 0.431641 0.558594
0 0.976562 0.414062 0.964844 0.425781 0.964844 0.427734 0.962891 0.429688 0.955078 0.429688 0.947266 0.437500 0.945312 0.435547 0.935547 0.435547 0.923828 0.447266 0.917969 0.447266 0.910156 0.455078 0.910156 0.457031 0.908203 0.458984 0.906250 0.457031 0.906250 0.455078 0.902344 0.451172 0.894531 0.451172 0.890625 0.455078 0.890625 0.457031 0.888672 0.458984 0.888672 0.460938 0.886719 0.462891 0.882812 0.458984 0.871094 0.458984 0.869141 0.460938 0.867188 0.460938 0.865234 0.462891 0.855469 0.462891 0.853516 0.464844 0.849609 0.464844 0.839844 0.474609 0.837891 0.474609 0.833984 0.478516 0.832031 0.478516 0.828125 0.482422 0.818359 0.482422 0.816406 0.484375 0.814453 0.484375 0.812500 0.486328 0.804688 0.486328 0.802734 0.488281 0.798828 0.488281 0.787109 0.500000 0.783203 0.500000 0.779297 0.503906 0.773438 0.503906 0.771484 0.505859 0.769531 0.503906 0.769531 0.501953 0.765625 0.498047 0.757812 0.498047 0.753906 0.501953 0.751953 0.501953 0.750000 0.503906 0.748047 0.503906 0.746094 0.505859 0.744141 0.505859 0.740234 0.509766 0.738281 0.507812 0.728516 0.507812 0.726562 0.509766 0.722656 0.509766 0.718750 0.513672 0.716797 0.513672 0.707031 0.523438 0.705078 0.523438 0.701172 0.527344 0.699219 0.527344 0.695312 0.531250 0.683594 0.531250 0.681641 0.533203 0.671875 0.533203 0.669922 0.535156 0.667969 0.535156 0.664062 0.539062 0.652344 0.539062 0.648438 0.542969 0.646484 0.541016 0.638672 0.541016 0.636719 0.542969 0.632812 0.542969 0.626953 0.548828 0.617188 0.548828 0.613281 0.552734 0.613281 0.556641 0.609375 0.560547 0.601562 0.560547 0.599609 0.558594 0.591797 0.558594 0.589844 0.560547 0.585938 0.560547 0.583984 0.562500 0.582031 0.562500 0.578125 0.566406 0.574219 0.566406 0.572266 0.568359 0.568359 0.568359 0.566406 0.570312 0.560547 0.570312 0.558594 0.572266 0.556641 0.572266 0.554688 0.574219 0.542969 0.574219 0.539062 0.578125 0.533203 0.578125 0.527344 0.583984 0.523438 0.583984 0.519531 0.587891 0.517578 0.587891 0.513672 0.591797 0.511719 0.591797 0.509766 0.593750 0.503906 0.593750 0.501953 0.595703 0.500000 0.595703 0.496094 0.599609 0.494141 0.599609 0.492188 0.601562 0.476562 0.601562 0.472656 0.605469 0.472656 0.607422 0.470703 0.609375 0.468750 0.607422 0.468750 0.601562 0.464844 0.597656 0.457031 0.597656 0.453125 0.601562 0.451172 0.601562 0.447266 0.605469 0.447266 0.613281 0.443359 0.617188 0.435547 0.617188 0.433594 0.619141 0.431641 0.619141 0.427734 0.623047 0.427734 0.628906 0.425781 0.630859 0.423828 0.630859 0.419922 0.626953 0.417969 0.626953 0.414062 0.623047 0.406250 0.623047 0.402344 0.626953 0.398438 0.626953 0.394531 0.630859 0.394531 0.636719 0.392578 0.638672 0.388672 0.638672 0.386719 0.640625 0.380859 0.640625 0.375000 0.646484 0.373047 0.644531 0.357422 0.644531 0.355469 0.646484 0.353516 0.646484 0.349609 0.650391 0.349609 0.652344 0.347656 0.654297 0.341797 0.654297 0.339844 0.656250 0.337891 0.656250 0.335938 0.658203 0.322266 0.658203 0.318359 0.662109 0.318359 0.664062 0.316406 0.666016 0.314453 0.666016 0.310547 0.662109 0.302734 0.662109 0.300781 0.664062 0.298828 0.664062 0.294922 0.667969 0.294922 0.673828 0.292969 0.675781 0.289062 0.675781 0.287109 0.677734 0.265625 0.677734 0.263672 0.679688 0.257812 0.679688 0.253906 0.683594 0.248047 0.683594 0.246094 0.685547 0.240234 0.685547 0.236328 0.689453 0.232422 0.689453 0.230469 0.691406 0.228516 0.691406 0.226562 0.693359 0.224609 0.693359 0.222656 0.695312 0.220703 0.695312 0.216797 0.699219 0.201172 0.699219 0.195312 0.705078 0.179688 0.705078 0.173828 0.710938 0.169922 0.710938 0.167969 0.712891 0.166016 0.712891 0.164062 0.714844 0.162109 0.714844 0.158203 0.718750 0.152344 0.718750 0.150391 0.720703 0.144531 0.720703 0.142578 0.722656 0.140625 0.722656 0.138672 0.724609 0.134766 0.724609 0.132812 0.726562 0.128906 0.726562 0.126953 0.728516 0.121094 0.728516 0.119141 0.730469 0.117188 0.730469 0.115234 0.732422 0.105469 0.732422 0.101562 0.736328 0.095703 0.736328 0.091797 0.740234 0.089844 0.740234 0.087891 0.742188 0.082031 0.742188 0.080078 0.744141 0.078125 0.744141 0.076172 0.746094 0.072266 0.746094 0.070312 0.748047 0.068359 0.748047 0.066406 0.750000 0.064453 0.750000 0.058594 0.755859 0.056641 0.755859 0.054688 0.757812 0.052734 0.757812 0.050781 0.759766 0.048828 0.759766 0.042969 0.765625 0.037109 0.765625 0.035156 0.767578 0.033203 0.767578 0.025391 0.775391 0.023438 0.775391 0.015625 0.783203 0.013672 0.781250 0.013672 0.779297 0.009766 0.775391 0.001953 0.775391 0.000000 0.777344 0.000000 0.808594 0.011719 0.808594 0.013672 0.806641 0.015625 0.806641 0.017578 0.804688 0.019531 0.804688 0.023438 0.800781 0.033203 0.800781 0.037109 0.796875 0.039062 0.796875 0.041016 0.794922 0.044922 0.794922 0.046875 0.792969 0.048828 0.792969 0.050781 0.791016 0.058594 0.791016 0.064453 0.785156 0.068359 0.785156 0.072266 0.781250 0.074219 0.783203 0.074219 0.791016 0.078125 0.794922 0.101562 0.794922 0.105469 0.791016 0.105469 0.789062 0.109375 0.785156 0.121094 0.785156 0.125000 0.781250 0.125000 0.779297 0.126953 0.777344 0.130859 0.777344 0.132812 0.775391 0.140625 0.775391 0.142578 0.773438 0.146484 0.773438 0.148438 0.771484 0.150391 0.771484 0.152344 0.769531 0.154297 0.769531 0.156250 0.767578 0.160156 0.767578 0.162109 0.765625 0.166016 0.765625 0.167969 0.763672 0.171875 0.763672 0.175781 0.759766 0.177734 0.759766 0.181641 0.755859 0.183594 0.755859 0.185547 0.753906 0.187500 0.753906 0.189453 0.751953 0.195312 0.751953 0.197266 0.750000 0.203125 0.750000 0.205078 0.748047 0.212891 0.748047 0.214844 0.746094 0.220703 0.746094 0.222656 0.744141 0.226562 0.744141 0.230469 0.740234 0.232422 0.740234 0.236328 0.736328 0.240234 0.736328 0.242188 0.734375 0.244141 0.734375 0.248047 0.730469 0.251953 0.730469 0.255859 0.726562 0.267578 0.726562 0.269531 0.724609 0.277344 0.724609 0.281250 0.720703 0.287109 0.720703 0.289062 0.718750 0.291016 0.718750 0.292969 0.716797 0.296875 0.716797 0.298828 0.714844 0.300781 0.714844 0.302734 0.712891 0.308594 0.712891 0.312500 0.708984 0.318359 0.708984 0.320312 0.707031 0.324219 0.707031 0.326172 0.705078 0.339844 0.705078 0.349609 0.695312 0.359375 0.695312 0.363281 0.691406 0.369141 0.691406 0.371094 0.689453 0.373047 0.689453 0.375000 0.687500 0.382812 0.687500 0.384766 0.685547 0.388672 0.685547 0.390625 0.683594 0.394531 0.683594 0.396484 0.681641 0.408203 0.681641 0.410156 0.679688 0.417969 0.679688 0.419922 0.677734 0.429688 0.677734 0.431641 0.675781 0.437500 0.675781 0.439453 0.673828 0.443359 0.673828 0.447266 0.669922 0.457031 0.669922 0.460938 0.666016 0.462891 0.666016 0.464844 0.664062 0.472656 0.664062 0.474609 0.662109 0.480469 0.662109 0.482422 0.660156 0.488281 0.660156 0.490234 0.658203 0.492188 0.658203 0.494141 0.656250 0.509766 0.656250 0.511719 0.654297 0.519531 0.654297 0.521484 0.652344 0.525391 0.652344 0.531250 0.646484 0.537109 0.646484 0.539062 0.644531 0.541016 0.644531 0.542969 0.642578 0.546875 0.642578 0.550781 0.638672 0.552734 0.638672 0.556641 0.634766 0.560547 0.634766 0.566406 0.628906 0.568359 0.628906 0.572266 0.625000 0.587891 0.625000 0.589844 0.623047 0.593750 0.623047 0.595703 0.621094 0.597656 0.621094 0.599609 0.619141 0.601562 0.619141 0.603516 0.617188 0.628906 0.617188 0.632812 0.613281 0.632812 0.611328 0.638672 0.605469 0.638672 0.595703 0.640625 0.593750 0.648438 0.593750 0.650391 0.595703 0.658203 0.595703 0.664062 0.589844 0.675781 0.589844 0.681641 0.583984 0.687500 0.583984 0.691406 0.580078 0.695312 0.580078 0.697266 0.578125 0.699219 0.578125 0.701172 0.576172 0.703125 0.576172 0.705078 0.574219 0.708984 0.574219 0.710938 0.572266 0.712891 0.572266 0.716797 0.568359 0.728516 0.568359 0.734375 0.562500 0.734375 0.556641 0.736328 0.554688 0.738281 0.556641 0.738281 0.560547 0.742188 0.564453 0.767578 0.564453 0.777344 0.554688 0.779297 0.554688 0.783203 0.558594 0.808594 0.558594 0.810547 0.556641 0.812500 0.556641 0.814453 0.554688 0.818359 0.554688 0.822266 0.550781 0.824219 0.550781 0.826172 0.548828 0.833984 0.548828 0.835938 0.546875 0.837891 0.546875 0.839844 0.544922 0.841797 0.544922 0.843750 0.542969 0.845703 0.542969 0.847656 0.541016 0.851562 0.541016 0.853516 0.539062 0.857422 0.539062 0.859375 0.537109 0.863281 0.537109 0.865234 0.535156 0.867188 0.535156 0.873047 0.529297 0.875000 0.529297 0.876953 0.527344 0.878906 0.527344 0.882812 0.523438 0.884766 0.523438 0.888672 0.519531 0.888672 0.509766 0.890625 0.507812 0.890625 0.494141 0.892578 0.492188 0.898438 0.492188 0.904297 0.498047 0.914062 0.498047 0.917969 0.494141 0.917969 0.492188 0.919922 0.490234 0.919922 0.488281 0.921875 0.486328 0.929688 0.486328 0.931641 0.484375 0.933594 0.484375 0.937500 0.480469 0.941406 0.480469 0.943359 0.482422 0.931641 0.494141 0.931641 0.501953 0.935547 0.505859 0.943359 0.505859 0.945312 0.503906 0.947266 0.503906 0.949219 0.501953 0.957031 0.501953 0.960938 0.498047 0.962891 0.498047 0.966797 0.494141 0.974609 0.494141 0.976562 0.492188 0.982422 0.492188 0.984375 0.490234 0.986328 0.490234 0.990234 0.486328 0.990234 0.476562 0.986328 0.472656 0.978516 0.472656 0.976562 0.474609 0.974609 0.474609 0.972656 0.476562 0.966797 0.476562 0.964844 0.478516 0.958984 0.478516 0.957031 0.480469 0.953125 0.480469 0.951172 0.478516 0.953125 0.476562 0.955078 0.476562 0.958984 0.472656 0.958984 0.470703 0.960938 0.468750 0.962891 0.468750 0.964844 0.466797 0.972656 0.466797 0.974609 0.464844 0.986328 0.464844 0.990234 0.468750 0.998047 0.468750 0.998047 0.416016 0.990234 0.416016 0.988281 0.417969 0.984375 0.414062
0 0.804688 0.410156 0.800781 0.414062 0.794922 0.414062 0.792969 0.416016 0.789062 0.416016 0.787109 0.417969 0.783203 0.417969 0.781250 0.419922 0.779297 0.419922 0.777344 0.421875 0.775391 0.421875 0.771484 0.425781 0.769531 0.425781 0.765625 0.429688 0.763672 0.429688 0.759766 0.433594 0.755859 0.429688 0.746094 0.429688 0.742188 0.433594 0.742188 0.435547 0.736328 0.441406 0.728516 0.441406 0.726562 0.443359 0.722656 0.443359 0.720703 0.441406 0.712891 0.441406 0.708984 0.445312 0.708984 0.449219 0.707031 0.451172 0.705078 0.451172 0.703125 0.453125 0.697266 0.453125 0.691406 0.458984 0.687500 0.458984 0.685547 0.460938 0.683594 0.460938 0.681641 0.462891 0.677734 0.462891 0.666016 0.474609 0.664062 0.474609 0.658203 0.468750 0.650391 0.468750 0.646484 0.472656 0.646484 0.474609 0.644531 0.476562 0.642578 0.476562 0.640625 0.478516 0.638672 0.478516 0.634766 0.474609 0.625000 0.474609 0.621094 0.478516 0.621094 0.484375 0.617188 0.488281 0.611328 0.488281 0.609375 0.490234 0.603516 0.490234 0.599609 0.486328 0.591797 0.486328 0.587891 0.490234 0.587891 0.492188 0.585938 0.494141 0.582031 0.494141 0.578125 0.498047 0.576172 0.498047 0.570312 0.503906 0.570312 0.511719 0.568359 0.513672 0.562500 0.513672 0.558594 0.517578 0.556641 0.515625 0.542969 0.515625 0.541016 0.517578 0.537109 0.517578 0.533203 0.521484 0.515625 0.521484 0.511719 0.525391 0.511719 0.537109 0.509766 0.539062 0.509766 0.541016 0.507812 0.542969 0.507812 0.544922 0.505859 0.546875 0.505859 0.558594 0.509766 0.562500 0.517578 0.562500 0.521484 0.558594 0.531250 0.558594 0.535156 0.554688 0.537109 0.554688 0.542969 0.548828 0.560547 0.548828 0.564453 0.544922 0.564453 0.541016 0.566406 0.539062 0.572266 0.539062 0.574219 0.537109 0.576172 0.537109 0.578125 0.539062 0.578125 0.542969 0.582031 0.546875 0.589844 0.546875 0.595703 0.541016 0.595703 0.539062 0.599609 0.535156 0.609375 0.535156 0.613281 0.531250 0.615234 0.531250 0.617188 0.529297 0.619141 0.529297 0.623047 0.525391 0.628906 0.525391 0.632812 0.521484 0.634766 0.521484 0.638672 0.517578 0.642578 0.517578 0.646484 0.513672 0.648438 0.513672 0.662109 0.500000 0.664062 0.500000 0.666016 0.498047 0.669922 0.498047 0.671875 0.496094 0.675781 0.496094 0.677734 0.494141 0.683594 0.494141 0.685547 0.492188 0.689453 0.492188 0.691406 0.490234 0.695312 0.490234 0.697266 0.488281 0.699219 0.490234 0.707031 0.490234 0.710938 0.486328 0.712891 0.486328 0.714844 0.484375 0.722656 0.484375 0.728516 0.478516 0.736328 0.478516 0.740234 0.474609 0.746094 0.474609 0.748047 0.472656 0.751953 0.472656 0.757812 0.466797 0.765625 0.466797 0.767578 0.464844 0.781250 0.464844 0.785156 0.460938 0.791016 0.460938 0.796875 0.455078 0.798828 0.455078 0.804688 0.449219 0.814453 0.449219 0.818359 0.445312 0.818359 0.437500 0.816406 0.435547 0.816406 0.429688 0.822266 0.423828 0.822266 0.414062 0.818359 0.410156
0 0.970703 0.312500 0.962891 0.320312 0.962891 0.328125 0.964844 0.330078 0.964844 0.332031 0.962891 0.333984 0.960938 0.333984 0.953125 0.341797 0.953125 0.345703 0.947266 0.351562 0.947266 0.355469 0.945312 0.357422 0.927734 0.357422 0.917969 0.367188 0.914062 0.367188 0.912109 0.365234 0.904297 0.365234 0.900391 0.369141 0.900391 0.376953 0.902344 0.378906 0.902344 0.394531 0.900391 0.396484 0.898438 0.396484 0.894531 0.400391 0.892578 0.398438 0.892578 0.392578 0.890625 0.390625 0.890625 0.388672 0.896484 0.382812 0.896484 0.375000 0.892578 0.371094 0.882812 0.371094 0.873047 0.380859 0.867188 0.380859 0.865234 0.378906 0.857422 0.378906 0.851562 0.384766 0.849609 0.384766 0.841797 0.392578 0.841797 0.396484 0.837891 0.400391 0.835938 0.400391 0.833984 0.402344 0.832031 0.402344 0.826172 0.408203 0.826172 0.417969 0.832031 0.423828 0.830078 0.425781 0.830078 0.433594 0.833984 0.437500 0.843750 0.437500 0.845703 0.435547 0.849609 0.435547 0.851562 0.433594 0.853516 0.433594 0.855469 0.431641 0.857422 0.431641 0.859375 0.429688 0.865234 0.429688 0.869141 0.425781 0.871094 0.425781 0.873047 0.423828 0.884766 0.423828 0.886719 0.421875 0.892578 0.421875 0.894531 0.419922 0.896484 0.419922 0.900391 0.416016 0.902344 0.416016 0.904297 0.414062 0.906250 0.414062 0.908203 0.412109 0.910156 0.412109 0.912109 0.410156 0.917969 0.410156 0.923828 0.404297 0.943359 0.404297 0.947266 0.400391 0.949219 0.400391 0.955078 0.394531 0.968750 0.394531 0.972656 0.390625 0.980469 0.390625 0.984375 0.386719 0.986328 0.386719 0.990234 0.382812 0.998047 0.382812 0.998047 0.330078 0.994141 0.326172 0.994141 0.320312 0.992188 0.318359 0.992188 0.316406 0.988281 0.312500
0 0.000000 0.261719 0.000000 0.578125 0.001953 0.580078 0.003906 0.580078 0.005859 0.582031 0.023438 0.582031 0.025391 0.580078 0.033203 0.580078 0.035156 0.578125 0.042969 0.578125 0.044922 0.576172 0.046875 0.576172 0.048828 0.574219 0.050781 0.574219 0.052734 0.572266 0.054688 0.572266 0.056641 0.570312 0.058594 0.570312 0.064453 0.564453 0.066406 0.564453 0.068359 0.562500 0.070312 0.562500 0.072266 0.560547 0.072266 0.558594 0.074219 0.556641 0.076172 0.556641 0.083984 0.548828 0.083984 0.546875 0.089844 0.541016 0.089844 0.539062 0.093750 0.535156 0.095703 0.535156 0.101562 0.529297 0.103516 0.529297 0.107422 0.525391 0.109375 0.525391 0.111328 0.523438 0.113281 0.523438 0.115234 0.521484 0.117188 0.521484 0.119141 0.519531 0.121094 0.519531 0.123047 0.517578 0.123047 0.515625 0.130859 0.507812 0.130859 0.505859 0.132812 0.503906 0.132812 0.501953 0.134766 0.500000 0.134766 0.488281 0.138672 0.484375 0.140625 0.484375 0.142578 0.482422 0.144531 0.482422 0.146484 0.480469 0.146484 0.478516 0.148438 0.476562 0.148438 0.474609 0.150391 0.472656 0.150391 0.460938 0.148438 0.458984 0.148438 0.457031 0.146484 0.455078 0.146484 0.453125 0.142578 0.449219 0.142578 0.447266 0.140625 0.445312 0.140625 0.443359 0.138672 0.441406 0.136719 0.441406 0.134766 0.439453 0.134766 0.437500 0.132812 0.435547 0.132812 0.427734 0.130859 0.425781 0.130859 0.423828 0.128906 0.421875 0.128906 0.419922 0.126953 0.417969 0.126953 0.416016 0.125000 0.414062 0.125000 0.412109 0.123047 0.410156 0.121094 0.410156 0.119141 0.408203 0.117188 0.408203 0.115234 0.406250 0.115234 0.400391 0.113281 0.398438 0.113281 0.396484 0.111328 0.394531 0.111328 0.392578 0.109375 0.390625 0.107422 0.390625 0.103516 0.386719 0.103516 0.384766 0.101562 0.382812 0.101562 0.378906 0.099609 0.376953 0.099609 0.375000 0.097656 0.373047 0.097656 0.369141 0.095703 0.367188 0.095703 0.365234 0.093750 0.363281 0.093750 0.361328 0.091797 0.359375 0.089844 0.359375 0.087891 0.357422 0.085938 0.357422 0.083984 0.355469 0.082031 0.355469 0.080078 0.353516 0.080078 0.351562 0.076172 0.347656 0.076172 0.345703 0.074219 0.343750 0.074219 0.341797 0.072266 0.339844 0.072266 0.337891 0.066406 0.332031 0.066406 0.330078 0.064453 0.328125 0.064453 0.326172 0.062500 0.324219 0.062500 0.318359 0.060547 0.316406 0.060547 0.314453 0.058594 0.312500 0.058594 0.310547 0.056641 0.308594 0.054688 0.308594 0.052734 0.306641 0.050781 0.306641 0.048828 0.304688 0.039062 0.304688 0.037109 0.302734 0.037109 0.298828 0.035156 0.296875 0.035156 0.294922 0.033203 0.292969 0.033203 0.281250 0.031250 0.279297 0.031250 0.277344 0.029297 0.275391 0.029297 0.273438 0.027344 0.271484 0.025391 0.271484 0.023438 0.269531 0.021484 0.269531 0.019531 0.267578 0.015625 0.267578 0.013672 0.265625 0.011719 0.265625 0.009766 0.263672 0.007812 0.263672 0.005859 0.261719
0 0.464844 0.214844 0.460938 0.218750 0.460938 0.226562 0.464844 0.230469 0.468750 0.230469 0.470703 0.232422 0.470703 0.234375 0.474609 0.238281 0.478516 0.238281 0.486328 0.246094 0.488281 0.246094 0.490234 0.248047 0.505859 0.248047 0.509766 0.244141 0.509766 0.236328 0.505859 0.232422 0.498047 0.232422 0.496094 0.230469 0.496094 0.222656 0.490234 0.216797 0.478516 0.216797 0.476562 0.214844
0 0.394531 0.156250 0.390625 0.160156 0.382812 0.160156 0.378906 0.164062 0.378906 0.173828 0.384766 0.179688 0.384766 0.181641 0.388672 0.185547 0.398438 0.185547 0.402344 0.189453 0.402344 0.191406 0.406250 0.195312 0.410156 0.195312 0.412109 0.197266 0.423828 0.197266 0.427734 0.193359 0.429688 0.195312 0.429688 0.207031 0.439453 0.216797 0.447266 0.216797 0.455078 0.208984 0.460938 0.208984 0.464844 0.205078 0.464844 0.197266 0.460938 0.193359 0.451172 0.193359 0.449219 0.191406 0.445312 0.191406 0.443359 0.189453 0.433594 0.189453 0.429688 0.193359 0.427734 0.191406 0.427734 0.185547 0.423828 0.181641 0.421875 0.181641 0.419922 0.179688 0.416016 0.179688 0.414062 0.177734 0.414062 0.175781 0.406250 0.167969 0.406250 0.160156 0.402344 0.156250
0 0.208984 0.000000 0.207031 0.001953 0.207031 0.003906 0.203125 0.007812 0.203125 0.011719 0.201172 0.013672 0.201172 0.046875 0.205078 0.050781 0.216797 0.050781 0.222656 0.044922 0.224609 0.044922 0.226562 0.042969 0.238281 0.042969 0.240234 0.044922 0.240234 0.046875 0.238281 0.048828 0.236328 0.048828 0.232422 0.052734 0.232422 0.068359 0.236328 0.072266 0.240234 0.072266 0.242188 0.074219 0.242188 0.078125 0.244141 0.080078 0.244141 0.082031 0.246094 0.083984 0.246094 0.085938 0.251953 0.091797 0.253906 0.091797 0.257812 0.095703 0.265625 0.095703 0.271484 0.089844 0.277344 0.095703 0.279297 0.095703 0.281250 0.097656 0.279297 0.099609 0.279297 0.107422 0.283203 0.111328 0.302734 0.111328 0.304688 0.109375 0.306641 0.111328 0.310547 0.111328 0.314453 0.115234 0.318359 0.115234 0.324219 0.121094 0.322266 0.123047 0.320312 0.123047 0.318359 0.125000 0.318359 0.126953 0.322266 0.130859 0.322266 0.132812 0.324219 0.134766 0.324219 0.136719 0.326172 0.136719 0.328125 0.138672 0.332031 0.138672 0.333984 0.136719 0.335938 0.136719 0.339844 0.132812 0.339844 0.128906 0.341797 0.126953 0.343750 0.126953 0.347656 0.123047 0.347656 0.113281 0.349609 0.111328 0.351562 0.111328 0.359375 0.119141 0.359375 0.123047 0.351562 0.130859 0.349609 0.130859 0.345703 0.134766 0.345703 0.136719 0.343750 0.138672 0.343750 0.148438 0.349609 0.154297 0.349609 0.160156 0.353516 0.164062 0.371094 0.164062 0.376953 0.158203 0.376953 0.142578 0.378906 0.140625 0.382812 0.144531 0.382812 0.148438 0.386719 0.152344 0.394531 0.152344 0.400391 0.146484 0.419922 0.146484 0.423828 0.142578 0.423828 0.140625 0.425781 0.138672 0.425781 0.134766 0.427734 0.132812 0.427734 0.128906 0.429688 0.126953 0.431641 0.126953 0.433594 0.128906 0.437500 0.128906 0.439453 0.130859 0.433594 0.136719 0.433594 0.144531 0.437500 0.148438 0.439453 0.148438 0.441406 0.150391 0.441406 0.154297 0.447266 0.160156 0.451172 0.160156 0.453125 0.162109 0.470703 0.162109 0.472656 0.160156 0.476562 0.164062 0.480469 0.164062 0.482422 0.166016 0.478516 0.169922 0.478516 0.183594 0.482422 0.187500 0.498047 0.187500 0.505859 0.179688 0.505859 0.175781 0.507812 0.173828 0.511719 0.177734 0.517578 0.177734 0.519531 0.179688 0.519531 0.189453 0.517578 0.191406 0.517578 0.199219 0.519531 0.201172 0.519531 0.203125 0.533203 0.216797 0.542969 0.216797 0.544922 0.214844 0.546875 0.216797 0.546875 0.218750 0.550781 0.222656 0.550781 0.232422 0.560547 0.242188 0.562500 0.242188 0.564453 0.244141 0.564453 0.251953 0.568359 0.255859 0.578125 0.255859 0.580078 0.253906 0.582031 0.255859 0.582031 0.263672 0.585938 0.267578 0.593750 0.267578 0.595703 0.265625 0.597656 0.265625 0.599609 0.263672 0.601562 0.265625 0.601562 0.267578 0.605469 0.271484 0.615234 0.271484 0.617188 0.273438 0.617188 0.275391 0.615234 0.277344 0.615234 0.279297 0.613281 0.281250 0.589844 0.281250 0.585938 0.285156 0.582031 0.281250 0.582031 0.279297 0.580078 0.277344 0.578125 0.277344 0.576172 0.275391 0.574219 0.275391 0.572266 0.273438 0.560547 0.273438 0.558594 0.275391 0.556641 0.275391 0.554688 0.277344 0.552734 0.277344 0.550781 0.279297 0.550781 0.281250 0.548828 0.283203 0.548828 0.285156 0.546875 0.287109 0.546875 0.298828 0.544922 0.300781 0.544922 0.312500 0.542969 0.314453 0.542969 0.322266 0.541016 0.324219 0.541016 0.326172 0.539062 0.328125 0.539062 0.332031 0.535156 0.335938 0.535156 0.337891 0.533203 0.339844 0.533203 0.341797 0.531250 0.343750 0.531250 0.347656 0.529297 0.349609 0.529297 0.353516 0.527344 0.355469 0.527344 0.357422 0.525391 0.359375 0.525391 0.361328 0.523438 0.363281 0.523438 0.378906 0.519531 0.382812 0.511719 0.382812 0.509766 0.380859 0.509766 0.375000 0.511719 0.373047 0.511719 0.371094 0.513672 0.369141 0.513672 0.357422 0.511719 0.355469 0.511719 0.353516 0.509766 0.351562 0.509766 0.349609 0.507812 0.347656 0.505859 0.347656 0.503906 0.345703 0.501953 0.345703 0.500000 0.343750 0.480469 0.343750 0.478516 0.345703 0.476562 0.345703 0.474609 0.347656 0.472656 0.347656 0.470703 0.349609 0.470703 0.351562 0.468750 0.353516 0.468750 0.355469 0.462891 0.361328 0.457031 0.361328 0.455078 0.359375 0.443359 0.359375 0.441406 0.361328 0.439453 0.361328 0.437500 0.363281 0.435547 0.363281 0.433594 0.365234 0.433594 0.367188 0.427734 0.373047 0.427734 0.375000 0.425781 0.376953 0.425781 0.378906 0.423828 0.380859 0.423828 0.384766 0.421875 0.386719 0.416016 0.386719 0.414062 0.384766 0.400391 0.384766 0.398438 0.386719 0.396484 0.386719 0.394531 0.388672 0.392578 0.388672 0.390625 0.390625 0.390625 0.392578 0.388672 0.394531 0.386719 0.394531 0.384766 0.396484 0.382812 0.394531 0.363281 0.394531 0.361328 0.396484 0.359375 0.396484 0.357422 0.398438 0.355469 0.398438 0.351562 0.402344 0.349609 0.402344 0.347656 0.404297 0.345703 0.404297 0.343750 0.406250 0.341797 0.406250 0.339844 0.408203 0.337891 0.408203 0.335938 0.410156 0.333984 0.410156 0.332031 0.412109 0.330078 0.412109 0.328125 0.414062 0.326172 0.414062 0.324219 0.416016 0.322266 0.416016 0.316406 0.421875 0.314453 0.421875 0.308594 0.427734 0.306641 0.427734 0.302734 0.431641 0.300781 0.431641 0.298828 0.433594 0.298828 0.435547 0.294922 0.439453 0.294922 0.441406 0.292969 0.443359 0.292969 0.445312 0.289062 0.449219 0.289062 0.451172 0.285156 0.455078 0.283203 0.455078 0.279297 0.458984 0.279297 0.460938 0.277344 0.462891 0.277344 0.464844 0.275391 0.466797 0.275391 0.468750 0.273438 0.470703 0.271484 0.470703 0.269531 0.472656 0.267578 0.472656 0.265625 0.470703 0.265625 0.468750 0.263672 0.466797 0.261719 0.466797 0.259766 0.464844 0.257812 0.464844 0.255859 0.462891 0.244141 0.462891 0.242188 0.460938 0.240234 0.460938 0.236328 0.457031 0.234375 0.457031 0.232422 0.455078 0.230469 0.455078 0.228516 0.453125 0.207031 0.453125 0.205078 0.455078 0.203125 0.455078 0.201172 0.457031 0.199219 0.457031 0.197266 0.458984 0.197266 0.460938 0.195312 0.462891 0.191406 0.462891 0.189453 0.464844 0.187500 0.464844 0.185547 0.466797 0.183594 0.466797 0.179688 0.470703 0.177734 0.470703 0.175781 0.472656 0.173828 0.472656 0.171875 0.474609 0.171875 0.476562 0.169922 0.478516 0.169922 0.480469 0.167969 0.482422 0.167969 0.488281 0.166016 0.490234 0.156250 0.490234 0.148438 0.498047 0.148438 0.511719 0.146484 0.513672 0.140625 0.513672 0.136719 0.517578 0.130859 0.517578 0.126953 0.521484 0.126953 0.529297 0.130859 0.533203 0.132812 0.533203 0.134766 0.535156 0.132812 0.537109 0.128906 0.537109 0.126953 0.535156 0.117188 0.535156 0.115234 0.537109 0.105469 0.537109 0.099609 0.542969 0.097656 0.542969 0.093750 0.546875 0.093750 0.556641 0.097656 0.560547 0.105469 0.560547 0.107422 0.558594 0.109375 0.558594 0.115234 0.552734 0.121094 0.552734 0.125000 0.556641 0.144531 0.556641 0.146484 0.554688 0.158203 0.554688 0.166016 0.546875 0.166016 0.542969 0.171875 0.537109 0.171875 0.535156 0.173828 0.533203 0.181641 0.533203 0.183594 0.531250 0.191406 0.531250 0.195312 0.527344 0.197266 0.529297 0.197266 0.531250 0.199219 0.533203 0.199219 0.535156 0.201172 0.535156 0.203125 0.533203 0.207031 0.533203 0.208984 0.531250 0.216797 0.531250 0.218750 0.529297 0.222656 0.529297 0.224609 0.527344 0.228516 0.527344 0.230469 0.525391 0.234375 0.525391 0.236328 0.523438 0.240234 0.523438 0.242188 0.521484 0.246094 0.521484 0.248047 0.519531 0.257812 0.519531 0.259766 0.517578 0.273438 0.517578 0.275391 0.515625 0.283203 0.515625 0.285156 0.513672 0.296875 0.513672 0.298828 0.511719 0.304688 0.511719 0.306641 0.509766 0.310547 0.509766 0.312500 0.507812 0.316406 0.507812 0.318359 0.505859 0.322266 0.505859 0.324219 0.503906 0.330078 0.503906 0.332031 0.501953 0.337891 0.501953 0.339844 0.500000 0.341797 0.500000 0.343750 0.498047 0.347656 0.498047 0.349609 0.496094 0.351562 0.496094 0.353516 0.494141 0.357422 0.494141 0.359375 0.492188 0.363281 0.492188 0.365234 0.490234 0.369141 0.490234 0.371094 0.488281 0.373047 0.488281 0.375000 0.486328 0.376953 0.486328 0.378906 0.484375 0.382812 0.484375 0.384766 0.482422 0.390625 0.482422 0.392578 0.480469 0.400391 0.480469 0.402344 0.478516 0.421875 0.478516 0.423828 0.476562 0.431641 0.476562 0.433594 0.474609 0.439453 0.474609 0.441406 0.472656 0.443359 0.472656 0.445312 0.470703 0.451172 0.470703 0.453125 0.468750 0.455078 0.468750 0.457031 0.466797 0.458984 0.466797 0.460938 0.464844 0.462891 0.464844 0.464844 0.462891 0.468750 0.462891 0.470703 0.460938 0.478516 0.460938 0.480469 0.458984 0.490234 0.458984 0.492188 0.457031 0.501953 0.457031 0.503906 0.455078 0.507812 0.455078 0.509766 0.453125 0.511719 0.453125 0.513672 0.451172 0.515625 0.451172 0.517578 0.449219 0.519531 0.449219 0.521484 0.447266 0.523438 0.447266 0.525391 0.445312 0.529297 0.445312 0.531250 0.443359 0.541016 0.443359 0.542969 0.441406 0.552734 0.441406 0.554688 0.439453 0.560547 0.439453 0.566406 0.433594 0.568359 0.433594 0.570312 0.431641 0.574219 0.431641 0.576172 0.429688 0.580078 0.429688 0.582031 0.427734 0.583984 0.427734 0.585938 0.425781 0.589844 0.425781 0.591797 0.423828 0.597656 0.423828 0.599609 0.421875 0.605469 0.421875 0.607422 0.419922 0.609375 0.419922 0.611328 0.417969 0.613281 0.417969 0.615234 0.416016 0.619141 0.416016 0.621094 0.414062 0.625000 0.414062 0.626953 0.412109 0.628906 0.412109 0.630859 0.410156 0.632812 0.410156 0.634766 0.408203 0.636719 0.408203 0.638672 0.406250 0.640625 0.406250 0.642578 0.404297 0.644531 0.404297 0.646484 0.402344 0.648438 0.402344 0.650391 0.400391 0.654297 0.400391 0.656250 0.398438 0.658203 0.398438 0.660156 0.396484 0.664062 0.396484 0.666016 0.394531 0.667969 0.394531 0.671875 0.390625 0.677734 0.390625 0.681641 0.386719 0.683594 0.386719 0.685547 0.384766 0.687500 0.384766 0.699219 0.373047 0.701172 0.373047 0.703125 0.371094 0.705078 0.373047 0.705078 0.376953 0.708984 0.373047 0.716797 0.373047 0.720703 0.369141 0.722656 0.369141 0.724609 0.367188 0.726562 0.367188 0.728516 0.365234 0.732422 0.365234 0.738281 0.359375 0.744141 0.359375 0.748047 0.355469 0.750000 0.355469 0.750000 0.347656 0.751953 0.345703 0.763672 0.345703 0.765625 0.343750 0.777344 0.343750 0.779297 0.341797 0.783203 0.341797 0.791016 0.333984 0.792969 0.335938 0.794922 0.333984 0.798828 0.333984 0.800781 0.332031 0.802734 0.333984 0.804688 0.332031 0.806641 0.332031 0.808594 0.330078 0.810547 0.330078 0.812500 0.328125 0.814453 0.328125 0.816406 0.326172 0.818359 0.326172 0.826172 0.318359 0.828125 0.318359 0.830078 0.316406 0.832031 0.316406 0.835938 0.312500 0.837891 0.312500 0.841797 0.308594 0.843750 0.308594 0.853516 0.298828 0.855469 0.298828 0.857422 0.296875 0.863281 0.296875 0.869141 0.291016 0.871094 0.291016 0.875000 0.294922 0.886719 0.294922 0.888672 0.292969 0.890625 0.292969 0.894531 0.289062 0.896484 0.289062 0.904297 0.281250 0.906250 0.281250 0.908203 0.279297 0.910156 0.279297 0.921875 0.267578 0.927734 0.267578 0.929688 0.265625 0.935547 0.265625 0.937500 0.263672 0.947266 0.263672 0.949219 0.261719 0.951172 0.261719 0.960938 0.251953 0.962891 0.251953 0.964844 0.250000 0.966797 0.250000 0.970703 0.246094 0.974609 0.246094 0.978516 0.242188 0.984375 0.242188 0.988281 0.238281 0.990234 0.238281 0.992188 0.236328 0.994141 0.236328 0.998047 0.232422 0.998047 0.000000 0.353516 0.000000 0.353516 0.007812 0.355469 0.009766 0.355469 0.011719 0.353516 0.013672 0.347656 0.013672 0.341797 0.019531 0.341797 0.031250 0.347656 0.037109 0.347656 0.039062 0.345703 0.041016 0.345703 0.042969 0.343750 0.044922 0.343750 0.046875 0.341797 0.048828 0.339844 0.048828 0.337891 0.046875 0.337891 0.033203 0.332031 0.027344 0.333984 0.025391 0.333984 0.017578 0.339844 0.011719 0.339844 0.009766 0.343750 0.005859 0.343750 0.000000 0.316406 0.000000 0.316406 0.001953 0.314453 0.003906 0.310547 0.003906 0.306641 0.007812 0.306641 0.015625 0.308594 0.017578 0.308594 0.019531 0.304688 0.023438 0.302734 0.021484 0.302734 0.013672 0.298828 0.009766 0.292969 0.009766 0.291016 0.007812 0.291016 0.005859 0.289062 0.003906 0.289062 0.000000 0.271484 0.000000 0.271484 0.007812 0.273438 0.009766 0.273438 0.011719 0.275391 0.013672 0.275391 0.019531 0.277344 0.021484 0.275391 0.023438 0.275391 0.025391 0.271484 0.029297 0.271484 0.037109 0.273438 0.039062 0.273438 0.041016 0.271484 0.042969 0.265625 0.042969 0.263672 0.044922 0.257812 0.044922 0.255859 0.042969 0.255859 0.041016 0.253906 0.039062 0.255859 0.037109 0.257812 0.037109 0.261719 0.033203 0.261719 0.031250 0.263672 0.029297 0.263672 0.013672 0.261719 0.011719 0.261719 0.003906 0.257812 0.000000
0 0.000000 0.000000 0.000000 0.027344 0.001953 0.029297 0.000000 0.031250 0.000000 0.140625 0.009766 0.140625 0.011719 0.138672 0.015625 0.138672 0.017578 0.136719 0.019531 0.136719 0.021484 0.134766 0.023438 0.134766 0.025391 0.132812 0.027344 0.132812 0.029297 0.130859 0.035156 0.130859 0.037109 0.128906 0.048828 0.128906 0.050781 0.126953 0.052734 0.126953 0.054688 0.125000 0.062500 0.125000 0.064453 0.123047 0.066406 0.123047 0.068359 0.121094 0.070312 0.121094 0.078125 0.113281 0.089844 0.113281 0.091797 0.111328 0.093750 0.111328 0.095703 0.109375 0.097656 0.109375 0.099609 0.107422 0.099609 0.105469 0.101562 0.103516 0.101562 0.101562 0.103516 0.099609 0.103516 0.082031 0.101562 0.080078 0.101562 0.078125 0.099609 0.076172 0.099609 0.074219 0.097656 0.072266 0.097656 0.042969 0.095703 0.041016 0.095703 0.025391 0.093750 0.023438 0.093750 0.013672 0.091797 0.011719 0.091797 0.009766 0.089844 0.007812 0.089844 0.005859 0.087891 0.003906 0.087891 0.001953 0.085938 0.000000