0 0.054688 0.984375 0.052734 0.986328 0.050781 0.986328 0.046875 0.990234 0.046875 0.998047 0.109375 0.998047 0.111328 0.996094 0.111328 0.988281 0.107422 0.984375 0.097656 0.984375 0.095703 0.986328 0.087891 0.986328 0.085938 0.988281 0.082031 0.984375
0 0.449219 0.978516 0.443359 0.984375 0.441406 0.984375 0.437500 0.988281 0.437500 0.996094 0.439453 0.998047 0.455078 0.998047 0.460938 0.992188 0.460938 0.982422 0.457031 0.978516
0 0.001953 0.962891 0.000000 0.964844 0.000000 0.976562 0.001953 0.978516 0.017578 0.978516 0.021484 0.974609 0.021484 0.966797 0.017578 0.962891
0 0.472656 0.960938 0.464844 0.968750 0.464844 0.982422 0.468750 0.986328 0.476562 0.986328 0.480469 0.982422 0.480469 0.978516 0.484375 0.974609 0.484375 0.964844 0.480469 0.960938
0 0.335938 0.958984 0.333984 0.960938 0.328125 0.960938 0.322266 0.966797 0.318359 0.966797 0.316406 0.968750 0.287109 0.968750 0.285156 0.970703 0.273438 0.970703 0.271484 0.972656 0.255859 0.972656 0.253906 0.974609 0.197266 0.974609 0.195312 0.976562 0.193359 0.976562 0.191406 0.978516 0.166016 0.978516 0.164062 0.980469 0.162109 0.980469 0.156250 0.986328 0.152344 0.986328 0.150391 0.988281 0.144531 0.988281 0.140625 0.992188 0.140625 0.998047 0.169922 0.998047 0.173828 0.994141 0.199219 0.994141 0.201172 0.992188 0.203125 0.992188 0.205078 0.990234 0.263672 0.990234 0.265625 0.988281 0.279297 0.988281 0.281250 0.986328 0.292969 0.986328 0.294922 0.984375 0.328125 0.984375 0.330078 0.986328 0.330078 0.990234 0.326172 0.994141 0.326172 0.998047 0.363281 0.998047 0.367188 0.994141 0.371094 0.994141 0.380859 0.984375 0.384766 0.984375 0.388672 0.980469 0.388672 0.972656 0.384766 0.968750 0.380859 0.968750 0.378906 0.966797 0.371094 0.966797 0.367188 0.970703 0.367188 0.972656 0.361328 0.978516 0.357422 0.974609 0.347656 0.974609 0.345703 0.972656 0.347656 0.970703 0.347656 0.962891 0.343750 0.958984
0 0.054688 0.958984 0.052734 0.960938 0.048828 0.960938 0.046875 0.962891 0.042969 0.962891 0.037109 0.968750 0.035156 0.968750 0.027344 0.976562 0.027344 0.978516 0.021484 0.984375 0.019531 0.984375 0.017578 0.986328 0.007812 0.986328 0.005859 0.988281 0.003906 0.988281 0.000000 0.992188 0.000000 0.998047 0.033203 0.998047 0.042969 0.988281 0.042969 0.986328 0.044922 0.984375 0.046875 0.984375 0.052734 0.978516 0.054688 0.978516 0.056641 0.976562 0.060547 0.976562 0.062500 0.974609 0.080078 0.974609 0.082031 0.976562 0.089844 0.976562 0.093750 0.972656 0.093750 0.962891 0.089844 0.958984
0 0.158203 0.939453 0.154297 0.943359 0.154297 0.953125 0.152344 0.955078 0.150391 0.955078 0.146484 0.958984 0.146484 0.966797 0.150391 0.970703 0.162109 0.970703 0.166016 0.966797 0.166016 0.962891 0.167969 0.960938 0.173828 0.960938 0.177734 0.957031 0.177734 0.943359 0.173828 0.939453
0 0.687500 0.925781 0.681641 0.931641 0.679688 0.929688 0.671875 0.929688 0.666016 0.935547 0.660156 0.935547 0.656250 0.939453 0.656250 0.947266 0.660156 0.951172 0.667969 0.951172 0.673828 0.945312 0.679688 0.945312 0.685547 0.939453 0.687500 0.941406 0.695312 0.941406 0.699219 0.937500 0.699219 0.929688 0.695312 0.925781
0 0.863281 0.910156 0.859375 0.914062 0.859375 0.921875 0.863281 0.925781 0.871094 0.925781 0.875000 0.921875 0.875000 0.914062 0.871094 0.910156
0 0.886719 0.898438 0.882812 0.902344 0.882812 0.910156 0.886719 0.914062 0.894531 0.914062 0.898438 0.910156 0.898438 0.902344 0.894531 0.898438
0 0.929688 0.882812 0.925781 0.886719 0.923828 0.886719 0.921875 0.884766 0.914062 0.884766 0.910156 0.888672 0.910156 0.896484 0.914062 0.900391 0.921875 0.900391 0.925781 0.896484 0.927734 0.896484 0.929688 0.898438 0.937500 0.898438 0.941406 0.894531 0.941406 0.886719 0.937500 0.882812
0 0.035156 0.882812 0.029297 0.888672 0.029297 0.890625 0.023438 0.896484 0.019531 0.896484 0.015625 0.900391 0.015625 0.914062 0.019531 0.917969 0.044922 0.917969 0.046875 0.916016 0.058594 0.916016 0.062500 0.912109 0.087891 0.912109 0.089844 0.910156 0.136719 0.910156 0.138672 0.912109 0.140625 0.912109 0.142578 0.914062 0.150391 0.914062 0.154297 0.910156 0.154297 0.902344 0.148438 0.896484 0.140625 0.896484 0.130859 0.886719 0.126953 0.886719 0.125000 0.884766 0.109375 0.884766 0.105469 0.888672 0.089844 0.888672 0.087891 0.890625 0.083984 0.890625 0.080078 0.894531 0.078125 0.894531 0.074219 0.890625 0.050781 0.890625 0.048828 0.888672 0.048828 0.886719 0.044922 0.882812
0 0.804688 0.869141 0.800781 0.873047 0.800781 0.880859 0.798828 0.882812 0.796875 0.880859 0.789062 0.880859 0.785156 0.884766 0.785156 0.890625 0.783203 0.892578 0.779297 0.888672 0.771484 0.888672 0.767578 0.892578 0.767578 0.896484 0.765625 0.898438 0.763672 0.896484 0.755859 0.896484 0.751953 0.900391 0.751953 0.908203 0.755859 0.912109 0.763672 0.912109 0.767578 0.908203 0.767578 0.904297 0.769531 0.902344 0.771484 0.904297 0.779297 0.904297 0.783203 0.900391 0.783203 0.894531 0.785156 0.892578 0.789062 0.896484 0.796875 0.896484 0.800781 0.892578 0.800781 0.884766 0.802734 0.882812 0.804688 0.884766 0.812500 0.884766 0.816406 0.880859 0.816406 0.873047 0.812500 0.869141
0 0.986328 0.857422 0.982422 0.861328 0.980469 0.861328 0.978516 0.859375 0.970703 0.859375 0.966797 0.863281 0.966797 0.867188 0.964844 0.869141 0.962891 0.867188 0.955078 0.867188 0.951172 0.871094 0.951172 0.878906 0.955078 0.882812 0.962891 0.882812 0.966797 0.878906 0.966797 0.875000 0.968750 0.873047 0.970703 0.875000 0.978516 0.875000 0.982422 0.871094 0.984375 0.871094 0.986328 0.873047 0.994141 0.873047 0.998047 0.869141 0.998047 0.861328 0.994141 0.857422
0 0.871094 0.833984 0.867188 0.837891 0.867188 0.839844 0.865234 0.841797 0.857422 0.841797 0.851562 0.847656 0.847656 0.847656 0.843750 0.851562 0.843750 0.855469 0.841797 0.857422 0.839844 0.855469 0.828125 0.855469 0.824219 0.859375 0.824219 0.867188 0.828125 0.871094 0.839844 0.871094 0.843750 0.867188 0.843750 0.863281 0.845703 0.861328 0.847656 0.863281 0.855469 0.863281 0.861328 0.857422 0.867188 0.857422 0.871094 0.853516 0.871094 0.851562 0.873047 0.849609 0.878906 0.849609 0.882812 0.845703 0.882812 0.837891 0.878906 0.833984
0 0.341797 0.828125 0.337891 0.832031 0.337891 0.839844 0.341797 0.843750 0.343750 0.843750 0.345703 0.845703 0.347656 0.845703 0.351562 0.849609 0.351562 0.855469 0.353516 0.857422 0.353516 0.863281 0.357422 0.867188 0.371094 0.867188 0.375000 0.863281 0.375000 0.861328 0.376953 0.859375 0.380859 0.863281 0.396484 0.863281 0.400391 0.859375 0.400391 0.851562 0.394531 0.845703 0.388672 0.845703 0.386719 0.843750 0.378906 0.843750 0.376953 0.841797 0.376953 0.839844 0.367188 0.830078 0.365234 0.830078 0.363281 0.828125 0.355469 0.828125 0.353516 0.830078 0.351562 0.828125
0 0.416016 0.826172 0.410156 0.832031 0.408203 0.832031 0.404297 0.835938 0.404297 0.843750 0.412109 0.851562 0.410156 0.853516 0.410156 0.863281 0.414062 0.867188 0.421875 0.867188 0.429688 0.859375 0.429688 0.857422 0.431641 0.855469 0.437500 0.855469 0.441406 0.851562 0.441406 0.837891 0.435547 0.832031 0.431641 0.832031 0.425781 0.826172
0 0.154297 0.826172 0.152344 0.828125 0.150391 0.828125 0.146484 0.832031 0.146484 0.839844 0.150391 0.843750 0.158203 0.843750 0.160156 0.841797 0.162109 0.841797 0.166016 0.837891 0.166016 0.830078 0.162109 0.826172
0 0.253906 0.810547 0.248047 0.816406 0.246094 0.816406 0.244141 0.818359 0.242188 0.818359 0.240234 0.820312 0.238281 0.820312 0.234375 0.816406 0.226562 0.816406 0.224609 0.818359 0.220703 0.814453 0.212891 0.814453 0.208984 0.818359 0.208984 0.826172 0.212891 0.830078 0.220703 0.830078 0.222656 0.828125 0.226562 0.832031 0.226562 0.837891 0.230469 0.841797 0.248047 0.841797 0.250000 0.839844 0.253906 0.839844 0.257812 0.843750 0.265625 0.843750 0.267578 0.841797 0.271484 0.841797 0.275391 0.837891 0.275391 0.830078 0.271484 0.826172 0.265625 0.826172 0.263672 0.824219 0.265625 0.822266 0.265625 0.814453 0.261719 0.810547
0 0.966797 0.789062 0.960938 0.794922 0.953125 0.794922 0.949219 0.798828 0.943359 0.798828 0.939453 0.802734 0.939453 0.806641 0.937500 0.808594 0.935547 0.806641 0.927734 0.806641 0.923828 0.810547 0.923828 0.814453 0.921875 0.816406 0.916016 0.816406 0.912109 0.820312 0.912109 0.828125 0.916016 0.832031 0.923828 0.832031 0.929688 0.826172 0.935547 0.826172 0.939453 0.822266 0.939453 0.814453 0.941406 0.812500 0.943359 0.814453 0.951172 0.814453 0.955078 0.810547 0.960938 0.810547 0.966797 0.804688 0.974609 0.804688 0.978516 0.800781 0.978516 0.792969 0.974609 0.789062
0 0.056641 0.769531 0.054688 0.771484 0.050781 0.771484 0.048828 0.773438 0.042969 0.773438 0.041016 0.775391 0.025391 0.775391 0.023438 0.777344 0.017578 0.777344 0.015625 0.779297 0.013672 0.779297 0.009766 0.783203 0.009766 0.791016 0.013672 0.794922 0.013672 0.800781 0.017578 0.804688 0.017578 0.806641 0.019531 0.808594 0.019531 0.810547 0.023438 0.814453 0.044922 0.814453 0.046875 0.812500 0.052734 0.812500 0.054688 0.814453 0.062500 0.814453 0.066406 0.810547 0.066406 0.804688 0.068359 0.802734 0.068359 0.800781 0.070312 0.798828 0.070312 0.796875 0.072266 0.794922 0.072266 0.787109 0.068359 0.783203 0.068359 0.773438 0.064453 0.769531
0 0.687500 0.765625 0.683594 0.769531 0.683594 0.777344 0.687500 0.781250 0.695312 0.781250 0.699219 0.777344 0.699219 0.769531 0.695312 0.765625
0 0.093750 0.763672 0.089844 0.767578 0.089844 0.775391 0.093750 0.779297 0.101562 0.779297 0.105469 0.775391 0.105469 0.767578 0.101562 0.763672
0 0.488281 0.699219 0.484375 0.703125 0.484375 0.722656 0.482422 0.724609 0.480469 0.722656 0.468750 0.722656 0.464844 0.726562 0.464844 0.734375 0.466797 0.736328 0.466797 0.746094 0.470703 0.750000 0.478516 0.750000 0.484375 0.744141 0.486328 0.744141 0.490234 0.748047 0.490234 0.755859 0.488281 0.757812 0.480469 0.757812 0.476562 0.761719 0.476562 0.789062 0.478516 0.791016 0.478516 0.792969 0.472656 0.798828 0.472656 0.806641 0.476562 0.810547 0.480469 0.810547 0.482422 0.812500 0.482422 0.828125 0.484375 0.830078 0.484375 0.833984 0.488281 0.837891 0.501953 0.837891 0.505859 0.841797 0.505859 0.865234 0.507812 0.867188 0.507812 0.873047 0.509766 0.875000 0.509766 0.886719 0.507812 0.888672 0.496094 0.888672 0.490234 0.894531 0.490234 0.902344 0.494141 0.906250 0.501953 0.906250 0.503906 0.904297 0.511719 0.904297 0.513672 0.906250 0.517578 0.906250 0.521484 0.910156 0.519531 0.912109 0.513672 0.912109 0.511719 0.910156 0.503906 0.910156 0.498047 0.916016 0.490234 0.916016 0.488281 0.917969 0.484375 0.914062 0.484375 0.912109 0.476562 0.904297 0.474609 0.904297 0.472656 0.902344 0.472656 0.896484 0.470703 0.894531 0.470703 0.884766 0.468750 0.882812 0.468750 0.878906 0.462891 0.873047 0.453125 0.873047 0.451172 0.871094 0.443359 0.871094 0.439453 0.875000 0.435547 0.875000 0.433594 0.876953 0.427734 0.876953 0.423828 0.880859 0.423828 0.888672 0.425781 0.890625 0.419922 0.896484 0.419922 0.902344 0.416016 0.906250 0.414062 0.906250 0.410156 0.910156 0.410156 0.917969 0.408203 0.919922 0.408203 0.929688 0.412109 0.933594 0.419922 0.933594 0.425781 0.927734 0.425781 0.921875 0.431641 0.916016 0.433594 0.917969 0.437500 0.917969 0.441406 0.921875 0.449219 0.921875 0.458984 0.931641 0.460938 0.931641 0.462891 0.933594 0.480469 0.933594 0.486328 0.927734 0.490234 0.931641 0.494141 0.931641 0.498047 0.935547 0.498047 0.939453 0.494141 0.943359 0.494141 0.945312 0.492188 0.947266 0.492188 0.962891 0.496094 0.966797 0.505859 0.966797 0.511719 0.960938 0.523438 0.960938 0.525391 0.962891 0.525391 0.970703 0.523438 0.972656 0.519531 0.972656 0.515625 0.976562 0.515625 0.978516 0.513672 0.980469 0.498047 0.980469 0.494141 0.984375 0.494141 0.988281 0.492188 0.990234 0.490234 0.988281 0.482422 0.988281 0.478516 0.992188 0.478516 0.998047 0.494141 0.998047 0.494141 0.996094 0.496094 0.994141 0.498047 0.996094 0.501953 0.996094 0.503906 0.998047 0.525391 0.998047 0.525391 0.996094 0.527344 0.994141 0.527344 0.992188 0.531250 0.988281 0.533203 0.988281 0.539062 0.982422 0.539062 0.974609 0.542969 0.970703 0.542969 0.958984 0.539062 0.955078 0.537109 0.955078 0.535156 0.953125 0.537109 0.951172 0.537109 0.943359 0.535156 0.941406 0.535156 0.925781 0.533203 0.923828 0.533203 0.917969 0.529297 0.914062 0.521484 0.914062 0.519531 0.912109 0.521484 0.910156 0.529297 0.910156 0.533203 0.906250 0.533203 0.896484 0.529297 0.892578 0.527344 0.892578 0.525391 0.890625 0.525391 0.871094 0.527344 0.869141 0.527344 0.853516 0.521484 0.847656 0.521484 0.841797 0.517578 0.837891 0.517578 0.808594 0.515625 0.806641 0.515625 0.804688 0.513672 0.802734 0.513672 0.769531 0.511719 0.767578 0.511719 0.763672 0.505859 0.757812 0.505859 0.755859 0.507812 0.753906 0.507812 0.748047 0.511719 0.744141 0.511719 0.736328 0.509766 0.734375 0.509766 0.726562 0.507812 0.724609 0.507812 0.714844 0.503906 0.710938 0.501953 0.710938 0.500000 0.708984 0.500000 0.703125 0.496094 0.699219
0 0.982422 0.626953 0.976562 0.632812 0.976562 0.634766 0.974609 0.636719 0.974609 0.638672 0.972656 0.640625 0.972656 0.642578 0.970703 0.644531 0.970703 0.662109 0.974609 0.666016 0.982422 0.666016 0.984375 0.664062 0.988281 0.664062 0.992188 0.660156 0.998047 0.660156 0.998047 0.626953
0 0.728516 0.595703 0.724609 0.599609 0.724609 0.607422 0.728516 0.611328 0.736328 0.611328 0.740234 0.607422 0.740234 0.599609 0.736328 0.595703
0 0.476562 0.593750 0.472656 0.597656 0.472656 0.599609 0.470703 0.601562 0.470703 0.609375 0.478516 0.617188 0.478516 0.625000 0.482422 0.628906 0.484375 0.628906 0.486328 0.630859 0.486328 0.634766 0.484375 0.636719 0.484375 0.648438 0.488281 0.652344 0.496094 0.652344 0.496094 0.646484 0.498047 0.644531 0.498047 0.634766 0.503906 0.628906 0.507812 0.628906 0.511719 0.625000 0.517578 0.625000 0.519531 0.626953 0.523438 0.626953 0.527344 0.623047 0.531250 0.623047 0.533203 0.625000 0.535156 0.625000 0.537109 0.623047 0.542969 0.623047 0.544922 0.625000 0.546875 0.625000 0.548828 0.626953 0.550781 0.626953 0.552734 0.628906 0.554688 0.628906 0.556641 0.626953 0.560547 0.626953 0.564453 0.630859 0.574219 0.630859 0.576172 0.632812 0.576172 0.642578 0.578125 0.644531 0.578125 0.648438 0.560547 0.666016 0.560547 0.673828 0.562500 0.675781 0.562500 0.681641 0.568359 0.687500 0.615234 0.687500 0.617188 0.685547 0.621094 0.685547 0.625000 0.681641 0.648438 0.681641 0.652344 0.677734 0.664062 0.677734 0.667969 0.673828 0.671875 0.677734 0.683594 0.677734 0.685547 0.679688 0.691406 0.679688 0.693359 0.681641 0.699219 0.681641 0.703125 0.685547 0.707031 0.685547 0.708984 0.687500 0.718750 0.687500 0.722656 0.683594 0.724609 0.683594 0.726562 0.681641 0.740234 0.681641 0.742188 0.679688 0.744141 0.681641 0.744141 0.695312 0.748047 0.699219 0.751953 0.699219 0.753906 0.701172 0.773438 0.701172 0.779297 0.695312 0.791016 0.695312 0.794922 0.699219 0.791016 0.703125 0.789062 0.703125 0.785156 0.707031 0.785156 0.714844 0.787109 0.716797 0.787109 0.718750 0.804688 0.736328 0.804688 0.740234 0.802734 0.742188 0.802734 0.759766 0.804688 0.761719 0.800781 0.765625 0.800781 0.767578 0.798828 0.769531 0.796875 0.769531 0.794922 0.771484 0.792969 0.771484 0.791016 0.773438 0.775391 0.773438 0.773438 0.775391 0.769531 0.775391 0.753906 0.791016 0.753906 0.794922 0.751953 0.796875 0.751953 0.798828 0.746094 0.804688 0.744141 0.804688 0.740234 0.808594 0.740234 0.810547 0.736328 0.814453 0.736328 0.828125 0.742188 0.833984 0.746094 0.833984 0.748047 0.835938 0.750000 0.835938 0.751953 0.837891 0.759766 0.837891 0.765625 0.832031 0.775391 0.832031 0.789062 0.818359 0.789062 0.816406 0.796875 0.808594 0.802734 0.808594 0.806641 0.804688 0.808594 0.804688 0.826172 0.787109 0.830078 0.787109 0.845703 0.771484 0.845703 0.769531 0.857422 0.757812 0.857422 0.755859 0.861328 0.751953 0.861328 0.744141 0.865234 0.740234 0.865234 0.736328 0.867188 0.734375 0.867188 0.730469 0.869141 0.728516 0.869141 0.712891 0.871094 0.710938 0.871094 0.703125 0.873047 0.701172 0.878906 0.701172 0.888672 0.691406 0.888672 0.687500 0.890625 0.685547 0.890625 0.683594 0.892578 0.681641 0.894531 0.681641 0.896484 0.683594 0.914062 0.683594 0.916016 0.681641 0.925781 0.681641 0.927734 0.679688 0.931641 0.679688 0.935547 0.675781 0.935547 0.667969 0.931641 0.664062 0.921875 0.664062 0.919922 0.662109 0.888672 0.662109 0.886719 0.664062 0.878906 0.664062 0.876953 0.662109 0.869141 0.662109 0.863281 0.667969 0.861328 0.667969 0.859375 0.666016 0.833984 0.666016 0.830078 0.662109 0.820312 0.662109 0.816406 0.666016 0.816406 0.673828 0.818359 0.675781 0.814453 0.679688 0.814453 0.681641 0.812500 0.683594 0.808594 0.683594 0.806641 0.681641 0.806641 0.673828 0.802734 0.669922 0.785156 0.669922 0.783203 0.667969 0.775391 0.667969 0.773438 0.669922 0.771484 0.669922 0.767578 0.673828 0.765625 0.671875 0.765625 0.664062 0.761719 0.660156 0.748047 0.660156 0.746094 0.662109 0.738281 0.662109 0.736328 0.664062 0.734375 0.664062 0.732422 0.662109 0.724609 0.662109 0.720703 0.666016 0.718750 0.664062 0.718750 0.660156 0.712891 0.654297 0.705078 0.654297 0.703125 0.652344 0.695312 0.652344 0.689453 0.658203 0.687500 0.658203 0.685547 0.656250 0.683594 0.656250 0.679688 0.652344 0.656250 0.652344 0.652344 0.656250 0.650391 0.656250 0.648438 0.658203 0.644531 0.658203 0.640625 0.654297 0.632812 0.654297 0.630859 0.652344 0.630859 0.650391 0.626953 0.646484 0.626953 0.644531 0.625000 0.642578 0.625000 0.638672 0.621094 0.634766 0.613281 0.634766 0.611328 0.632812 0.609375 0.632812 0.603516 0.626953 0.597656 0.626953 0.595703 0.625000 0.593750 0.625000 0.591797 0.623047 0.589844 0.623047 0.587891 0.621094 0.587891 0.619141 0.589844 0.617188 0.591797 0.617188 0.595703 0.613281 0.595703 0.605469 0.591797 0.601562 0.572266 0.601562 0.570312 0.603516 0.562500 0.603516 0.560547 0.605469 0.558594 0.605469 0.556641 0.607422 0.554688 0.607422 0.552734 0.609375 0.527344 0.609375 0.525391 0.607422 0.525391 0.605469 0.521484 0.605469 0.515625 0.599609 0.511719 0.599609 0.507812 0.603516 0.505859 0.603516 0.498047 0.595703 0.496094 0.595703 0.494141 0.593750
0 0.363281 0.568359 0.359375 0.572266 0.359375 0.585938 0.357422 0.587891 0.355469 0.587891 0.353516 0.585938 0.349609 0.585938 0.347656 0.583984 0.345703 0.583984 0.343750 0.582031 0.333984 0.582031 0.328125 0.587891 0.328125 0.601562 0.332031 0.605469 0.332031 0.609375 0.330078 0.611328 0.328125 0.611328 0.326172 0.613281 0.324219 0.613281 0.320312 0.609375 0.320312 0.605469 0.316406 0.601562 0.302734 0.601562 0.300781 0.603516 0.292969 0.603516 0.289062 0.607422 0.287109 0.607422 0.283203 0.611328 0.283203 0.621094 0.287109 0.625000 0.289062 0.625000 0.291016 0.626953 0.294922 0.626953 0.296875 0.628906 0.335938 0.628906 0.339844 0.625000 0.339844 0.621094 0.341797 0.619141 0.347656 0.619141 0.351562 0.615234 0.353516 0.615234 0.359375 0.609375 0.367188 0.609375 0.371094 0.605469 0.371094 0.599609 0.375000 0.595703 0.375000 0.572266 0.371094 0.568359
0 0.062500 0.566406 0.058594 0.570312 0.058594 0.574219 0.056641 0.576172 0.052734 0.576172 0.048828 0.580078 0.048828 0.582031 0.044922 0.585938 0.037109 0.585938 0.035156 0.587891 0.033203 0.587891 0.031250 0.589844 0.025391 0.589844 0.021484 0.593750 0.021484 0.607422 0.025391 0.611328 0.035156 0.611328 0.037109 0.613281 0.056641 0.613281 0.058594 0.615234 0.058594 0.617188 0.060547 0.619141 0.062500 0.619141 0.064453 0.621094 0.064453 0.630859 0.070312 0.636719 0.070312 0.662109 0.068359 0.664062 0.068359 0.666016 0.066406 0.667969 0.066406 0.669922 0.068359 0.671875 0.068359 0.673828 0.070312 0.675781 0.082031 0.675781 0.083984 0.673828 0.085938 0.675781 0.089844 0.675781 0.091797 0.677734 0.099609 0.677734 0.103516 0.673828 0.111328 0.673828 0.113281 0.671875 0.117188 0.675781 0.109375 0.683594 0.109375 0.693359 0.113281 0.697266 0.123047 0.697266 0.125000 0.699219 0.132812 0.699219 0.134766 0.701172 0.128906 0.707031 0.128906 0.718750 0.130859 0.720703 0.130859 0.722656 0.132812 0.724609 0.132812 0.726562 0.138672 0.732422 0.140625 0.732422 0.142578 0.734375 0.144531 0.734375 0.148438 0.738281 0.148438 0.765625 0.152344 0.769531 0.160156 0.769531 0.164062 0.765625 0.164062 0.761719 0.167969 0.757812 0.167969 0.751953 0.169922 0.750000 0.169922 0.748047 0.171875 0.746094 0.171875 0.742188 0.177734 0.736328 0.179688 0.736328 0.181641 0.734375 0.183594 0.734375 0.185547 0.732422 0.187500 0.732422 0.191406 0.728516 0.191406 0.712891 0.187500 0.708984 0.187500 0.707031 0.183594 0.703125 0.183594 0.699219 0.185547 0.697266 0.185547 0.673828 0.183594 0.671875 0.187500 0.667969 0.187500 0.666016 0.191406 0.662109 0.191406 0.658203 0.193359 0.656250 0.201172 0.656250 0.205078 0.652344 0.205078 0.646484 0.207031 0.644531 0.208984 0.644531 0.212891 0.640625 0.216797 0.640625 0.218750 0.638672 0.220703 0.638672 0.222656 0.640625 0.232422 0.640625 0.234375 0.638672 0.236328 0.638672 0.238281 0.636719 0.240234 0.636719 0.242188 0.634766 0.246094 0.634766 0.248047 0.632812 0.269531 0.632812 0.271484 0.630859 0.273438 0.630859 0.277344 0.626953 0.277344 0.625000 0.279297 0.623047 0.279297 0.615234 0.275391 0.611328 0.265625 0.611328 0.259766 0.617188 0.240234 0.617188 0.238281 0.619141 0.236328 0.619141 0.232422 0.615234 0.193359 0.615234 0.187500 0.609375 0.167969 0.609375 0.164062 0.613281 0.164062 0.615234 0.162109 0.617188 0.160156 0.617188 0.156250 0.621094 0.156250 0.628906 0.150391 0.634766 0.148438 0.634766 0.144531 0.638672 0.142578 0.638672 0.138672 0.634766 0.140625 0.632812 0.140625 0.630859 0.142578 0.628906 0.142578 0.617188 0.138672 0.613281 0.130859 0.613281 0.126953 0.617188 0.126953 0.621094 0.121094 0.626953 0.121094 0.628906 0.119141 0.630859 0.119141 0.634766 0.117188 0.636719 0.115234 0.636719 0.113281 0.634766 0.113281 0.623047 0.107422 0.617188 0.103516 0.617188 0.101562 0.615234 0.099609 0.615234 0.097656 0.613281 0.091797 0.613281 0.089844 0.611328 0.089844 0.591797 0.085938 0.587891 0.085938 0.582031 0.082031 0.578125 0.078125 0.578125 0.076172 0.576172 0.076172 0.570312 0.072266 0.566406
0 0.712891 0.531250 0.708984 0.535156 0.708984 0.542969 0.712891 0.546875 0.720703 0.546875 0.724609 0.542969 0.724609 0.535156 0.720703 0.531250
0 0.218750 0.503906 0.212891 0.509766 0.210938 0.509766 0.205078 0.515625 0.205078 0.525391 0.208984 0.529297 0.216797 0.529297 0.224609 0.521484 0.232422 0.521484 0.236328 0.517578 0.236328 0.509766 0.232422 0.505859 0.230469 0.505859 0.228516 0.503906
0 0.996094 0.498047 0.994141 0.500000 0.984375 0.500000 0.982422 0.501953 0.980469 0.501953 0.974609 0.507812 0.964844 0.507812 0.958984 0.513672 0.957031 0.513672 0.953125 0.517578 0.951172 0.515625 0.951172 0.511719 0.947266 0.507812 0.939453 0.507812 0.935547 0.511719 0.935547 0.519531 0.939453 0.523438 0.947266 0.523438 0.949219 0.521484 0.951172 0.523438 0.951172 0.525391 0.947266 0.529297 0.939453 0.529297 0.935547 0.533203 0.935547 0.535156 0.925781 0.544922 0.925781 0.552734 0.929688 0.556641 0.937500 0.556641 0.947266 0.546875 0.947266 0.544922 0.949219 0.542969 0.953125 0.546875 0.957031 0.546875 0.960938 0.550781 0.960938 0.558594 0.964844 0.562500 0.974609 0.562500 0.976562 0.564453 0.976562 0.572266 0.970703 0.578125 0.970703 0.585938 0.974609 0.589844 0.984375 0.589844 0.986328 0.591797 0.986328 0.597656 0.990234 0.601562 0.990234 0.603516 0.994141 0.607422 0.998047 0.607422 0.998047 0.498047
0 0.423828 0.478516 0.421875 0.480469 0.416016 0.480469 0.414062 0.482422 0.410156 0.482422 0.406250 0.486328 0.406250 0.494141 0.410156 0.498047 0.414062 0.498047 0.416016 0.500000 0.425781 0.500000 0.431641 0.494141 0.439453 0.494141 0.441406 0.496094 0.453125 0.496094 0.455078 0.498047 0.462891 0.498047 0.470703 0.490234 0.470703 0.482422 0.466797 0.478516 0.457031 0.478516 0.455078 0.480469 0.447266 0.480469 0.445312 0.478516
0 0.160156 0.476562 0.156250 0.480469 0.156250 0.488281 0.158203 0.490234 0.158203 0.492188 0.162109 0.496094 0.162109 0.500000 0.164062 0.501953 0.164062 0.503906 0.162109 0.505859 0.160156 0.505859 0.158203 0.507812 0.156250 0.507812 0.150391 0.513672 0.150391 0.521484 0.148438 0.523438 0.140625 0.523438 0.136719 0.527344 0.128906 0.527344 0.126953 0.529297 0.121094 0.529297 0.119141 0.531250 0.117188 0.529297 0.117188 0.527344 0.107422 0.517578 0.089844 0.517578 0.082031 0.525391 0.082031 0.535156 0.085938 0.539062 0.093750 0.539062 0.103516 0.548828 0.113281 0.548828 0.119141 0.542969 0.121094 0.544922 0.128906 0.544922 0.130859 0.542969 0.136719 0.542969 0.138672 0.541016 0.154297 0.541016 0.158203 0.537109 0.158203 0.535156 0.160156 0.533203 0.177734 0.533203 0.177734 0.529297 0.183594 0.523438 0.189453 0.523438 0.191406 0.521484 0.191406 0.511719 0.187500 0.507812 0.183594 0.507812 0.181641 0.505859 0.181641 0.494141 0.177734 0.490234 0.177734 0.486328 0.173828 0.482422 0.173828 0.480469 0.169922 0.476562
0 0.347656 0.462891 0.343750 0.466797 0.343750 0.468750 0.341797 0.470703 0.341797 0.472656 0.339844 0.474609 0.339844 0.484375 0.332031 0.492188 0.332031 0.517578 0.337891 0.523438 0.341797 0.523438 0.343750 0.525391 0.343750 0.527344 0.347656 0.531250 0.355469 0.531250 0.359375 0.527344 0.359375 0.519531 0.357422 0.517578 0.359375 0.515625 0.367188 0.515625 0.373047 0.509766 0.386719 0.509766 0.388672 0.507812 0.392578 0.507812 0.394531 0.505859 0.396484 0.505859 0.400391 0.501953 0.400391 0.494141 0.396484 0.490234 0.386719 0.490234 0.384766 0.492188 0.378906 0.492188 0.369141 0.482422 0.365234 0.482422 0.359375 0.476562 0.359375 0.466797 0.355469 0.462891
0 0.025391 0.457031 0.023438 0.458984 0.021484 0.458984 0.015625 0.464844 0.015625 0.472656 0.021484 0.478516 0.035156 0.478516 0.042969 0.470703 0.042969 0.460938 0.039062 0.457031
0 0.595703 0.435547 0.593750 0.437500 0.583984 0.437500 0.580078 0.441406 0.580078 0.449219 0.583984 0.453125 0.603516 0.453125 0.607422 0.449219 0.607422 0.439453 0.603516 0.435547
0 0.021484 0.417969 0.015625 0.423828 0.009766 0.423828 0.005859 0.427734 0.005859 0.435547 0.009766 0.439453 0.011719 0.439453 0.015625 0.443359 0.023438 0.443359 0.033203 0.433594 0.033203 0.431641 0.035156 0.429688 0.035156 0.421875 0.031250 0.417969
0 0.162109 0.396484 0.158203 0.400391 0.158203 0.402344 0.156250 0.404297 0.156250 0.412109 0.154297 0.414062 0.154297 0.439453 0.150391 0.443359 0.150391 0.468750 0.154297 0.472656 0.162109 0.472656 0.166016 0.468750 0.166016 0.453125 0.171875 0.447266 0.173828 0.447266 0.175781 0.445312 0.177734 0.445312 0.181641 0.441406 0.181641 0.433594 0.177734 0.429688 0.177734 0.419922 0.171875 0.414062 0.171875 0.410156 0.173828 0.408203 0.173828 0.400391 0.169922 0.396484
0 0.337891 0.380859 0.333984 0.384766 0.333984 0.400391 0.332031 0.402344 0.330078 0.402344 0.310547 0.421875 0.289062 0.421875 0.283203 0.416016 0.273438 0.416016 0.267578 0.421875 0.255859 0.421875 0.253906 0.423828 0.238281 0.423828 0.236328 0.425781 0.228516 0.425781 0.224609 0.429688 0.224609 0.437500 0.228516 0.441406 0.251953 0.441406 0.255859 0.437500 0.279297 0.437500 0.281250 0.435547 0.283203 0.435547 0.285156 0.437500 0.312500 0.437500 0.316406 0.433594 0.318359 0.433594 0.320312 0.435547 0.320312 0.441406 0.324219 0.445312 0.332031 0.445312 0.333984 0.443359 0.337891 0.443359 0.341797 0.439453 0.341797 0.431641 0.343750 0.429688 0.345703 0.429688 0.347656 0.427734 0.349609 0.427734 0.353516 0.431641 0.363281 0.431641 0.369141 0.425781 0.369141 0.417969 0.367188 0.416016 0.367188 0.414062 0.363281 0.410156 0.361328 0.410156 0.359375 0.408203 0.357422 0.408203 0.355469 0.406250 0.355469 0.398438 0.349609 0.392578 0.349609 0.384766 0.345703 0.380859
0 0.000000 0.380859 0.000000 0.417969 0.007812 0.417969 0.009766 0.416016 0.011719 0.416016 0.015625 0.412109 0.015625 0.398438 0.011719 0.394531 0.009766 0.394531 0.007812 0.392578 0.007812 0.386719 0.001953 0.380859
0 0.144531 0.371094 0.140625 0.375000 0.140625 0.382812 0.144531 0.386719 0.152344 0.386719 0.156250 0.382812 0.156250 0.375000 0.152344 0.371094
0 0.750000 0.367188 0.746094 0.371094 0.746094 0.404297 0.748047 0.406250 0.748047 0.419922 0.751953 0.423828 0.753906 0.423828 0.755859 0.425781 0.757812 0.425781 0.759766 0.427734 0.779297 0.427734 0.783203 0.423828 0.783203 0.396484 0.779297 0.392578 0.773438 0.392578 0.771484 0.390625 0.771484 0.388672 0.767578 0.384766 0.767578 0.378906 0.765625 0.376953 0.765625 0.375000 0.763672 0.373047 0.763672 0.371094 0.759766 0.367188
0 0.058594 0.367188 0.054688 0.371094 0.048828 0.371094 0.044922 0.375000 0.044922 0.376953 0.039062 0.382812 0.039062 0.390625 0.041016 0.392578 0.041016 0.398438 0.044922 0.402344 0.052734 0.402344 0.056641 0.398438 0.058594 0.398438 0.060547 0.396484 0.062500 0.398438 0.085938 0.398438 0.087891 0.396484 0.093750 0.396484 0.099609 0.390625 0.101562 0.390625 0.103516 0.392578 0.105469 0.392578 0.107422 0.394531 0.111328 0.394531 0.117188 0.400391 0.125000 0.400391 0.128906 0.396484 0.132812 0.396484 0.136719 0.392578 0.136719 0.384766 0.130859 0.378906 0.117188 0.378906 0.115234 0.376953 0.111328 0.376953 0.109375 0.375000 0.107422 0.375000 0.105469 0.373047 0.085938 0.373047 0.083984 0.371094 0.080078 0.371094 0.078125 0.369141 0.074219 0.369141 0.072266 0.367188
0 0.777344 0.347656 0.773438 0.351562 0.773438 0.359375 0.777344 0.363281 0.785156 0.363281 0.789062 0.359375 0.789062 0.351562 0.785156 0.347656
0 0.250000 0.337891 0.246094 0.341797 0.246094 0.349609 0.250000 0.353516 0.257812 0.353516 0.261719 0.349609 0.261719 0.341797 0.257812 0.337891
0 0.271484 0.335938 0.265625 0.341797 0.265625 0.349609 0.269531 0.353516 0.277344 0.353516 0.283203 0.347656 0.283203 0.339844 0.279297 0.335938
0 0.167969 0.326172 0.164062 0.330078 0.164062 0.337891 0.162109 0.339844 0.162109 0.345703 0.160156 0.347656 0.160156 0.355469 0.164062 0.359375 0.173828 0.359375 0.177734 0.355469 0.177734 0.349609 0.179688 0.347656 0.181641 0.349609 0.181641 0.355469 0.185547 0.359375 0.201172 0.359375 0.203125 0.361328 0.210938 0.361328 0.212891 0.359375 0.216797 0.359375 0.222656 0.353516 0.224609 0.355469 0.234375 0.355469 0.240234 0.349609 0.240234 0.341797 0.236328 0.337891 0.226562 0.337891 0.218750 0.345703 0.216797 0.343750 0.208984 0.343750 0.207031 0.345703 0.203125 0.345703 0.201172 0.343750 0.185547 0.343750 0.181641 0.347656 0.179688 0.345703 0.179688 0.330078 0.175781 0.326172
0 0.349609 0.322266 0.347656 0.324219 0.345703 0.324219 0.343750 0.326172 0.341797 0.326172 0.335938 0.332031 0.335938 0.339844 0.339844 0.343750 0.349609 0.343750 0.353516 0.339844 0.355469 0.339844 0.357422 0.341797 0.365234 0.341797 0.369141 0.337891 0.369141 0.326172 0.365234 0.322266
0 0.390625 0.316406 0.388672 0.318359 0.380859 0.318359 0.376953 0.322266 0.376953 0.330078 0.380859 0.333984 0.382812 0.333984 0.384766 0.335938 0.392578 0.335938 0.394531 0.337891 0.402344 0.337891 0.406250 0.333984 0.406250 0.320312 0.402344 0.316406
0 0.658203 0.310547 0.654297 0.314453 0.654297 0.324219 0.658203 0.328125 0.669922 0.328125 0.673828 0.324219 0.673828 0.316406 0.669922 0.312500 0.667969 0.312500 0.666016 0.310547
0 0.726562 0.302734 0.722656 0.306641 0.722656 0.314453 0.726562 0.318359 0.730469 0.318359 0.732422 0.320312 0.742188 0.320312 0.746094 0.316406 0.746094 0.308594 0.740234 0.302734
0 0.703125 0.294922 0.699219 0.298828 0.699219 0.300781 0.693359 0.306641 0.693359 0.314453 0.691406 0.316406 0.683594 0.316406 0.679688 0.320312 0.679688 0.322266 0.677734 0.324219 0.677734 0.326172 0.675781 0.328125 0.675781 0.332031 0.669922 0.337891 0.669922 0.363281 0.675781 0.369141 0.677734 0.369141 0.679688 0.371094 0.679688 0.373047 0.683594 0.376953 0.695312 0.376953 0.697266 0.375000 0.707031 0.375000 0.708984 0.376953 0.724609 0.376953 0.734375 0.367188 0.734375 0.357422 0.730469 0.353516 0.722656 0.353516 0.718750 0.357422 0.716797 0.355469 0.710938 0.355469 0.708984 0.353516 0.705078 0.353516 0.701172 0.349609 0.701172 0.343750 0.695312 0.337891 0.697266 0.335938 0.697266 0.320312 0.699219 0.318359 0.705078 0.318359 0.708984 0.314453 0.710938 0.314453 0.714844 0.310547 0.714844 0.298828 0.710938 0.294922
0 0.406250 0.232422 0.402344 0.236328 0.402344 0.244141 0.400391 0.246094 0.394531 0.246094 0.392578 0.248047 0.386719 0.248047 0.384766 0.250000 0.357422 0.250000 0.353516 0.253906 0.335938 0.253906 0.332031 0.257812 0.332031 0.265625 0.335938 0.269531 0.363281 0.269531 0.367188 0.265625 0.394531 0.265625 0.396484 0.263672 0.402344 0.263672 0.404297 0.261719 0.408203 0.261719 0.410156 0.263672 0.417969 0.263672 0.421875 0.259766 0.421875 0.250000 0.417969 0.246094 0.417969 0.236328 0.414062 0.232422
0 0.564453 0.220703 0.560547 0.224609 0.558594 0.222656 0.550781 0.222656 0.546875 0.226562 0.546875 0.234375 0.552734 0.240234 0.548828 0.244141 0.548828 0.275391 0.552734 0.279297 0.552734 0.281250 0.560547 0.289062 0.562500 0.289062 0.564453 0.291016 0.574219 0.291016 0.576172 0.289062 0.576172 0.287109 0.582031 0.281250 0.587891 0.281250 0.589844 0.283203 0.595703 0.283203 0.597656 0.285156 0.591797 0.291016 0.591797 0.294922 0.589844 0.296875 0.589844 0.298828 0.587891 0.300781 0.585938 0.298828 0.578125 0.298828 0.570312 0.306641 0.568359 0.306641 0.562500 0.312500 0.562500 0.330078 0.564453 0.332031 0.564453 0.333984 0.570312 0.339844 0.570312 0.341797 0.574219 0.345703 0.583984 0.345703 0.591797 0.337891 0.593750 0.337891 0.595703 0.335938 0.605469 0.335938 0.607422 0.337891 0.607422 0.345703 0.605469 0.347656 0.605469 0.363281 0.609375 0.367188 0.609375 0.371094 0.613281 0.375000 0.615234 0.375000 0.619141 0.378906 0.619141 0.380859 0.621094 0.382812 0.621094 0.384766 0.625000 0.388672 0.625000 0.390625 0.621094 0.394531 0.621094 0.400391 0.619141 0.402344 0.613281 0.402344 0.605469 0.410156 0.605469 0.417969 0.609375 0.421875 0.617188 0.421875 0.621094 0.417969 0.623047 0.417969 0.625000 0.416016 0.626953 0.417969 0.626953 0.425781 0.628906 0.427734 0.628906 0.429688 0.630859 0.431641 0.630859 0.435547 0.628906 0.437500 0.628906 0.439453 0.626953 0.441406 0.626953 0.449219 0.630859 0.453125 0.632812 0.453125 0.634766 0.455078 0.632812 0.457031 0.632812 0.466797 0.634766 0.468750 0.634766 0.470703 0.630859 0.474609 0.617188 0.474609 0.613281 0.478516 0.613281 0.486328 0.617188 0.490234 0.621094 0.490234 0.623047 0.492188 0.632812 0.492188 0.634766 0.494141 0.632812 0.496094 0.623047 0.496094 0.619141 0.500000 0.619141 0.501953 0.617188 0.503906 0.611328 0.503906 0.607422 0.507812 0.580078 0.507812 0.576172 0.511719 0.576172 0.515625 0.570312 0.521484 0.570312 0.523438 0.566406 0.527344 0.566406 0.535156 0.570312 0.539062 0.605469 0.539062 0.607422 0.537109 0.611328 0.537109 0.613281 0.535156 0.619141 0.535156 0.621094 0.533203 0.623047 0.533203 0.625000 0.531250 0.640625 0.531250 0.644531 0.527344 0.644531 0.519531 0.648438 0.515625 0.652344 0.515625 0.654297 0.517578 0.652344 0.519531 0.652344 0.521484 0.650391 0.523438 0.650391 0.525391 0.648438 0.527344 0.648438 0.550781 0.646484 0.552734 0.646484 0.554688 0.644531 0.556641 0.644531 0.558594 0.640625 0.562500 0.640625 0.566406 0.638672 0.568359 0.638672 0.587891 0.642578 0.591797 0.642578 0.599609 0.646484 0.603516 0.646484 0.611328 0.652344 0.617188 0.656250 0.617188 0.658203 0.619141 0.664062 0.619141 0.666016 0.621094 0.666016 0.623047 0.662109 0.626953 0.662109 0.634766 0.666016 0.638672 0.677734 0.638672 0.683594 0.632812 0.683594 0.630859 0.689453 0.625000 0.689453 0.607422 0.685547 0.603516 0.685547 0.580078 0.683594 0.578125 0.683594 0.572266 0.677734 0.566406 0.681641 0.562500 0.681641 0.558594 0.683594 0.556641 0.683594 0.552734 0.685547 0.550781 0.685547 0.517578 0.687500 0.515625 0.691406 0.519531 0.699219 0.519531 0.703125 0.515625 0.703125 0.507812 0.699219 0.503906 0.691406 0.503906 0.687500 0.507812 0.685547 0.507812 0.683594 0.505859 0.683594 0.496094 0.681641 0.494141 0.681641 0.492188 0.679688 0.490234 0.679688 0.488281 0.673828 0.482422 0.673828 0.480469 0.671875 0.478516 0.671875 0.474609 0.669922 0.472656 0.669922 0.470703 0.667969 0.468750 0.667969 0.466797 0.666016 0.464844 0.666016 0.460938 0.664062 0.458984 0.664062 0.457031 0.658203 0.451172 0.658203 0.449219 0.656250 0.447266 0.656250 0.445312 0.654297 0.443359 0.654297 0.433594 0.652344 0.431641 0.652344 0.427734 0.650391 0.425781 0.650391 0.416016 0.646484 0.412109 0.646484 0.408203 0.642578 0.404297 0.642578 0.390625 0.636719 0.384766 0.636719 0.375000 0.634766 0.373047 0.634766 0.371094 0.630859 0.367188 0.630859 0.365234 0.623047 0.357422 0.623047 0.347656 0.625000 0.345703 0.625000 0.330078 0.621094 0.326172 0.621094 0.320312 0.619141 0.318359 0.619141 0.310547 0.617188 0.308594 0.617188 0.306641 0.615234 0.304688 0.615234 0.296875 0.613281 0.294922 0.613281 0.292969 0.609375 0.289062 0.607422 0.289062 0.605469 0.287109 0.603516 0.287109 0.601562 0.285156 0.601562 0.261719 0.595703 0.255859 0.595703 0.250000 0.589844 0.244141 0.589844 0.240234 0.587891 0.238281 0.587891 0.226562 0.583984 0.222656 0.576172 0.222656 0.574219 0.220703
0 0.181641 0.191406 0.177734 0.195312 0.177734 0.205078 0.175781 0.207031 0.169922 0.207031 0.167969 0.205078 0.160156 0.205078 0.154297 0.210938 0.152344 0.208984 0.142578 0.208984 0.138672 0.212891 0.138672 0.216797 0.136719 0.218750 0.125000 0.218750 0.123047 0.220703 0.099609 0.220703 0.095703 0.224609 0.095703 0.230469 0.093750 0.232422 0.091797 0.232422 0.089844 0.230469 0.089844 0.228516 0.085938 0.224609 0.078125 0.224609 0.074219 0.228516 0.074219 0.232422 0.066406 0.240234 0.052734 0.240234 0.050781 0.238281 0.042969 0.238281 0.041016 0.240234 0.039062 0.240234 0.035156 0.244141 0.035156 0.246094 0.033203 0.248047 0.023438 0.248047 0.019531 0.251953 0.019531 0.259766 0.023438 0.263672 0.029297 0.263672 0.035156 0.269531 0.060547 0.269531 0.062500 0.267578 0.064453 0.267578 0.068359 0.263672 0.082031 0.263672 0.083984 0.261719 0.089844 0.261719 0.093750 0.257812 0.093750 0.253906 0.095703 0.251953 0.095703 0.250000 0.097656 0.248047 0.113281 0.248047 0.119141 0.242188 0.128906 0.242188 0.132812 0.238281 0.134766 0.238281 0.138672 0.234375 0.140625 0.236328 0.140625 0.244141 0.144531 0.248047 0.160156 0.248047 0.166016 0.242188 0.175781 0.242188 0.177734 0.240234 0.179688 0.240234 0.181641 0.238281 0.199219 0.238281 0.203125 0.234375 0.203125 0.226562 0.201172 0.224609 0.203125 0.222656 0.210938 0.222656 0.214844 0.218750 0.214844 0.216797 0.216797 0.214844 0.216797 0.207031 0.212891 0.203125 0.210938 0.203125 0.208984 0.201172 0.203125 0.201172 0.201172 0.199219 0.201172 0.195312 0.197266 0.191406
0 0.533203 0.177734 0.531250 0.179688 0.527344 0.179688 0.519531 0.187500 0.519531 0.195312 0.523438 0.199219 0.525391 0.199219 0.527344 0.201172 0.527344 0.205078 0.531250 0.208984 0.539062 0.208984 0.542969 0.205078 0.542969 0.197266 0.548828 0.191406 0.548828 0.183594 0.544922 0.179688 0.542969 0.179688 0.541016 0.177734
0 0.611328 0.154297 0.601562 0.164062 0.593750 0.164062 0.589844 0.167969 0.589844 0.169922 0.585938 0.173828 0.582031 0.173828 0.580078 0.171875 0.580078 0.169922 0.576172 0.166016 0.568359 0.166016 0.560547 0.173828 0.560547 0.177734 0.552734 0.185547 0.552734 0.193359 0.554688 0.195312 0.554688 0.199219 0.560547 0.205078 0.568359 0.205078 0.576172 0.197266 0.576172 0.193359 0.578125 0.191406 0.582031 0.195312 0.591797 0.195312 0.597656 0.189453 0.597656 0.187500 0.601562 0.183594 0.601562 0.181641 0.603516 0.179688 0.613281 0.179688 0.619141 0.173828 0.619141 0.171875 0.623047 0.167969 0.623047 0.158203 0.619141 0.154297
0 0.306641 0.121094 0.302734 0.125000 0.300781 0.125000 0.292969 0.132812 0.287109 0.126953 0.279297 0.126953 0.275391 0.130859 0.275391 0.138672 0.261719 0.152344 0.261719 0.164062 0.265625 0.167969 0.275391 0.167969 0.279297 0.164062 0.279297 0.160156 0.285156 0.154297 0.285156 0.150391 0.291016 0.144531 0.292969 0.144531 0.294922 0.146484 0.308594 0.146484 0.312500 0.142578 0.312500 0.140625 0.316406 0.136719 0.318359 0.136719 0.320312 0.138672 0.335938 0.138672 0.339844 0.134766 0.339844 0.125000 0.335938 0.121094 0.328125 0.121094 0.326172 0.123047 0.320312 0.123047 0.318359 0.125000 0.314453 0.121094
0 0.634766 0.099609 0.630859 0.103516 0.630859 0.107422 0.625000 0.113281 0.621094 0.113281 0.617188 0.117188 0.617188 0.121094 0.607422 0.130859 0.607422 0.138672 0.611328 0.142578 0.621094 0.142578 0.628906 0.134766 0.630859 0.136719 0.630859 0.144531 0.628906 0.146484 0.628906 0.154297 0.632812 0.158203 0.640625 0.158203 0.644531 0.154297 0.679688 0.154297 0.681641 0.152344 0.685547 0.152344 0.687500 0.150391 0.691406 0.150391 0.697266 0.144531 0.699219 0.144531 0.701172 0.142578 0.705078 0.142578 0.707031 0.144531 0.703125 0.148438 0.703125 0.158203 0.705078 0.160156 0.697266 0.167969 0.697266 0.171875 0.695312 0.173828 0.695312 0.177734 0.693359 0.179688 0.693359 0.189453 0.691406 0.191406 0.691406 0.201172 0.695312 0.205078 0.703125 0.205078 0.708984 0.199219 0.708984 0.187500 0.710938 0.185547 0.712891 0.187500 0.712891 0.205078 0.708984 0.208984 0.708984 0.216797 0.712891 0.220703 0.714844 0.220703 0.716797 0.222656 0.716797 0.232422 0.720703 0.236328 0.722656 0.236328 0.724609 0.238281 0.724609 0.240234 0.726562 0.242188 0.726562 0.244141 0.728516 0.246094 0.728516 0.248047 0.736328 0.255859 0.744141 0.255859 0.748047 0.251953 0.751953 0.251953 0.753906 0.253906 0.751953 0.255859 0.751953 0.261719 0.746094 0.267578 0.746094 0.277344 0.751953 0.283203 0.751953 0.287109 0.755859 0.291016 0.755859 0.310547 0.753906 0.312500 0.755859 0.314453 0.755859 0.322266 0.753906 0.324219 0.753906 0.326172 0.755859 0.328125 0.757812 0.328125 0.761719 0.332031 0.787109 0.332031 0.789062 0.330078 0.792969 0.330078 0.794922 0.332031 0.794922 0.333984 0.796875 0.335938 0.796875 0.341797 0.800781 0.345703 0.818359 0.345703 0.824219 0.351562 0.822266 0.353516 0.810547 0.353516 0.806641 0.357422 0.806641 0.365234 0.810547 0.369141 0.810547 0.371094 0.808594 0.373047 0.806641 0.373047 0.804688 0.371094 0.796875 0.371094 0.789062 0.378906 0.789062 0.380859 0.787109 0.382812 0.787109 0.400391 0.789062 0.402344 0.789062 0.406250 0.792969 0.410156 0.794922 0.410156 0.804688 0.419922 0.820312 0.419922 0.824219 0.416016 0.824219 0.404297 0.828125 0.400391 0.857422 0.400391 0.859375 0.402344 0.859375 0.412109 0.869141 0.421875 0.871094 0.421875 0.873047 0.423828 0.882812 0.423828 0.884766 0.421875 0.917969 0.421875 0.919922 0.423828 0.937500 0.423828 0.939453 0.425781 0.945312 0.425781 0.947266 0.427734 0.951172 0.427734 0.953125 0.429688 0.958984 0.429688 0.960938 0.431641 0.962891 0.431641 0.964844 0.433594 0.976562 0.433594 0.978516 0.435547 0.998047 0.435547 0.998047 0.349609 0.996094 0.347656 0.990234 0.347656 0.986328 0.343750 0.978516 0.343750 0.974609 0.347656 0.974609 0.351562 0.972656 0.353516 0.970703 0.351562 0.970703 0.347656 0.964844 0.341797 0.957031 0.341797 0.955078 0.339844 0.947266 0.339844 0.945312 0.337891 0.945312 0.335938 0.947266 0.333984 0.960938 0.333984 0.964844 0.330078 0.964844 0.322266 0.966797 0.320312 0.970703 0.320312 0.972656 0.318359 0.976562 0.318359 0.978516 0.316406 0.980469 0.316406 0.984375 0.312500 0.984375 0.310547 0.986328 0.308594 0.986328 0.300781 0.982422 0.296875 0.972656 0.296875 0.970703 0.294922 0.970703 0.281250 0.968750 0.279297 0.968750 0.265625 0.962891 0.259766 0.937500 0.259766 0.935547 0.257812 0.943359 0.250000 0.943359 0.248047 0.947266 0.244141 0.947266 0.234375 0.943359 0.230469 0.935547 0.230469 0.933594 0.232422 0.927734 0.226562 0.925781 0.226562 0.923828 0.224609 0.912109 0.224609 0.908203 0.228516 0.908203 0.236328 0.912109 0.240234 0.908203 0.244141 0.908203 0.257812 0.910156 0.259766 0.910156 0.267578 0.908203 0.269531 0.904297 0.269531 0.902344 0.271484 0.894531 0.271484 0.890625 0.275391 0.890625 0.277344 0.888672 0.279297 0.886719 0.279297 0.884766 0.281250 0.875000 0.281250 0.871094 0.285156 0.871094 0.287109 0.863281 0.294922 0.857422 0.294922 0.855469 0.292969 0.847656 0.292969 0.843750 0.296875 0.841797 0.294922 0.824219 0.294922 0.822266 0.296875 0.820312 0.296875 0.814453 0.291016 0.806641 0.291016 0.804688 0.292969 0.800781 0.289062 0.800781 0.287109 0.798828 0.285156 0.798828 0.275391 0.794922 0.271484 0.794922 0.265625 0.791016 0.261719 0.789062 0.261719 0.787109 0.259766 0.787109 0.251953 0.777344 0.242188 0.777344 0.238281 0.773438 0.234375 0.771484 0.234375 0.767578 0.230469 0.767578 0.224609 0.765625 0.222656 0.765625 0.216797 0.763672 0.214844 0.763672 0.212891 0.757812 0.207031 0.757812 0.205078 0.755859 0.203125 0.755859 0.197266 0.753906 0.195312 0.753906 0.193359 0.751953 0.191406 0.751953 0.187500 0.750000 0.185547 0.750000 0.175781 0.748047 0.173828 0.748047 0.167969 0.744141 0.164062 0.744141 0.162109 0.742188 0.160156 0.742188 0.156250 0.740234 0.154297 0.740234 0.146484 0.750000 0.136719 0.750000 0.130859 0.753906 0.126953 0.753906 0.119141 0.750000 0.115234 0.740234 0.115234 0.736328 0.119141 0.736328 0.121094 0.734375 0.123047 0.734375 0.126953 0.732422 0.128906 0.722656 0.128906 0.718750 0.132812 0.718750 0.138672 0.714844 0.142578 0.712891 0.142578 0.710938 0.140625 0.712891 0.138672 0.712891 0.130859 0.708984 0.126953 0.691406 0.126953 0.687500 0.130859 0.687500 0.132812 0.685547 0.134766 0.677734 0.134766 0.675781 0.136719 0.671875 0.136719 0.669922 0.138672 0.660156 0.138672 0.658203 0.136719 0.656250 0.136719 0.650391 0.130859 0.648438 0.130859 0.646484 0.128906 0.646484 0.126953 0.648438 0.125000 0.650391 0.125000 0.654297 0.121094 0.654297 0.105469 0.650391 0.101562 0.646484 0.101562 0.644531 0.099609
0 0.683594 0.074219 0.679688 0.078125 0.679688 0.080078 0.673828 0.085938 0.673828 0.089844 0.671875 0.091797 0.671875 0.099609 0.675781 0.103516 0.691406 0.103516 0.695312 0.099609 0.697266 0.099609 0.705078 0.091797 0.705078 0.089844 0.707031 0.087891 0.707031 0.080078 0.703125 0.076172 0.695312 0.076172 0.693359 0.074219
0 0.076172 0.060547 0.072266 0.064453 0.072266 0.074219 0.074219 0.076172 0.074219 0.078125 0.078125 0.082031 0.089844 0.082031 0.093750 0.078125 0.095703 0.078125 0.099609 0.074219 0.099609 0.064453 0.095703 0.060547
0 0.031250 0.058594 0.029297 0.060547 0.017578 0.060547 0.013672 0.064453 0.013672 0.074219 0.019531 0.080078 0.013672 0.085938 0.013672 0.095703 0.017578 0.099609 0.031250 0.099609 0.033203 0.097656 0.037109 0.097656 0.041016 0.093750 0.044922 0.093750 0.046875 0.091797 0.050781 0.091797 0.054688 0.087891 0.054688 0.072266 0.050781 0.068359 0.050781 0.064453 0.044922 0.058594
0 0.634766 0.048828 0.630859 0.052734 0.630859 0.054688 0.625000 0.060547 0.625000 0.064453 0.623047 0.066406 0.621094 0.066406 0.617188 0.062500 0.609375 0.062500 0.605469 0.066406 0.605469 0.076172 0.611328 0.082031 0.621094 0.082031 0.623047 0.083984 0.625000 0.083984 0.632812 0.091797 0.644531 0.091797 0.652344 0.083984 0.652344 0.082031 0.654297 0.080078 0.654297 0.052734 0.650391 0.048828
0 0.732422 0.039062 0.728516 0.042969 0.728516 0.050781 0.732422 0.054688 0.740234 0.054688 0.744141 0.050781 0.744141 0.042969 0.740234 0.039062
0 0.962891 0.021484 0.958984 0.025391 0.957031 0.025391 0.953125 0.029297 0.953125 0.044922 0.957031 0.048828 0.960938 0.048828 0.962891 0.050781 0.964844 0.050781 0.968750 0.054688 0.968750 0.058594 0.962891 0.064453 0.962891 0.072266 0.968750 0.078125 0.970703 0.078125 0.972656 0.080078 0.966797 0.085938 0.966797 0.093750 0.970703 0.097656 0.972656 0.097656 0.974609 0.099609 0.974609 0.109375 0.976562 0.111328 0.976562 0.113281 0.980469 0.117188 0.980469 0.119141 0.986328 0.125000 0.986328 0.134766 0.984375 0.136719 0.984375 0.152344 0.988281 0.156250 0.990234 0.156250 0.992188 0.158203 0.998047 0.158203 0.998047 0.080078 0.992188 0.074219 0.992188 0.072266 0.988281 0.068359 0.988281 0.064453 0.984375 0.060547 0.984375 0.044922 0.978516 0.039062 0.980469 0.037109 0.980469 0.025391 0.976562 0.021484
0 0.011719 0.019531 0.009766 0.021484 0.007812 0.021484 0.000000 0.029297 0.000000 0.048828 0.005859 0.048828 0.007812 0.046875 0.009766 0.046875 0.013672 0.042969 0.019531 0.042969 0.023438 0.039062 0.025391 0.039062 0.031250 0.033203 0.031250 0.023438 0.027344 0.019531
0 0.798828 0.000000 0.798828 0.007812 0.802734 0.011719 0.812500 0.011719 0.814453 0.009766 0.824219 0.009766 0.826172 0.007812 0.837891 0.007812 0.839844 0.009766 0.843750 0.009766 0.845703 0.011719 0.845703 0.013672 0.847656 0.015625 0.847656 0.031250 0.849609 0.033203 0.849609 0.039062 0.851562 0.041016 0.851562 0.050781 0.855469 0.054688 0.861328 0.054688 0.863281 0.056641 0.863281 0.058594 0.861328 0.060547 0.861328 0.070312 0.865234 0.074219 0.857422 0.082031 0.845703 0.082031 0.839844 0.076172 0.826172 0.076172 0.820312 0.082031 0.818359 0.082031 0.816406 0.083984 0.814453 0.083984 0.810547 0.087891 0.810547 0.091797 0.806641 0.095703 0.800781 0.095703 0.794922 0.101562 0.794922 0.109375 0.798828 0.113281 0.808594 0.113281 0.810547 0.111328 0.818359 0.111328 0.822266 0.107422 0.833984 0.107422 0.835938 0.105469 0.839844 0.105469 0.841797 0.103516 0.847656 0.103516 0.851562 0.099609 0.853516 0.099609 0.855469 0.097656 0.865234 0.097656 0.867188 0.095703 0.869141 0.097656 0.869141 0.101562 0.873047 0.105469 0.873047 0.107422 0.878906 0.113281 0.878906 0.126953 0.882812 0.130859 0.884766 0.130859 0.886719 0.132812 0.890625 0.132812 0.896484 0.138672 0.898438 0.138672 0.900391 0.140625 0.902344 0.140625 0.906250 0.144531 0.917969 0.144531 0.923828 0.138672 0.925781 0.140625 0.925781 0.144531 0.927734 0.146484 0.925781 0.148438 0.925781 0.160156 0.921875 0.164062 0.917969 0.164062 0.916016 0.166016 0.914062 0.166016 0.910156 0.169922 0.910156 0.177734 0.916016 0.183594 0.916016 0.201172 0.921875 0.207031 0.935547 0.207031 0.939453 0.203125 0.949219 0.203125 0.957031 0.195312 0.964844 0.195312 0.966797 0.197266 0.966797 0.203125 0.970703 0.207031 0.966797 0.210938 0.966797 0.222656 0.968750 0.224609 0.966797 0.226562 0.962891 0.226562 0.957031 0.232422 0.957031 0.240234 0.960938 0.244141 0.976562 0.244141 0.976562 0.240234 0.982422 0.234375 0.984375 0.234375 0.984375 0.232422 0.986328 0.230469 0.988281 0.230469 0.990234 0.228516 0.992188 0.228516 0.992188 0.224609 0.994141 0.222656 0.998047 0.222656 0.998047 0.193359 0.994141 0.189453 0.982422 0.189453 0.980469 0.187500 0.984375 0.183594 0.984375 0.175781 0.982422 0.173828 0.982422 0.167969 0.980469 0.166016 0.980469 0.164062 0.968750 0.152344 0.966797 0.152344 0.962891 0.148438 0.962891 0.146484 0.964844 0.144531 0.964844 0.125000 0.962891 0.123047 0.962891 0.115234 0.964844 0.113281 0.964844 0.105469 0.960938 0.101562 0.958984 0.101562 0.957031 0.099609 0.957031 0.095703 0.958984 0.093750 0.957031 0.091797 0.957031 0.085938 0.953125 0.085938 0.947266 0.080078 0.941406 0.080078 0.939453 0.078125 0.941406 0.076172 0.947266 0.076172 0.951172 0.072266 0.951172 0.062500 0.949219 0.060547 0.949219 0.056641 0.947266 0.054688 0.947266 0.039062 0.943359 0.035156 0.937500 0.035156 0.935547 0.033203 0.935547 0.021484 0.933594 0.019531 0.933594 0.017578 0.931641 0.015625 0.931641 0.001953 0.929688 0.000000 0.906250 0.000000 0.904297 0.001953 0.904297 0.009766 0.910156 0.015625 0.910156 0.023438 0.914062 0.027344 0.917969 0.027344 0.919922 0.029297 0.919922 0.046875 0.923828 0.050781 0.929688 0.050781 0.931641 0.052734 0.927734 0.056641 0.927734 0.064453 0.931641 0.068359 0.933594 0.068359 0.935547 0.070312 0.935547 0.072266 0.939453 0.076172 0.937500 0.078125 0.931641 0.078125 0.927734 0.082031 0.927734 0.083984 0.925781 0.085938 0.925781 0.089844 0.921875 0.093750 0.919922 0.091797 0.914062 0.091797 0.912109 0.089844 0.908203 0.089844 0.906250 0.087891 0.906250 0.083984 0.902344 0.080078 0.890625 0.080078 0.888672 0.078125 0.888672 0.076172 0.890625 0.074219 0.890625 0.039062 0.888672 0.037109 0.888672 0.029297 0.886719 0.027344 0.886719 0.023438 0.878906 0.015625 0.871094 0.015625 0.869141 0.017578 0.865234 0.017578 0.863281 0.015625 0.863281 0.005859 0.861328 0.003906 0.861328 0.001953 0.859375 0.000000
0 0.599609 0.000000 0.599609 0.005859 0.597656 0.007812 0.595703 0.007812 0.591797 0.011719 0.591797 0.019531 0.597656 0.025391 0.609375 0.025391 0.613281 0.021484 0.613281 0.015625 0.615234 0.013672 0.615234 0.011719 0.619141 0.007812 0.646484 0.007812 0.650391 0.003906 0.650391 0.000000
0 0.371094 0.000000 0.365234 0.005859 0.365234 0.011719 0.363281 0.013672 0.363281 0.023438 0.369141 0.029297 0.369141 0.031250 0.367188 0.033203 0.367188 0.037109 0.363281 0.041016 0.365234 0.042969 0.365234 0.058594 0.367188 0.060547 0.367188 0.070312 0.369141 0.072266 0.369141 0.082031 0.365234 0.085938 0.365234 0.089844 0.359375 0.095703 0.359375 0.097656 0.353516 0.103516 0.353516 0.111328 0.355469 0.113281 0.355469 0.119141 0.357422 0.121094 0.357422 0.125000 0.359375 0.126953 0.355469 0.130859 0.353516 0.130859 0.349609 0.134766 0.349609 0.142578 0.353516 0.146484 0.363281 0.146484 0.367188 0.142578 0.371094 0.142578 0.376953 0.148438 0.376953 0.158203 0.380859 0.162109 0.388672 0.162109 0.392578 0.158203 0.392578 0.148438 0.390625 0.148438 0.386719 0.144531 0.386719 0.142578 0.388672 0.140625 0.392578 0.144531 0.394531 0.144531 0.396484 0.146484 0.400391 0.146484 0.406250 0.152344 0.406250 0.154297 0.408203 0.156250 0.406250 0.158203 0.406250 0.162109 0.402344 0.166016 0.402344 0.175781 0.406250 0.179688 0.410156 0.179688 0.412109 0.181641 0.414062 0.181641 0.417969 0.185547 0.419922 0.185547 0.421875 0.187500 0.416016 0.193359 0.416016 0.203125 0.417969 0.205078 0.417969 0.208984 0.421875 0.212891 0.421875 0.216797 0.423828 0.218750 0.423828 0.220703 0.425781 0.222656 0.425781 0.226562 0.427734 0.228516 0.427734 0.242188 0.425781 0.244141 0.425781 0.251953 0.429688 0.255859 0.431641 0.255859 0.433594 0.257812 0.433594 0.269531 0.435547 0.271484 0.435547 0.275391 0.439453 0.279297 0.439453 0.281250 0.441406 0.283203 0.441406 0.287109 0.445312 0.291016 0.455078 0.291016 0.457031 0.292969 0.455078 0.294922 0.455078 0.296875 0.447266 0.304688 0.447266 0.312500 0.451172 0.316406 0.449219 0.318359 0.445312 0.318359 0.441406 0.322266 0.441406 0.333984 0.445312 0.337891 0.453125 0.337891 0.457031 0.341797 0.458984 0.341797 0.460938 0.343750 0.462891 0.343750 0.468750 0.349609 0.468750 0.353516 0.464844 0.357422 0.464844 0.359375 0.468750 0.363281 0.468750 0.367188 0.466797 0.369141 0.466797 0.378906 0.470703 0.378906 0.476562 0.384766 0.476562 0.390625 0.478516 0.390625 0.482422 0.394531 0.478516 0.398438 0.478516 0.406250 0.480469 0.408203 0.480469 0.423828 0.486328 0.429688 0.486328 0.435547 0.492188 0.441406 0.492188 0.449219 0.496094 0.453125 0.496094 0.460938 0.500000 0.464844 0.511719 0.464844 0.515625 0.468750 0.515625 0.472656 0.517578 0.474609 0.511719 0.480469 0.511719 0.494141 0.515625 0.498047 0.517578 0.498047 0.525391 0.505859 0.525391 0.509766 0.527344 0.511719 0.527344 0.535156 0.529297 0.537109 0.529297 0.539062 0.531250 0.541016 0.531250 0.546875 0.533203 0.548828 0.533203 0.552734 0.535156 0.554688 0.535156 0.558594 0.541016 0.564453 0.548828 0.564453 0.552734 0.560547 0.552734 0.550781 0.550781 0.548828 0.550781 0.544922 0.548828 0.542969 0.548828 0.541016 0.546875 0.539062 0.546875 0.533203 0.544922 0.531250 0.544922 0.529297 0.542969 0.527344 0.542969 0.505859 0.541016 0.503906 0.541016 0.494141 0.535156 0.488281 0.533203 0.488281 0.531250 0.486328 0.531250 0.484375 0.535156 0.480469 0.535156 0.476562 0.537109 0.474609 0.537109 0.468750 0.541016 0.464844 0.541016 0.460938 0.544922 0.457031 0.546875 0.458984 0.546875 0.460938 0.550781 0.464844 0.558594 0.464844 0.562500 0.460938 0.562500 0.455078 0.568359 0.449219 0.568359 0.443359 0.570312 0.441406 0.570312 0.439453 0.574219 0.435547 0.574219 0.433594 0.576172 0.431641 0.576172 0.425781 0.578125 0.423828 0.580078 0.423828 0.583984 0.419922 0.583984 0.412109 0.580078 0.408203 0.568359 0.408203 0.566406 0.410156 0.564453 0.408203 0.564453 0.400391 0.562500 0.398438 0.562500 0.396484 0.558594 0.392578 0.550781 0.392578 0.546875 0.396484 0.546875 0.404297 0.548828 0.406250 0.548828 0.417969 0.554688 0.423828 0.554688 0.425781 0.558594 0.429688 0.554688 0.433594 0.554688 0.439453 0.552734 0.441406 0.552734 0.447266 0.548828 0.451172 0.546875 0.449219 0.546875 0.447266 0.542969 0.443359 0.535156 0.443359 0.525391 0.453125 0.513672 0.453125 0.509766 0.449219 0.509766 0.441406 0.503906 0.435547 0.503906 0.429688 0.501953 0.427734 0.501953 0.423828 0.496094 0.417969 0.496094 0.410156 0.494141 0.408203 0.494141 0.398438 0.490234 0.394531 0.490234 0.382812 0.484375 0.376953 0.484375 0.371094 0.482422 0.369141 0.482422 0.365234 0.480469 0.363281 0.480469 0.357422 0.478516 0.355469 0.478516 0.353516 0.476562 0.351562 0.478516 0.349609 0.476562 0.347656 0.476562 0.335938 0.474609 0.333984 0.474609 0.312500 0.472656 0.310547 0.472656 0.308594 0.474609 0.306641 0.478516 0.306641 0.480469 0.304688 0.482422 0.304688 0.486328 0.300781 0.486328 0.291016 0.488281 0.289062 0.494141 0.289062 0.496094 0.287109 0.500000 0.287109 0.505859 0.281250 0.509766 0.281250 0.511719 0.279297 0.519531 0.279297 0.525391 0.273438 0.539062 0.273438 0.542969 0.269531 0.542969 0.259766 0.539062 0.255859 0.527344 0.255859 0.525391 0.257812 0.511719 0.257812 0.505859 0.263672 0.503906 0.263672 0.501953 0.265625 0.500000 0.265625 0.498047 0.267578 0.496094 0.267578 0.494141 0.269531 0.492188 0.269531 0.490234 0.271484 0.486328 0.271484 0.484375 0.273438 0.478516 0.273438 0.474609 0.277344 0.474609 0.285156 0.470703 0.289062 0.468750 0.287109 0.468750 0.279297 0.466797 0.277344 0.466797 0.269531 0.462891 0.265625 0.458984 0.265625 0.457031 0.263672 0.457031 0.261719 0.451172 0.255859 0.451172 0.251953 0.449219 0.250000 0.449219 0.242188 0.443359 0.236328 0.443359 0.234375 0.445312 0.232422 0.445312 0.228516 0.447266 0.226562 0.447266 0.214844 0.449219 0.212891 0.449219 0.201172 0.447266 0.199219 0.447266 0.197266 0.451172 0.193359 0.455078 0.193359 0.462891 0.185547 0.462891 0.181641 0.464844 0.179688 0.464844 0.171875 0.460938 0.167969 0.457031 0.167969 0.455078 0.166016 0.455078 0.160156 0.447266 0.152344 0.449219 0.150391 0.451172 0.150391 0.457031 0.144531 0.458984 0.144531 0.462891 0.140625 0.462891 0.138672 0.464844 0.136719 0.466797 0.136719 0.468750 0.134766 0.470703 0.134766 0.472656 0.132812 0.476562 0.132812 0.478516 0.130859 0.486328 0.130859 0.490234 0.126953 0.492188 0.126953 0.496094 0.123047 0.496094 0.121094 0.498047 0.119141 0.498047 0.113281 0.500000 0.111328 0.501953 0.111328 0.503906 0.109375 0.507812 0.109375 0.511719 0.105469 0.523438 0.105469 0.527344 0.101562 0.527344 0.099609 0.531250 0.095703 0.533203 0.095703 0.537109 0.091797 0.537109 0.089844 0.539062 0.087891 0.539062 0.085938 0.541016 0.083984 0.541016 0.074219 0.537109 0.070312 0.533203 0.070312 0.531250 0.068359 0.531250 0.064453 0.527344 0.060547 0.527344 0.048828 0.523438 0.044922 0.523438 0.042969 0.525391 0.041016 0.525391 0.033203 0.521484 0.029297 0.523438 0.027344 0.525391 0.027344 0.531250 0.021484 0.531250 0.019531 0.533203 0.017578 0.535156 0.017578 0.539062 0.013672 0.539062 0.001953 0.537109 0.000000 0.523438 0.000000 0.521484 0.001953 0.521484 0.003906 0.517578 0.007812 0.515625 0.005859 0.515625 0.001953 0.513672 0.000000 0.427734 0.000000 0.425781 0.001953 0.421875 0.001953 0.417969 0.005859 0.416016 0.005859 0.408203 0.013672 0.398438 0.013672 0.392578 0.019531 0.392578 0.031250 0.396484 0.035156 0.404297 0.035156 0.410156 0.029297 0.427734 0.029297 0.429688 0.027344 0.431641 0.027344 0.433594 0.025391 0.439453 0.025391 0.443359 0.021484 0.453125 0.021484 0.455078 0.019531 0.458984 0.019531 0.460938 0.017578 0.472656 0.017578 0.474609 0.015625 0.476562 0.015625 0.480469 0.011719 0.494141 0.011719 0.496094 0.009766 0.500000 0.009766 0.503906 0.013672 0.509766 0.013672 0.511719 0.015625 0.511719 0.023438 0.515625 0.027344 0.513672 0.029297 0.509766 0.029297 0.505859 0.033203 0.503906 0.033203 0.500000 0.037109 0.500000 0.041016 0.498047 0.042969 0.494141 0.042969 0.492188 0.044922 0.486328 0.044922 0.484375 0.046875 0.482422 0.046875 0.480469 0.048828 0.478516 0.048828 0.476562 0.050781 0.468750 0.050781 0.466797 0.052734 0.462891 0.052734 0.460938 0.054688 0.458984 0.054688 0.455078 0.058594 0.451172 0.058594 0.449219 0.060547 0.447266 0.060547 0.445312 0.062500 0.437500 0.062500 0.435547 0.064453 0.433594 0.064453 0.429688 0.068359 0.425781 0.068359 0.423828 0.070312 0.419922 0.070312 0.412109 0.078125 0.410156 0.078125 0.400391 0.087891 0.400391 0.103516 0.402344 0.105469 0.402344 0.109375 0.400391 0.111328 0.396484 0.111328 0.392578 0.115234 0.392578 0.126953 0.390625 0.128906 0.390625 0.130859 0.388672 0.132812 0.388672 0.140625 0.386719 0.142578 0.384766 0.140625 0.384766 0.138672 0.382812 0.136719 0.382812 0.130859 0.380859 0.128906 0.380859 0.121094 0.375000 0.115234 0.375000 0.111328 0.376953 0.109375 0.378906 0.111328 0.388672 0.111328 0.392578 0.107422 0.392578 0.099609 0.390625 0.097656 0.390625 0.095703 0.384766 0.089844 0.386719 0.087891 0.386719 0.080078 0.384766 0.078125 0.384766 0.064453 0.382812 0.062500 0.382812 0.048828 0.384766 0.046875 0.384766 0.037109 0.382812 0.035156 0.382812 0.033203 0.380859 0.031250 0.386719 0.025391 0.386719 0.017578 0.384766 0.015625 0.384766 0.005859 0.378906 0.000000
0 0.222656 0.000000 0.218750 0.003906 0.218750 0.011719 0.222656 0.015625 0.230469 0.015625 0.234375 0.011719 0.234375 0.003906 0.230469 0.000000