0 0.216797 0.974609 0.212891 0.978516 0.212891 0.980469 0.210938 0.982422 0.207031 0.978516 0.199219 0.978516 0.195312 0.982422 0.195312 0.986328 0.193359 0.988281 0.189453 0.984375 0.181641 0.984375 0.177734 0.988281 0.177734 0.996094 0.179688 0.998047 0.191406 0.998047 0.193359 0.996094 0.193359 0.992188 0.195312 0.990234 0.199219 0.994141 0.207031 0.994141 0.210938 0.990234 0.210938 0.988281 0.212891 0.986328 0.216797 0.990234 0.224609 0.990234 0.228516 0.986328 0.228516 0.978516 0.224609 0.974609
0 0.240234 0.964844 0.232422 0.972656 0.232422 0.980469 0.236328 0.984375 0.244141 0.984375 0.251953 0.976562 0.251953 0.968750 0.248047 0.964844
0 0.984375 0.960938 0.980469 0.964844 0.980469 0.984375 0.984375 0.988281 0.994141 0.988281 0.998047 0.984375 0.998047 0.976562 0.996094 0.974609 0.996094 0.964844 0.992188 0.960938
0 0.369141 0.951172 0.365234 0.955078 0.363281 0.955078 0.361328 0.957031 0.355469 0.957031 0.349609 0.962891 0.349609 0.970703 0.353516 0.974609 0.355469 0.974609 0.357422 0.976562 0.357422 0.982422 0.363281 0.988281 0.363281 0.994141 0.367188 0.998047 0.386719 0.998047 0.386719 0.984375 0.384766 0.982422 0.384766 0.980469 0.386719 0.978516 0.386719 0.962891 0.380859 0.957031 0.380859 0.955078 0.376953 0.951172
0 0.285156 0.949219 0.281250 0.953125 0.281250 0.960938 0.287109 0.966797 0.292969 0.966797 0.294922 0.968750 0.292969 0.970703 0.289062 0.970703 0.285156 0.974609 0.281250 0.974609 0.277344 0.978516 0.277344 0.986328 0.281250 0.990234 0.283203 0.990234 0.285156 0.992188 0.312500 0.992188 0.316406 0.988281 0.316406 0.986328 0.318359 0.984375 0.326172 0.984375 0.330078 0.980469 0.330078 0.972656 0.326172 0.968750 0.324219 0.968750 0.322266 0.966797 0.308594 0.966797 0.306641 0.968750 0.296875 0.968750 0.294922 0.966797 0.298828 0.962891 0.298828 0.953125 0.294922 0.949219
0 0.314453 0.943359 0.310547 0.947266 0.308594 0.947266 0.304688 0.951172 0.304688 0.958984 0.308594 0.962891 0.320312 0.962891 0.326172 0.957031 0.326172 0.947266 0.322266 0.943359
0 0.476562 0.929688 0.472656 0.933594 0.472656 0.941406 0.474609 0.943359 0.474609 0.949219 0.480469 0.955078 0.480469 0.964844 0.484375 0.968750 0.484375 0.972656 0.486328 0.974609 0.486328 0.976562 0.488281 0.978516 0.488281 0.986328 0.490234 0.988281 0.490234 0.992188 0.492188 0.994141 0.492188 0.996094 0.494141 0.998047 0.513672 0.998047 0.513672 0.990234 0.505859 0.982422 0.505859 0.980469 0.503906 0.978516 0.503906 0.968750 0.501953 0.966797 0.501953 0.964844 0.500000 0.962891 0.500000 0.960938 0.498047 0.958984 0.498047 0.957031 0.496094 0.955078 0.496094 0.945312 0.490234 0.939453 0.490234 0.933594 0.486328 0.929688
0 0.414062 0.923828 0.410156 0.927734 0.410156 0.933594 0.404297 0.939453 0.404297 0.947266 0.408203 0.951172 0.416016 0.951172 0.419922 0.947266 0.419922 0.941406 0.425781 0.935547 0.425781 0.927734 0.421875 0.923828
0 0.199219 0.906250 0.193359 0.912109 0.191406 0.912109 0.185547 0.917969 0.179688 0.917969 0.175781 0.921875 0.175781 0.929688 0.179688 0.933594 0.193359 0.933594 0.199219 0.927734 0.201172 0.927734 0.203125 0.925781 0.205078 0.925781 0.210938 0.919922 0.210938 0.910156 0.207031 0.906250
0 0.466797 0.896484 0.462891 0.900391 0.462891 0.908203 0.466797 0.912109 0.474609 0.912109 0.478516 0.908203 0.478516 0.900391 0.474609 0.896484
0 0.328125 0.890625 0.324219 0.894531 0.318359 0.894531 0.314453 0.898438 0.314453 0.906250 0.316406 0.908203 0.316406 0.910156 0.320312 0.914062 0.333984 0.914062 0.341797 0.906250 0.341797 0.898438 0.339844 0.896484 0.339844 0.894531 0.335938 0.890625
0 0.269531 0.886719 0.263672 0.892578 0.261719 0.890625 0.251953 0.890625 0.248047 0.894531 0.248047 0.902344 0.251953 0.906250 0.253906 0.906250 0.255859 0.908203 0.267578 0.908203 0.269531 0.910156 0.277344 0.910156 0.281250 0.906250 0.281250 0.902344 0.283203 0.900391 0.283203 0.892578 0.277344 0.886719
0 0.162109 0.886719 0.156250 0.892578 0.150391 0.892578 0.148438 0.894531 0.146484 0.894531 0.140625 0.900391 0.140625 0.908203 0.138672 0.910156 0.138672 0.917969 0.142578 0.921875 0.148438 0.921875 0.150391 0.923828 0.158203 0.923828 0.160156 0.925781 0.156250 0.929688 0.154297 0.929688 0.150391 0.933594 0.150391 0.941406 0.154297 0.945312 0.162109 0.945312 0.166016 0.941406 0.167969 0.941406 0.171875 0.937500 0.171875 0.929688 0.166016 0.923828 0.173828 0.916016 0.173828 0.908203 0.171875 0.906250 0.171875 0.904297 0.173828 0.902344 0.173828 0.890625 0.169922 0.886719
0 0.312500 0.869141 0.308594 0.873047 0.308594 0.880859 0.316406 0.888672 0.324219 0.888672 0.328125 0.884766 0.328125 0.873047 0.324219 0.869141
0 0.955078 0.828125 0.951172 0.832031 0.951172 0.833984 0.949219 0.835938 0.945312 0.835938 0.941406 0.839844 0.941406 0.847656 0.937500 0.851562 0.923828 0.851562 0.921875 0.853516 0.917969 0.853516 0.912109 0.859375 0.912109 0.867188 0.916016 0.871094 0.923828 0.871094 0.925781 0.869141 0.931641 0.869141 0.933594 0.867188 0.947266 0.867188 0.953125 0.861328 0.953125 0.851562 0.957031 0.847656 0.962891 0.847656 0.970703 0.839844 0.970703 0.832031 0.966797 0.828125
0 0.300781 0.783203 0.296875 0.787109 0.296875 0.794922 0.300781 0.798828 0.308594 0.798828 0.312500 0.794922 0.312500 0.787109 0.308594 0.783203
0 0.132812 0.783203 0.130859 0.785156 0.128906 0.785156 0.126953 0.787109 0.125000 0.787109 0.121094 0.791016 0.121094 0.798828 0.125000 0.802734 0.134766 0.802734 0.136719 0.800781 0.140625 0.800781 0.144531 0.796875 0.144531 0.787109 0.140625 0.783203
0 0.320312 0.775391 0.316406 0.779297 0.316406 0.787109 0.320312 0.791016 0.328125 0.791016 0.332031 0.787109 0.332031 0.779297 0.328125 0.775391
0 0.191406 0.716797 0.181641 0.726562 0.181641 0.740234 0.179688 0.742188 0.179688 0.750000 0.183594 0.753906 0.193359 0.753906 0.195312 0.751953 0.199219 0.751953 0.203125 0.748047 0.205078 0.748047 0.207031 0.746094 0.208984 0.746094 0.212891 0.742188 0.214844 0.742188 0.216797 0.740234 0.218750 0.740234 0.226562 0.732422 0.226562 0.724609 0.222656 0.720703 0.214844 0.720703 0.212891 0.718750 0.210938 0.718750 0.208984 0.716797
0 0.091797 0.691406 0.087891 0.695312 0.080078 0.695312 0.078125 0.697266 0.066406 0.697266 0.064453 0.699219 0.062500 0.699219 0.056641 0.693359 0.037109 0.693359 0.025391 0.705078 0.023438 0.705078 0.019531 0.708984 0.019531 0.714844 0.015625 0.718750 0.015625 0.720703 0.011719 0.724609 0.005859 0.724609 0.001953 0.728516 0.001953 0.736328 0.005859 0.740234 0.019531 0.740234 0.021484 0.738281 0.029297 0.738281 0.033203 0.742188 0.035156 0.742188 0.037109 0.744141 0.039062 0.744141 0.041016 0.746094 0.042969 0.746094 0.044922 0.748047 0.044922 0.750000 0.048828 0.753906 0.058594 0.753906 0.066406 0.746094 0.070312 0.750000 0.070312 0.751953 0.074219 0.755859 0.072266 0.757812 0.070312 0.757812 0.066406 0.761719 0.066406 0.763672 0.064453 0.765625 0.060547 0.765625 0.058594 0.763672 0.054688 0.763672 0.052734 0.761719 0.048828 0.761719 0.039062 0.751953 0.031250 0.751953 0.027344 0.755859 0.027344 0.767578 0.033203 0.773438 0.033203 0.777344 0.037109 0.781250 0.039062 0.781250 0.041016 0.783203 0.042969 0.783203 0.044922 0.785156 0.046875 0.785156 0.048828 0.787109 0.052734 0.787109 0.056641 0.791016 0.080078 0.791016 0.082031 0.789062 0.087891 0.789062 0.093750 0.783203 0.095703 0.783203 0.097656 0.781250 0.099609 0.781250 0.101562 0.779297 0.105469 0.779297 0.111328 0.773438 0.111328 0.761719 0.107422 0.757812 0.107422 0.744141 0.109375 0.742188 0.111328 0.742188 0.117188 0.736328 0.117188 0.714844 0.113281 0.710938 0.113281 0.708984 0.107422 0.703125 0.105469 0.703125 0.103516 0.701172 0.103516 0.695312 0.099609 0.691406
0 0.810547 0.689453 0.806641 0.693359 0.806641 0.701172 0.808594 0.703125 0.808594 0.707031 0.806641 0.708984 0.806641 0.716797 0.810547 0.720703 0.814453 0.720703 0.816406 0.722656 0.816406 0.724609 0.824219 0.732422 0.847656 0.732422 0.851562 0.728516 0.851562 0.720703 0.847656 0.716797 0.841797 0.716797 0.839844 0.714844 0.839844 0.707031 0.835938 0.703125 0.833984 0.703125 0.832031 0.701172 0.832031 0.693359 0.828125 0.689453
0 0.802734 0.650391 0.798828 0.654297 0.798828 0.662109 0.802734 0.666016 0.802734 0.673828 0.806641 0.677734 0.814453 0.677734 0.818359 0.673828 0.818359 0.667969 0.820312 0.666016 0.820312 0.654297 0.816406 0.650391
0 0.742188 0.611328 0.738281 0.615234 0.738281 0.623047 0.742188 0.626953 0.750000 0.626953 0.753906 0.623047 0.753906 0.615234 0.750000 0.611328
0 0.691406 0.603516 0.681641 0.613281 0.681641 0.621094 0.685547 0.625000 0.693359 0.625000 0.703125 0.615234 0.703125 0.607422 0.699219 0.603516
0 0.095703 0.570312 0.083984 0.582031 0.083984 0.583984 0.076172 0.591797 0.076172 0.599609 0.080078 0.603516 0.083984 0.603516 0.091797 0.611328 0.109375 0.611328 0.113281 0.615234 0.111328 0.617188 0.111328 0.626953 0.115234 0.630859 0.123047 0.630859 0.126953 0.626953 0.126953 0.625000 0.130859 0.621094 0.130859 0.603516 0.126953 0.599609 0.115234 0.599609 0.113281 0.597656 0.117188 0.593750 0.117188 0.576172 0.111328 0.570312
0 0.042969 0.570312 0.039062 0.574219 0.035156 0.574219 0.021484 0.587891 0.019531 0.587891 0.013672 0.593750 0.003906 0.593750 0.000000 0.597656 0.000000 0.605469 0.003906 0.609375 0.007812 0.609375 0.009766 0.611328 0.007812 0.613281 0.000000 0.613281 0.000000 0.656250 0.001953 0.658203 0.019531 0.658203 0.023438 0.654297 0.027344 0.654297 0.031250 0.650391 0.044922 0.650391 0.046875 0.648438 0.048828 0.648438 0.052734 0.644531 0.052734 0.632812 0.048828 0.628906 0.033203 0.628906 0.027344 0.623047 0.027344 0.619141 0.029297 0.617188 0.033203 0.617188 0.035156 0.619141 0.041016 0.619141 0.042969 0.621094 0.044922 0.621094 0.046875 0.623047 0.054688 0.623047 0.058594 0.619141 0.058594 0.617188 0.060547 0.615234 0.060547 0.603516 0.058594 0.601562 0.060547 0.599609 0.060547 0.593750 0.064453 0.589844 0.064453 0.582031 0.060547 0.578125 0.060547 0.576172 0.056641 0.572266 0.054688 0.572266 0.052734 0.570312
0 0.101562 0.537109 0.097656 0.541016 0.097656 0.556641 0.105469 0.564453 0.115234 0.564453 0.119141 0.560547 0.119141 0.552734 0.113281 0.546875 0.113281 0.541016 0.109375 0.537109
0 0.958984 0.533203 0.955078 0.537109 0.955078 0.544922 0.960938 0.550781 0.958984 0.552734 0.958984 0.560547 0.962891 0.564453 0.964844 0.564453 0.966797 0.566406 0.966797 0.570312 0.970703 0.574219 0.972656 0.574219 0.974609 0.576172 0.970703 0.580078 0.970703 0.587891 0.976562 0.593750 0.976562 0.599609 0.980469 0.603516 0.984375 0.603516 0.986328 0.605469 0.982422 0.609375 0.982422 0.615234 0.978516 0.619141 0.978516 0.626953 0.982422 0.630859 0.994141 0.630859 0.996094 0.632812 0.994141 0.634766 0.986328 0.634766 0.982422 0.638672 0.982422 0.646484 0.986328 0.650391 0.986328 0.652344 0.984375 0.654297 0.984375 0.662109 0.988281 0.666016 0.998047 0.666016 0.998047 0.607422 0.996094 0.605469 0.994141 0.605469 0.992188 0.603516 0.996094 0.599609 0.996094 0.591797 0.990234 0.585938 0.990234 0.578125 0.984375 0.572266 0.986328 0.570312 0.986328 0.562500 0.980469 0.556641 0.980469 0.550781 0.976562 0.546875 0.976562 0.537109 0.972656 0.533203
0 0.949219 0.492188 0.945312 0.496094 0.945312 0.503906 0.953125 0.511719 0.968750 0.511719 0.972656 0.507812 0.972656 0.498047 0.968750 0.494141 0.958984 0.494141 0.957031 0.492188
0 0.751953 0.490234 0.748047 0.494141 0.748047 0.505859 0.757812 0.515625 0.757812 0.517578 0.761719 0.521484 0.761719 0.523438 0.765625 0.527344 0.765625 0.537109 0.767578 0.539062 0.767578 0.542969 0.769531 0.544922 0.769531 0.548828 0.771484 0.550781 0.771484 0.560547 0.775391 0.564453 0.785156 0.564453 0.787109 0.566406 0.804688 0.566406 0.808594 0.562500 0.808594 0.552734 0.806641 0.550781 0.806641 0.544922 0.802734 0.541016 0.787109 0.541016 0.785156 0.539062 0.785156 0.537109 0.783203 0.535156 0.783203 0.529297 0.781250 0.527344 0.781250 0.519531 0.779297 0.517578 0.779297 0.501953 0.777344 0.500000 0.777344 0.498047 0.773438 0.494141 0.769531 0.494141 0.765625 0.490234
0 0.589844 0.484375 0.585938 0.488281 0.580078 0.488281 0.576172 0.492188 0.576172 0.500000 0.580078 0.503906 0.587891 0.503906 0.591797 0.500000 0.597656 0.500000 0.601562 0.496094 0.601562 0.488281 0.597656 0.484375
0 0.623047 0.472656 0.619141 0.476562 0.615234 0.476562 0.611328 0.480469 0.611328 0.488281 0.615234 0.492188 0.623047 0.492188 0.626953 0.488281 0.630859 0.488281 0.634766 0.484375 0.634766 0.476562 0.630859 0.472656
0 0.945312 0.468750 0.943359 0.470703 0.941406 0.470703 0.937500 0.474609 0.937500 0.484375 0.941406 0.488281 0.951172 0.488281 0.958984 0.480469 0.958984 0.472656 0.955078 0.468750
0 0.705078 0.443359 0.701172 0.447266 0.701172 0.455078 0.705078 0.458984 0.712891 0.458984 0.716797 0.455078 0.716797 0.447266 0.712891 0.443359
0 0.679688 0.443359 0.675781 0.447266 0.667969 0.447266 0.664062 0.451172 0.664062 0.455078 0.662109 0.457031 0.660156 0.455078 0.652344 0.455078 0.648438 0.458984 0.648438 0.460938 0.646484 0.462891 0.644531 0.462891 0.640625 0.466797 0.640625 0.474609 0.644531 0.478516 0.654297 0.478516 0.658203 0.474609 0.658203 0.472656 0.664062 0.466797 0.664062 0.462891 0.666016 0.460938 0.667969 0.462891 0.675781 0.462891 0.679688 0.458984 0.687500 0.458984 0.691406 0.455078 0.691406 0.447266 0.687500 0.443359
0 0.732422 0.435547 0.728516 0.439453 0.728516 0.443359 0.724609 0.447266 0.724609 0.455078 0.728516 0.458984 0.740234 0.458984 0.742188 0.460938 0.755859 0.460938 0.759766 0.457031 0.759766 0.449219 0.751953 0.441406 0.750000 0.441406 0.746094 0.437500 0.744141 0.437500 0.742188 0.435547
0 0.525391 0.425781 0.521484 0.429688 0.521484 0.437500 0.519531 0.439453 0.513672 0.439453 0.509766 0.443359 0.509766 0.453125 0.513672 0.457031 0.531250 0.457031 0.535156 0.453125 0.535156 0.451172 0.539062 0.447266 0.539062 0.445312 0.541016 0.443359 0.541016 0.433594 0.539062 0.431641 0.539062 0.429688 0.535156 0.425781
0 0.367188 0.421875 0.365234 0.423828 0.345703 0.423828 0.341797 0.427734 0.341797 0.429688 0.337891 0.433594 0.337891 0.435547 0.332031 0.441406 0.330078 0.439453 0.318359 0.439453 0.314453 0.443359 0.314453 0.451172 0.318359 0.455078 0.320312 0.455078 0.324219 0.458984 0.335938 0.458984 0.337891 0.457031 0.339844 0.457031 0.341797 0.455078 0.343750 0.455078 0.353516 0.445312 0.353516 0.443359 0.357422 0.439453 0.373047 0.439453 0.375000 0.437500 0.380859 0.437500 0.384766 0.433594 0.384766 0.425781 0.380859 0.421875
0 0.408203 0.396484 0.404297 0.400391 0.400391 0.400391 0.396484 0.404297 0.396484 0.412109 0.400391 0.416016 0.408203 0.416016 0.412109 0.412109 0.417969 0.412109 0.421875 0.408203 0.421875 0.400391 0.417969 0.396484
0 0.462891 0.365234 0.458984 0.369141 0.458984 0.376953 0.462891 0.380859 0.484375 0.380859 0.486328 0.382812 0.486328 0.384766 0.480469 0.390625 0.478516 0.390625 0.474609 0.394531 0.474609 0.402344 0.478516 0.406250 0.486328 0.406250 0.492188 0.412109 0.492188 0.417969 0.496094 0.421875 0.503906 0.421875 0.507812 0.425781 0.515625 0.425781 0.519531 0.421875 0.529297 0.421875 0.533203 0.417969 0.533203 0.408203 0.529297 0.404297 0.531250 0.402344 0.539062 0.402344 0.541016 0.400391 0.546875 0.400391 0.550781 0.396484 0.550781 0.388672 0.546875 0.384766 0.541016 0.384766 0.539062 0.382812 0.539062 0.380859 0.533203 0.375000 0.533203 0.371094 0.529297 0.367188 0.513672 0.367188 0.511719 0.365234 0.501953 0.365234 0.498047 0.369141 0.496094 0.367188 0.486328 0.367188 0.484375 0.365234
0 0.570312 0.320312 0.566406 0.324219 0.566406 0.332031 0.570312 0.335938 0.576172 0.335938 0.578125 0.337891 0.570312 0.345703 0.570312 0.355469 0.568359 0.357422 0.562500 0.357422 0.560547 0.359375 0.558594 0.357422 0.558594 0.341797 0.554688 0.337891 0.544922 0.337891 0.542969 0.339844 0.541016 0.339844 0.539062 0.341797 0.529297 0.341797 0.527344 0.343750 0.523438 0.343750 0.521484 0.345703 0.517578 0.345703 0.513672 0.349609 0.513672 0.359375 0.517578 0.363281 0.525391 0.363281 0.529297 0.359375 0.537109 0.359375 0.539062 0.357422 0.541016 0.359375 0.541016 0.361328 0.544922 0.365234 0.552734 0.365234 0.556641 0.361328 0.558594 0.363281 0.558594 0.369141 0.560547 0.371094 0.560547 0.378906 0.564453 0.382812 0.576172 0.382812 0.582031 0.376953 0.582031 0.365234 0.580078 0.363281 0.587891 0.355469 0.597656 0.355469 0.607422 0.345703 0.611328 0.345703 0.615234 0.341797 0.615234 0.333984 0.611328 0.330078 0.597656 0.330078 0.589844 0.337891 0.587891 0.335938 0.582031 0.335938 0.580078 0.333984 0.582031 0.332031 0.582031 0.324219 0.578125 0.320312
0 0.523438 0.220703 0.517578 0.226562 0.511719 0.226562 0.509766 0.228516 0.505859 0.228516 0.503906 0.230469 0.501953 0.230469 0.500000 0.232422 0.498047 0.232422 0.492188 0.238281 0.490234 0.238281 0.488281 0.240234 0.486328 0.240234 0.484375 0.242188 0.482422 0.242188 0.480469 0.244141 0.476562 0.244141 0.474609 0.246094 0.468750 0.246094 0.466797 0.248047 0.464844 0.248047 0.462891 0.250000 0.449219 0.250000 0.445312 0.253906 0.443359 0.253906 0.441406 0.255859 0.423828 0.255859 0.421875 0.257812 0.417969 0.257812 0.416016 0.259766 0.414062 0.259766 0.410156 0.263672 0.408203 0.263672 0.400391 0.271484 0.398438 0.271484 0.396484 0.273438 0.394531 0.273438 0.392578 0.275391 0.384766 0.275391 0.382812 0.277344 0.375000 0.277344 0.373047 0.279297 0.371094 0.279297 0.369141 0.277344 0.361328 0.277344 0.357422 0.281250 0.357422 0.289062 0.355469 0.291016 0.349609 0.291016 0.345703 0.287109 0.337891 0.287109 0.333984 0.291016 0.322266 0.291016 0.318359 0.294922 0.318359 0.296875 0.312500 0.302734 0.312500 0.310547 0.306641 0.316406 0.304688 0.316406 0.302734 0.318359 0.298828 0.318359 0.296875 0.320312 0.289062 0.320312 0.287109 0.322266 0.279297 0.322266 0.277344 0.324219 0.265625 0.324219 0.261719 0.328125 0.253906 0.328125 0.251953 0.326172 0.236328 0.326172 0.230469 0.332031 0.230469 0.333984 0.228516 0.335938 0.216797 0.335938 0.214844 0.337891 0.212891 0.337891 0.210938 0.339844 0.201172 0.339844 0.195312 0.345703 0.195312 0.347656 0.189453 0.353516 0.185547 0.353516 0.183594 0.355469 0.173828 0.355469 0.169922 0.359375 0.166016 0.359375 0.160156 0.365234 0.156250 0.365234 0.154297 0.367188 0.152344 0.367188 0.148438 0.371094 0.146484 0.371094 0.144531 0.373047 0.142578 0.373047 0.140625 0.371094 0.132812 0.371094 0.128906 0.375000 0.128906 0.376953 0.126953 0.378906 0.125000 0.376953 0.117188 0.376953 0.115234 0.378906 0.113281 0.378906 0.109375 0.375000 0.107422 0.375000 0.105469 0.373047 0.095703 0.373047 0.089844 0.378906 0.082031 0.378906 0.072266 0.388672 0.062500 0.388672 0.060547 0.390625 0.058594 0.390625 0.056641 0.392578 0.052734 0.392578 0.044922 0.400391 0.025391 0.400391 0.021484 0.404297 0.021484 0.408203 0.019531 0.410156 0.011719 0.410156 0.007812 0.414062 0.007812 0.425781 0.009766 0.427734 0.001953 0.435547 0.001953 0.437500 0.000000 0.439453 0.000000 0.478516 0.013672 0.478516 0.017578 0.474609 0.021484 0.474609 0.023438 0.472656 0.027344 0.472656 0.029297 0.470703 0.035156 0.470703 0.037109 0.468750 0.039062 0.468750 0.041016 0.466797 0.042969 0.466797 0.044922 0.464844 0.046875 0.464844 0.048828 0.462891 0.054688 0.462891 0.056641 0.460938 0.068359 0.460938 0.070312 0.458984 0.074219 0.458984 0.076172 0.457031 0.078125 0.457031 0.080078 0.455078 0.083984 0.455078 0.085938 0.453125 0.087891 0.453125 0.091797 0.449219 0.091797 0.443359 0.093750 0.441406 0.103516 0.441406 0.113281 0.431641 0.113281 0.429688 0.115234 0.427734 0.115234 0.414062 0.117188 0.412109 0.121094 0.416016 0.148438 0.416016 0.152344 0.412109 0.156250 0.412109 0.160156 0.408203 0.164062 0.408203 0.166016 0.406250 0.167969 0.406250 0.169922 0.404297 0.171875 0.404297 0.173828 0.402344 0.175781 0.402344 0.183594 0.394531 0.185547 0.394531 0.189453 0.390625 0.191406 0.390625 0.199219 0.382812 0.201172 0.382812 0.203125 0.380859 0.205078 0.380859 0.207031 0.378906 0.212891 0.378906 0.214844 0.376953 0.218750 0.376953 0.220703 0.375000 0.222656 0.375000 0.224609 0.373047 0.226562 0.373047 0.232422 0.367188 0.238281 0.367188 0.246094 0.359375 0.246094 0.357422 0.250000 0.353516 0.251953 0.353516 0.253906 0.351562 0.267578 0.351562 0.269531 0.349609 0.273438 0.349609 0.275391 0.347656 0.283203 0.347656 0.287109 0.343750 0.294922 0.343750 0.296875 0.341797 0.298828 0.341797 0.300781 0.339844 0.304688 0.339844 0.306641 0.337891 0.312500 0.337891 0.314453 0.335938 0.320312 0.335938 0.322266 0.333984 0.324219 0.333984 0.332031 0.326172 0.332031 0.324219 0.333984 0.322266 0.345703 0.322266 0.349609 0.318359 0.349609 0.316406 0.351562 0.314453 0.355469 0.314453 0.357422 0.312500 0.361328 0.312500 0.363281 0.310547 0.369141 0.310547 0.373047 0.306641 0.390625 0.306641 0.394531 0.302734 0.400391 0.302734 0.404297 0.298828 0.406250 0.298828 0.408203 0.296875 0.410156 0.296875 0.416016 0.291016 0.416016 0.285156 0.417969 0.283203 0.423828 0.283203 0.425781 0.281250 0.427734 0.281250 0.431641 0.277344 0.435547 0.277344 0.437500 0.275391 0.443359 0.275391 0.445312 0.273438 0.449219 0.273438 0.453125 0.269531 0.460938 0.269531 0.464844 0.265625 0.470703 0.265625 0.472656 0.263672 0.476562 0.263672 0.478516 0.261719 0.482422 0.261719 0.484375 0.259766 0.488281 0.259766 0.490234 0.257812 0.494141 0.257812 0.496094 0.255859 0.498047 0.255859 0.500000 0.253906 0.501953 0.253906 0.509766 0.246094 0.511719 0.246094 0.513672 0.244141 0.519531 0.244141 0.523438 0.240234 0.529297 0.240234 0.531250 0.238281 0.539062 0.238281 0.542969 0.234375 0.542969 0.226562 0.539062 0.222656 0.533203 0.222656 0.531250 0.220703
0 0.964844 0.076172 0.962891 0.078125 0.958984 0.078125 0.957031 0.080078 0.955078 0.080078 0.949219 0.085938 0.945312 0.082031 0.933594 0.082031 0.931641 0.083984 0.927734 0.083984 0.925781 0.085938 0.917969 0.085938 0.916016 0.087891 0.912109 0.087891 0.908203 0.091797 0.904297 0.091797 0.900391 0.095703 0.894531 0.095703 0.892578 0.097656 0.890625 0.097656 0.888672 0.099609 0.886719 0.099609 0.884766 0.101562 0.878906 0.101562 0.871094 0.109375 0.855469 0.109375 0.851562 0.113281 0.851562 0.121094 0.853516 0.123047 0.853516 0.132812 0.859375 0.138672 0.859375 0.146484 0.861328 0.148438 0.861328 0.150391 0.865234 0.154297 0.876953 0.154297 0.892578 0.138672 0.900391 0.138672 0.902344 0.136719 0.906250 0.136719 0.908203 0.134766 0.912109 0.134766 0.914062 0.132812 0.919922 0.132812 0.921875 0.130859 0.933594 0.130859 0.935547 0.132812 0.935547 0.134766 0.939453 0.138672 0.947266 0.138672 0.951172 0.142578 0.953125 0.142578 0.955078 0.144531 0.953125 0.146484 0.953125 0.154297 0.951172 0.156250 0.935547 0.156250 0.931641 0.160156 0.931641 0.162109 0.929688 0.164062 0.929688 0.173828 0.931641 0.175781 0.931641 0.181641 0.935547 0.185547 0.947266 0.185547 0.949219 0.183594 0.953125 0.183594 0.964844 0.171875 0.964844 0.169922 0.970703 0.164062 0.970703 0.160156 0.982422 0.148438 0.982422 0.146484 0.986328 0.142578 0.986328 0.138672 0.988281 0.136719 0.988281 0.115234 0.986328 0.113281 0.986328 0.095703 0.980469 0.089844 0.978516 0.089844 0.976562 0.087891 0.976562 0.080078 0.972656 0.076172
0 0.886719 0.017578 0.882812 0.021484 0.882812 0.031250 0.886719 0.035156 0.884766 0.037109 0.882812 0.037109 0.880859 0.035156 0.861328 0.035156 0.851562 0.044922 0.851562 0.048828 0.849609 0.050781 0.847656 0.050781 0.839844 0.058594 0.839844 0.066406 0.843750 0.070312 0.851562 0.070312 0.853516 0.068359 0.865234 0.068359 0.867188 0.066406 0.869141 0.066406 0.871094 0.064453 0.884766 0.064453 0.892578 0.056641 0.902344 0.056641 0.904297 0.054688 0.914062 0.054688 0.916016 0.052734 0.921875 0.052734 0.923828 0.050781 0.925781 0.050781 0.929688 0.046875 0.931641 0.046875 0.935547 0.042969 0.937500 0.042969 0.941406 0.046875 0.949219 0.046875 0.953125 0.042969 0.953125 0.035156 0.949219 0.031250 0.941406 0.031250 0.939453 0.033203 0.937500 0.031250 0.937500 0.029297 0.935547 0.027344 0.935547 0.023438 0.931641 0.019531 0.917969 0.019531 0.916016 0.021484 0.912109 0.021484 0.908203 0.025391 0.908203 0.033203 0.910156 0.035156 0.906250 0.039062 0.898438 0.039062 0.896484 0.041016 0.888672 0.041016 0.884766 0.037109 0.886719 0.035156 0.894531 0.035156 0.898438 0.031250 0.898438 0.021484 0.894531 0.017578
0 0.410156 0.000000 0.408203 0.001953 0.408203 0.003906 0.406250 0.005859 0.400391 0.005859 0.398438 0.007812 0.396484 0.007812 0.390625 0.013672 0.388672 0.013672 0.384766 0.017578 0.384766 0.021484 0.380859 0.025391 0.378906 0.025391 0.376953 0.027344 0.375000 0.027344 0.373047 0.029297 0.361328 0.029297 0.357422 0.033203 0.357422 0.041016 0.339844 0.058594 0.337891 0.058594 0.333984 0.062500 0.332031 0.062500 0.328125 0.066406 0.326172 0.066406 0.320312 0.072266 0.318359 0.072266 0.304688 0.085938 0.300781 0.085938 0.287109 0.099609 0.285156 0.099609 0.277344 0.107422 0.273438 0.107422 0.269531 0.111328 0.269531 0.115234 0.265625 0.119141 0.265625 0.121094 0.263672 0.123047 0.255859 0.123047 0.251953 0.126953 0.251953 0.130859 0.248047 0.134766 0.248047 0.144531 0.246094 0.146484 0.246094 0.148438 0.242188 0.152344 0.242188 0.154297 0.240234 0.156250 0.240234 0.158203 0.236328 0.162109 0.236328 0.166016 0.232422 0.169922 0.220703 0.169922 0.218750 0.171875 0.212891 0.171875 0.210938 0.173828 0.208984 0.173828 0.207031 0.175781 0.205078 0.175781 0.201172 0.179688 0.201172 0.185547 0.199219 0.187500 0.199219 0.191406 0.197266 0.193359 0.197266 0.197266 0.195312 0.199219 0.195312 0.201172 0.191406 0.205078 0.191406 0.207031 0.189453 0.208984 0.187500 0.208984 0.183594 0.212891 0.183594 0.220703 0.187500 0.224609 0.197266 0.224609 0.199219 0.226562 0.197266 0.228516 0.195312 0.228516 0.193359 0.230469 0.189453 0.230469 0.187500 0.232422 0.185547 0.232422 0.183594 0.230469 0.164062 0.230469 0.162109 0.232422 0.154297 0.232422 0.146484 0.240234 0.146484 0.244141 0.144531 0.246094 0.142578 0.246094 0.140625 0.244141 0.125000 0.244141 0.123047 0.246094 0.119141 0.246094 0.115234 0.250000 0.111328 0.250000 0.107422 0.253906 0.105469 0.253906 0.101562 0.257812 0.099609 0.257812 0.097656 0.259766 0.095703 0.259766 0.091797 0.263672 0.089844 0.263672 0.085938 0.267578 0.083984 0.267578 0.080078 0.271484 0.080078 0.273438 0.076172 0.277344 0.076172 0.281250 0.072266 0.285156 0.066406 0.285156 0.064453 0.287109 0.054688 0.287109 0.048828 0.281250 0.037109 0.281250 0.035156 0.283203 0.031250 0.283203 0.017578 0.296875 0.013672 0.296875 0.009766 0.300781 0.007812 0.300781 0.003906 0.304688 0.003906 0.306641 0.001953 0.308594 0.001953 0.318359 0.000000 0.320312 0.000000 0.369141 0.013672 0.369141 0.015625 0.367188 0.021484 0.367188 0.023438 0.365234 0.027344 0.365234 0.031250 0.361328 0.037109 0.361328 0.039062 0.359375 0.041016 0.359375 0.042969 0.357422 0.046875 0.357422 0.048828 0.355469 0.054688 0.355469 0.056641 0.353516 0.060547 0.353516 0.064453 0.349609 0.068359 0.349609 0.070312 0.347656 0.076172 0.347656 0.078125 0.345703 0.083984 0.345703 0.085938 0.343750 0.085938 0.326172 0.089844 0.322266 0.089844 0.320312 0.091797 0.318359 0.093750 0.318359 0.095703 0.320312 0.097656 0.320312 0.099609 0.322266 0.099609 0.328125 0.103516 0.332031 0.115234 0.332031 0.117188 0.330078 0.119141 0.330078 0.121094 0.328125 0.125000 0.328125 0.126953 0.326172 0.130859 0.326172 0.132812 0.324219 0.136719 0.324219 0.140625 0.320312 0.142578 0.320312 0.144531 0.318359 0.152344 0.318359 0.158203 0.312500 0.158203 0.310547 0.160156 0.308594 0.160156 0.300781 0.162109 0.298828 0.169922 0.298828 0.173828 0.294922 0.175781 0.294922 0.177734 0.296875 0.177734 0.304688 0.181641 0.308594 0.191406 0.308594 0.193359 0.306641 0.195312 0.306641 0.199219 0.302734 0.205078 0.302734 0.207031 0.300781 0.210938 0.300781 0.214844 0.296875 0.222656 0.296875 0.224609 0.294922 0.230469 0.294922 0.232422 0.292969 0.238281 0.292969 0.242188 0.289062 0.248047 0.289062 0.250000 0.287109 0.253906 0.287109 0.255859 0.285156 0.263672 0.285156 0.267578 0.281250 0.271484 0.281250 0.275391 0.277344 0.275391 0.275391 0.277344 0.273438 0.279297 0.273438 0.281250 0.271484 0.283203 0.271484 0.287109 0.267578 0.298828 0.267578 0.300781 0.265625 0.312500 0.265625 0.314453 0.263672 0.316406 0.263672 0.318359 0.261719 0.324219 0.261719 0.328125 0.257812 0.333984 0.257812 0.339844 0.251953 0.339844 0.244141 0.335938 0.240234 0.333984 0.240234 0.328125 0.234375 0.320312 0.234375 0.316406 0.238281 0.316406 0.244141 0.314453 0.246094 0.308594 0.246094 0.306641 0.248047 0.304688 0.248047 0.302734 0.250000 0.300781 0.250000 0.298828 0.251953 0.296875 0.250000 0.296875 0.248047 0.292969 0.244141 0.294922 0.242188 0.306641 0.242188 0.310547 0.238281 0.310547 0.222656 0.306641 0.218750 0.302734 0.218750 0.300781 0.216797 0.300781 0.207031 0.298828 0.205078 0.300781 0.203125 0.302734 0.203125 0.304688 0.205078 0.304688 0.210938 0.310547 0.216797 0.314453 0.216797 0.316406 0.218750 0.328125 0.218750 0.330078 0.216797 0.333984 0.216797 0.337891 0.212891 0.337891 0.207031 0.339844 0.205078 0.341797 0.205078 0.343750 0.203125 0.345703 0.205078 0.345703 0.207031 0.341797 0.210938 0.341797 0.218750 0.343750 0.220703 0.341797 0.222656 0.341797 0.224609 0.339844 0.226562 0.339844 0.236328 0.349609 0.246094 0.359375 0.246094 0.363281 0.242188 0.365234 0.242188 0.367188 0.240234 0.373047 0.240234 0.375000 0.238281 0.380859 0.238281 0.384766 0.234375 0.386719 0.234375 0.388672 0.232422 0.392578 0.232422 0.394531 0.230469 0.396484 0.230469 0.398438 0.228516 0.402344 0.228516 0.406250 0.224609 0.414062 0.224609 0.416016 0.222656 0.423828 0.222656 0.425781 0.220703 0.429688 0.220703 0.431641 0.218750 0.433594 0.218750 0.437500 0.214844 0.447266 0.214844 0.449219 0.212891 0.453125 0.212891 0.457031 0.208984 0.458984 0.208984 0.460938 0.207031 0.468750 0.207031 0.470703 0.205078 0.474609 0.205078 0.476562 0.203125 0.482422 0.203125 0.484375 0.201172 0.488281 0.201172 0.490234 0.199219 0.492188 0.199219 0.494141 0.197266 0.496094 0.197266 0.498047 0.195312 0.501953 0.195312 0.503906 0.193359 0.507812 0.193359 0.509766 0.191406 0.511719 0.191406 0.513672 0.189453 0.519531 0.189453 0.521484 0.187500 0.525391 0.187500 0.527344 0.185547 0.529297 0.185547 0.533203 0.181641 0.542969 0.181641 0.544922 0.179688 0.548828 0.179688 0.552734 0.175781 0.554688 0.175781 0.556641 0.173828 0.558594 0.173828 0.560547 0.171875 0.564453 0.171875 0.566406 0.169922 0.570312 0.169922 0.572266 0.167969 0.582031 0.167969 0.583984 0.166016 0.587891 0.166016 0.591797 0.162109 0.593750 0.162109 0.599609 0.156250 0.613281 0.156250 0.615234 0.154297 0.621094 0.154297 0.623047 0.152344 0.626953 0.152344 0.628906 0.150391 0.632812 0.150391 0.634766 0.148438 0.638672 0.148438 0.642578 0.144531 0.644531 0.144531 0.646484 0.142578 0.648438 0.142578 0.652344 0.138672 0.654297 0.138672 0.656250 0.136719 0.664062 0.136719 0.666016 0.134766 0.671875 0.134766 0.673828 0.132812 0.677734 0.132812 0.679688 0.130859 0.681641 0.130859 0.683594 0.128906 0.687500 0.128906 0.689453 0.126953 0.691406 0.126953 0.693359 0.125000 0.697266 0.125000 0.699219 0.123047 0.701172 0.123047 0.705078 0.119141 0.707031 0.119141 0.710938 0.115234 0.710938 0.113281 0.712891 0.111328 0.714844 0.111328 0.718750 0.107422 0.720703 0.107422 0.724609 0.103516 0.724609 0.101562 0.728516 0.097656 0.728516 0.093750 0.730469 0.091797 0.730469 0.089844 0.732422 0.087891 0.732422 0.083984 0.734375 0.082031 0.746094 0.082031 0.750000 0.078125 0.750000 0.070312 0.746094 0.066406 0.742188 0.066406 0.740234 0.064453 0.744141 0.060547 0.744141 0.058594 0.748047 0.054688 0.748047 0.052734 0.753906 0.046875 0.757812 0.046875 0.761719 0.042969 0.761719 0.041016 0.767578 0.035156 0.767578 0.031250 0.769531 0.029297 0.769531 0.027344 0.775391 0.021484 0.775391 0.017578 0.779297 0.013672 0.779297 0.009766 0.783203 0.005859 0.783203 0.000000
0 0.000000 0.000000 0.000000 0.222656 0.007812 0.222656 0.009766 0.220703 0.013672 0.220703 0.017578 0.216797 0.019531 0.216797 0.023438 0.212891 0.023438 0.210938 0.025391 0.208984 0.027344 0.208984 0.035156 0.201172 0.039062 0.201172 0.042969 0.197266 0.044922 0.197266 0.048828 0.193359 0.052734 0.193359 0.054688 0.191406 0.056641 0.191406 0.060547 0.187500 0.062500 0.187500 0.070312 0.179688 0.072266 0.179688 0.076172 0.175781 0.078125 0.175781 0.080078 0.173828 0.083984 0.173828 0.087891 0.169922 0.089844 0.169922 0.093750 0.166016 0.093750 0.164062 0.103516 0.154297 0.103516 0.152344 0.107422 0.148438 0.109375 0.148438 0.125000 0.132812 0.126953 0.132812 0.128906 0.130859 0.130859 0.130859 0.134766 0.126953 0.136719 0.126953 0.140625 0.123047 0.142578 0.123047 0.146484 0.119141 0.148438 0.119141 0.158203 0.109375 0.160156 0.109375 0.173828 0.095703 0.175781 0.095703 0.187500 0.083984 0.189453 0.083984 0.193359 0.080078 0.193359 0.078125 0.197266 0.074219 0.197266 0.072266 0.205078 0.064453 0.207031 0.064453 0.208984 0.062500 0.210938 0.062500 0.214844 0.058594 0.216797 0.058594 0.222656 0.052734 0.224609 0.052734 0.228516 0.048828 0.230469 0.048828 0.234375 0.044922 0.234375 0.042969 0.240234 0.037109 0.240234 0.035156 0.244141 0.031250 0.246094 0.031250 0.250000 0.027344 0.251953 0.027344 0.255859 0.023438 0.257812 0.023438 0.259766 0.021484 0.263672 0.021484 0.267578 0.017578 0.269531 0.017578 0.275391 0.011719 0.275391 0.009766 0.279297 0.005859 0.279297 0.001953 0.281250 0.000000