0 0.294922 0.980469 0.291016 0.984375 0.291016 0.992188 0.294922 0.996094 0.302734 0.996094 0.306641 0.992188 0.306641 0.984375 0.302734 0.980469
0 0.267578 0.980469 0.263672 0.984375 0.263672 0.992188 0.267578 0.996094 0.279297 0.996094 0.283203 0.992188 0.283203 0.984375 0.279297 0.980469
0 0.240234 0.970703 0.236328 0.974609 0.236328 0.982422 0.240234 0.986328 0.240234 0.988281 0.236328 0.992188 0.236328 0.998047 0.253906 0.998047 0.257812 0.994141 0.257812 0.986328 0.253906 0.982422 0.253906 0.976562 0.248047 0.970703
0 0.267578 0.955078 0.263672 0.958984 0.263672 0.966797 0.267578 0.970703 0.275391 0.970703 0.279297 0.966797 0.279297 0.958984 0.275391 0.955078
0 0.101562 0.939453 0.097656 0.943359 0.097656 0.951172 0.101562 0.955078 0.111328 0.955078 0.115234 0.951172 0.115234 0.943359 0.111328 0.939453
0 0.789062 0.933594 0.785156 0.937500 0.783203 0.937500 0.771484 0.949219 0.771484 0.955078 0.769531 0.957031 0.767578 0.957031 0.763672 0.960938 0.763672 0.968750 0.767578 0.972656 0.775391 0.972656 0.779297 0.968750 0.781250 0.968750 0.785156 0.964844 0.785156 0.962891 0.789062 0.958984 0.792969 0.958984 0.798828 0.953125 0.798828 0.951172 0.804688 0.945312 0.804688 0.937500 0.800781 0.933594
0 0.205078 0.931641 0.201172 0.935547 0.201172 0.943359 0.205078 0.947266 0.210938 0.947266 0.212891 0.949219 0.212891 0.951172 0.207031 0.957031 0.207031 0.964844 0.210938 0.968750 0.220703 0.968750 0.222656 0.966797 0.224609 0.968750 0.232422 0.968750 0.236328 0.964844 0.236328 0.957031 0.232422 0.953125 0.238281 0.947266 0.238281 0.939453 0.234375 0.935547 0.226562 0.935547 0.220703 0.941406 0.218750 0.941406 0.216797 0.939453 0.216797 0.935547 0.212891 0.931641
0 0.091797 0.916016 0.087891 0.919922 0.087891 0.923828 0.085938 0.925781 0.083984 0.925781 0.080078 0.929688 0.080078 0.937500 0.083984 0.941406 0.091797 0.941406 0.095703 0.937500 0.095703 0.933594 0.097656 0.931641 0.099609 0.931641 0.103516 0.935547 0.111328 0.935547 0.115234 0.931641 0.115234 0.923828 0.111328 0.919922 0.103516 0.919922 0.099609 0.916016
0 0.923828 0.900391 0.919922 0.904297 0.919922 0.916016 0.917969 0.917969 0.916016 0.917969 0.896484 0.937500 0.896484 0.947266 0.890625 0.953125 0.886719 0.953125 0.882812 0.957031 0.882812 0.964844 0.886719 0.968750 0.894531 0.968750 0.896484 0.966797 0.900391 0.966797 0.904297 0.962891 0.906250 0.962891 0.910156 0.958984 0.912109 0.958984 0.916016 0.955078 0.916016 0.953125 0.917969 0.951172 0.917969 0.949219 0.921875 0.945312 0.921875 0.943359 0.923828 0.941406 0.923828 0.939453 0.927734 0.935547 0.927734 0.933594 0.935547 0.925781 0.937500 0.925781 0.939453 0.923828 0.941406 0.923828 0.945312 0.919922 0.945312 0.917969 0.947266 0.916016 0.947266 0.914062 0.949219 0.912109 0.949219 0.904297 0.945312 0.900391
0 0.708984 0.892578 0.707031 0.894531 0.705078 0.894531 0.697266 0.902344 0.693359 0.902344 0.689453 0.906250 0.689453 0.916016 0.687500 0.917969 0.677734 0.917969 0.667969 0.927734 0.667969 0.931641 0.666016 0.933594 0.666016 0.935547 0.662109 0.939453 0.652344 0.939453 0.646484 0.945312 0.646484 0.947266 0.642578 0.951172 0.642578 0.955078 0.640625 0.957031 0.640625 0.968750 0.642578 0.970703 0.642578 0.978516 0.638672 0.982422 0.632812 0.976562 0.625000 0.976562 0.621094 0.980469 0.621094 0.984375 0.619141 0.986328 0.619141 0.988281 0.617188 0.990234 0.617188 0.998047 0.671875 0.998047 0.673828 0.996094 0.675781 0.998047 0.693359 0.998047 0.701172 0.990234 0.701172 0.988281 0.705078 0.984375 0.705078 0.982422 0.708984 0.978516 0.708984 0.960938 0.707031 0.958984 0.707031 0.953125 0.708984 0.951172 0.708984 0.949219 0.712891 0.945312 0.712891 0.933594 0.710938 0.931641 0.710938 0.929688 0.705078 0.923828 0.697266 0.923828 0.695312 0.921875 0.697266 0.919922 0.701172 0.919922 0.703125 0.917969 0.705078 0.917969 0.707031 0.916016 0.708984 0.916016 0.714844 0.910156 0.716797 0.910156 0.722656 0.904297 0.722656 0.896484 0.718750 0.892578
0 0.208984 0.890625 0.205078 0.894531 0.205078 0.900391 0.203125 0.902344 0.201172 0.900391 0.193359 0.900391 0.189453 0.904297 0.189453 0.912109 0.193359 0.916016 0.201172 0.916016 0.205078 0.912109 0.205078 0.906250 0.207031 0.904297 0.208984 0.906250 0.212891 0.906250 0.214844 0.908203 0.212891 0.910156 0.212891 0.917969 0.216797 0.921875 0.224609 0.921875 0.228516 0.917969 0.228516 0.910156 0.224609 0.906250 0.220703 0.906250 0.218750 0.904297 0.220703 0.902344 0.220703 0.894531 0.216797 0.890625
0 0.169922 0.888672 0.166016 0.892578 0.166016 0.900391 0.167969 0.902344 0.166016 0.904297 0.164062 0.904297 0.160156 0.908203 0.160156 0.917969 0.164062 0.921875 0.166016 0.921875 0.169922 0.925781 0.177734 0.925781 0.181641 0.921875 0.181641 0.916016 0.185547 0.912109 0.185547 0.904297 0.183594 0.902344 0.183594 0.892578 0.179688 0.888672
0 0.861328 0.861328 0.859375 0.863281 0.857422 0.863281 0.849609 0.871094 0.849609 0.873047 0.847656 0.875000 0.845703 0.875000 0.833984 0.886719 0.832031 0.886719 0.830078 0.888672 0.828125 0.888672 0.820312 0.896484 0.820312 0.906250 0.824219 0.910156 0.832031 0.910156 0.839844 0.902344 0.841797 0.902344 0.845703 0.898438 0.847656 0.898438 0.867188 0.878906 0.869141 0.878906 0.873047 0.875000 0.873047 0.865234 0.869141 0.861328
0 0.986328 0.833984 0.982422 0.837891 0.982422 0.839844 0.978516 0.843750 0.978516 0.847656 0.976562 0.849609 0.976562 0.851562 0.974609 0.853516 0.974609 0.871094 0.978516 0.875000 0.980469 0.875000 0.982422 0.876953 0.998047 0.876953 0.998047 0.833984
0 0.128906 0.802734 0.125000 0.806641 0.125000 0.814453 0.128906 0.818359 0.134766 0.818359 0.138672 0.822266 0.140625 0.822266 0.142578 0.824219 0.148438 0.824219 0.150391 0.826172 0.160156 0.826172 0.164062 0.822266 0.164062 0.814453 0.158203 0.808594 0.152344 0.808594 0.146484 0.802734
0 0.169922 0.787109 0.166016 0.791016 0.166016 0.798828 0.169922 0.802734 0.177734 0.802734 0.181641 0.798828 0.181641 0.791016 0.177734 0.787109
0 0.240234 0.781250 0.238281 0.783203 0.232422 0.783203 0.230469 0.785156 0.228516 0.785156 0.226562 0.787109 0.224609 0.787109 0.222656 0.789062 0.220703 0.789062 0.216797 0.792969 0.216797 0.794922 0.214844 0.796875 0.214844 0.802734 0.212891 0.804688 0.212891 0.814453 0.216797 0.818359 0.218750 0.818359 0.222656 0.822266 0.222656 0.833984 0.224609 0.835938 0.222656 0.837891 0.222656 0.847656 0.226562 0.851562 0.226562 0.863281 0.230469 0.867188 0.240234 0.867188 0.244141 0.863281 0.244141 0.859375 0.250000 0.853516 0.250000 0.839844 0.253906 0.835938 0.263672 0.835938 0.265625 0.837891 0.265625 0.851562 0.261719 0.855469 0.259766 0.855469 0.255859 0.859375 0.255859 0.869141 0.253906 0.871094 0.253906 0.880859 0.259766 0.886719 0.259766 0.902344 0.263672 0.906250 0.267578 0.906250 0.269531 0.908203 0.269531 0.910156 0.271484 0.912109 0.271484 0.916016 0.269531 0.917969 0.261719 0.917969 0.259766 0.919922 0.257812 0.919922 0.255859 0.917969 0.257812 0.916016 0.257812 0.906250 0.253906 0.902344 0.253906 0.900391 0.250000 0.896484 0.246094 0.896484 0.242188 0.892578 0.232422 0.892578 0.228516 0.896484 0.228516 0.904297 0.232422 0.908203 0.236328 0.908203 0.242188 0.914062 0.242188 0.916016 0.246094 0.919922 0.244141 0.921875 0.242188 0.921875 0.238281 0.925781 0.238281 0.933594 0.242188 0.937500 0.250000 0.937500 0.251953 0.939453 0.251953 0.941406 0.255859 0.945312 0.263672 0.945312 0.267578 0.941406 0.267578 0.935547 0.273438 0.929688 0.273438 0.925781 0.275391 0.923828 0.277344 0.925781 0.277344 0.935547 0.281250 0.939453 0.281250 0.941406 0.283203 0.943359 0.283203 0.947266 0.292969 0.957031 0.294922 0.957031 0.302734 0.964844 0.312500 0.964844 0.314453 0.962891 0.324219 0.962891 0.326172 0.960938 0.328125 0.960938 0.333984 0.955078 0.335938 0.957031 0.335938 0.960938 0.339844 0.964844 0.335938 0.968750 0.335938 0.976562 0.339844 0.980469 0.337891 0.982422 0.337891 0.990234 0.341797 0.994141 0.365234 0.994141 0.367188 0.992188 0.369141 0.992188 0.375000 0.986328 0.380859 0.986328 0.384766 0.982422 0.384766 0.970703 0.376953 0.962891 0.375000 0.962891 0.367188 0.955078 0.367188 0.953125 0.365234 0.951172 0.365234 0.945312 0.363281 0.943359 0.363281 0.941406 0.359375 0.937500 0.357422 0.937500 0.355469 0.935547 0.355469 0.927734 0.351562 0.923828 0.349609 0.923828 0.347656 0.921875 0.347656 0.917969 0.343750 0.914062 0.343750 0.910156 0.339844 0.906250 0.326172 0.906250 0.324219 0.904297 0.324219 0.890625 0.322266 0.888672 0.322266 0.886719 0.320312 0.884766 0.320312 0.871094 0.316406 0.867188 0.308594 0.867188 0.304688 0.871094 0.302734 0.869141 0.302734 0.861328 0.298828 0.857422 0.291016 0.857422 0.287109 0.861328 0.287109 0.865234 0.285156 0.867188 0.279297 0.861328 0.279297 0.855469 0.281250 0.853516 0.283203 0.853516 0.287109 0.849609 0.287109 0.841797 0.281250 0.835938 0.281250 0.832031 0.279297 0.830078 0.279297 0.828125 0.273438 0.822266 0.273438 0.820312 0.265625 0.812500 0.257812 0.812500 0.255859 0.810547 0.255859 0.808594 0.257812 0.806641 0.259766 0.806641 0.263672 0.802734 0.263672 0.794922 0.257812 0.789062 0.257812 0.787109 0.251953 0.781250
0 0.949219 0.767578 0.945312 0.771484 0.937500 0.771484 0.933594 0.775391 0.933594 0.792969 0.937500 0.796875 0.949219 0.796875 0.958984 0.787109 0.958984 0.783203 0.960938 0.781250 0.960938 0.771484 0.957031 0.767578
0 0.156250 0.736328 0.152344 0.740234 0.152344 0.748047 0.156250 0.751953 0.158203 0.751953 0.162109 0.755859 0.166016 0.755859 0.167969 0.757812 0.175781 0.757812 0.179688 0.753906 0.179688 0.746094 0.173828 0.740234 0.171875 0.740234 0.167969 0.736328
0 0.849609 0.712891 0.847656 0.714844 0.835938 0.714844 0.833984 0.716797 0.828125 0.716797 0.824219 0.720703 0.822266 0.720703 0.814453 0.728516 0.814453 0.744141 0.812500 0.746094 0.812500 0.748047 0.810547 0.750000 0.810547 0.751953 0.808594 0.753906 0.808594 0.757812 0.804688 0.761719 0.804688 0.763672 0.802734 0.765625 0.802734 0.767578 0.798828 0.771484 0.794922 0.771484 0.791016 0.775391 0.791016 0.777344 0.789062 0.779297 0.789062 0.783203 0.785156 0.787109 0.783203 0.787109 0.779297 0.791016 0.779297 0.798828 0.775391 0.802734 0.773438 0.802734 0.767578 0.808594 0.765625 0.808594 0.761719 0.812500 0.761719 0.820312 0.755859 0.826172 0.755859 0.833984 0.759766 0.837891 0.769531 0.837891 0.771484 0.835938 0.775391 0.835938 0.787109 0.824219 0.787109 0.820312 0.789062 0.818359 0.789062 0.814453 0.792969 0.810547 0.794922 0.812500 0.794922 0.814453 0.798828 0.818359 0.802734 0.818359 0.804688 0.820312 0.808594 0.820312 0.812500 0.824219 0.814453 0.824219 0.826172 0.835938 0.837891 0.835938 0.839844 0.833984 0.849609 0.833984 0.851562 0.832031 0.857422 0.832031 0.859375 0.830078 0.869141 0.830078 0.871094 0.828125 0.875000 0.828125 0.876953 0.826172 0.878906 0.826172 0.882812 0.822266 0.884766 0.822266 0.902344 0.804688 0.902344 0.802734 0.916016 0.789062 0.916016 0.787109 0.917969 0.785156 0.923828 0.785156 0.927734 0.781250 0.927734 0.773438 0.923828 0.769531 0.916016 0.769531 0.912109 0.765625 0.910156 0.765625 0.902344 0.757812 0.902344 0.755859 0.892578 0.746094 0.890625 0.746094 0.888672 0.744141 0.886719 0.744141 0.882812 0.740234 0.878906 0.740234 0.873047 0.734375 0.873047 0.722656 0.871094 0.720703 0.871094 0.718750 0.867188 0.714844 0.863281 0.714844 0.861328 0.712891
0 0.994141 0.699219 0.990234 0.703125 0.990234 0.708984 0.988281 0.710938 0.988281 0.712891 0.986328 0.714844 0.986328 0.724609 0.990234 0.728516 0.998047 0.728516 0.998047 0.699219
0 0.691406 0.687500 0.687500 0.691406 0.687500 0.699219 0.681641 0.705078 0.679688 0.705078 0.675781 0.708984 0.675781 0.710938 0.669922 0.716797 0.669922 0.720703 0.667969 0.722656 0.667969 0.730469 0.671875 0.734375 0.681641 0.734375 0.683594 0.732422 0.685547 0.734375 0.685547 0.736328 0.689453 0.740234 0.693359 0.740234 0.695312 0.742188 0.693359 0.744141 0.693359 0.746094 0.691406 0.748047 0.691406 0.750000 0.685547 0.755859 0.683594 0.753906 0.683594 0.748047 0.679688 0.744141 0.656250 0.744141 0.646484 0.753906 0.646484 0.757812 0.642578 0.761719 0.642578 0.771484 0.648438 0.777344 0.648438 0.779297 0.652344 0.783203 0.650391 0.785156 0.642578 0.785156 0.634766 0.792969 0.632812 0.792969 0.628906 0.789062 0.619141 0.789062 0.615234 0.792969 0.615234 0.810547 0.605469 0.820312 0.605469 0.837891 0.611328 0.843750 0.607422 0.847656 0.607422 0.849609 0.605469 0.851562 0.605469 0.859375 0.609375 0.863281 0.617188 0.863281 0.621094 0.859375 0.623047 0.859375 0.626953 0.863281 0.625000 0.865234 0.621094 0.865234 0.619141 0.867188 0.617188 0.867188 0.615234 0.869141 0.613281 0.869141 0.601562 0.880859 0.599609 0.878906 0.597656 0.878906 0.595703 0.876953 0.580078 0.876953 0.576172 0.880859 0.576172 0.882812 0.574219 0.884766 0.574219 0.886719 0.572266 0.888672 0.568359 0.888672 0.560547 0.896484 0.560547 0.900391 0.550781 0.910156 0.548828 0.910156 0.539062 0.919922 0.539062 0.921875 0.535156 0.925781 0.533203 0.923828 0.525391 0.923828 0.521484 0.927734 0.521484 0.931641 0.519531 0.933594 0.519531 0.935547 0.517578 0.937500 0.517578 0.939453 0.509766 0.947266 0.509766 0.949219 0.505859 0.953125 0.503906 0.953125 0.498047 0.958984 0.496094 0.958984 0.492188 0.962891 0.492188 0.964844 0.486328 0.970703 0.486328 0.972656 0.480469 0.978516 0.476562 0.978516 0.472656 0.982422 0.472656 0.992188 0.476562 0.996094 0.484375 0.996094 0.488281 0.992188 0.492188 0.992188 0.494141 0.994141 0.494141 0.998047 0.523438 0.998047 0.523438 0.996094 0.525391 0.994141 0.527344 0.994141 0.535156 0.986328 0.535156 0.980469 0.537109 0.978516 0.537109 0.976562 0.539062 0.974609 0.541016 0.974609 0.548828 0.966797 0.548828 0.964844 0.558594 0.955078 0.558594 0.953125 0.560547 0.951172 0.562500 0.951172 0.566406 0.947266 0.568359 0.947266 0.574219 0.941406 0.574219 0.939453 0.578125 0.935547 0.578125 0.933594 0.580078 0.931641 0.580078 0.925781 0.582031 0.923828 0.587891 0.923828 0.593750 0.917969 0.595703 0.917969 0.599609 0.914062 0.599609 0.908203 0.601562 0.906250 0.603516 0.906250 0.607422 0.902344 0.607422 0.898438 0.611328 0.894531 0.613281 0.894531 0.623047 0.884766 0.625000 0.884766 0.632812 0.876953 0.632812 0.869141 0.628906 0.865234 0.630859 0.863281 0.640625 0.863281 0.658203 0.845703 0.658203 0.843750 0.662109 0.839844 0.662109 0.837891 0.664062 0.835938 0.664062 0.833984 0.667969 0.830078 0.667969 0.828125 0.671875 0.824219 0.671875 0.822266 0.673828 0.820312 0.673828 0.818359 0.675781 0.816406 0.675781 0.814453 0.677734 0.812500 0.677734 0.802734 0.679688 0.800781 0.679688 0.792969 0.675781 0.789062 0.673828 0.789062 0.671875 0.787109 0.669922 0.787109 0.667969 0.785156 0.662109 0.785156 0.660156 0.783203 0.664062 0.779297 0.664062 0.777344 0.666016 0.775391 0.673828 0.783203 0.679688 0.783203 0.681641 0.785156 0.699219 0.785156 0.716797 0.767578 0.716797 0.765625 0.720703 0.761719 0.720703 0.755859 0.724609 0.751953 0.732422 0.751953 0.738281 0.746094 0.738281 0.738281 0.742188 0.734375 0.742188 0.722656 0.738281 0.718750 0.736328 0.718750 0.734375 0.716797 0.720703 0.716797 0.716797 0.720703 0.714844 0.720703 0.707031 0.728516 0.707031 0.730469 0.705078 0.732422 0.705078 0.734375 0.703125 0.736328 0.701172 0.734375 0.701172 0.728516 0.708984 0.720703 0.708984 0.712891 0.710938 0.710938 0.710938 0.695312 0.707031 0.691406 0.703125 0.691406 0.699219 0.687500
0 0.181641 0.679688 0.173828 0.687500 0.173828 0.693359 0.171875 0.695312 0.171875 0.705078 0.167969 0.708984 0.167969 0.716797 0.171875 0.720703 0.185547 0.720703 0.189453 0.716797 0.193359 0.716797 0.203125 0.726562 0.210938 0.726562 0.212891 0.728516 0.212891 0.732422 0.214844 0.734375 0.212891 0.736328 0.208984 0.736328 0.197266 0.748047 0.197266 0.755859 0.201172 0.759766 0.208984 0.759766 0.210938 0.757812 0.212891 0.757812 0.218750 0.751953 0.220703 0.751953 0.222656 0.750000 0.228516 0.750000 0.236328 0.742188 0.236328 0.732422 0.234375 0.730469 0.234375 0.728516 0.232422 0.726562 0.232422 0.724609 0.230469 0.722656 0.230469 0.716797 0.228516 0.714844 0.228516 0.705078 0.224609 0.701172 0.210938 0.701172 0.208984 0.699219 0.208984 0.697266 0.205078 0.693359 0.205078 0.687500 0.197266 0.679688
0 0.105469 0.574219 0.103516 0.576172 0.099609 0.576172 0.097656 0.578125 0.095703 0.578125 0.093750 0.580078 0.091797 0.580078 0.089844 0.582031 0.089844 0.583984 0.087891 0.585938 0.087891 0.587891 0.085938 0.589844 0.085938 0.603516 0.087891 0.605469 0.087891 0.607422 0.089844 0.609375 0.089844 0.611328 0.091797 0.613281 0.093750 0.613281 0.095703 0.615234 0.097656 0.615234 0.099609 0.617188 0.109375 0.617188 0.111328 0.619141 0.109375 0.621094 0.107422 0.621094 0.105469 0.623047 0.105469 0.625000 0.103516 0.626953 0.103516 0.628906 0.101562 0.630859 0.101562 0.642578 0.103516 0.644531 0.103516 0.646484 0.105469 0.648438 0.105469 0.650391 0.107422 0.652344 0.109375 0.652344 0.111328 0.654297 0.113281 0.654297 0.115234 0.656250 0.126953 0.656250 0.128906 0.654297 0.130859 0.654297 0.132812 0.652344 0.134766 0.652344 0.136719 0.650391 0.136719 0.648438 0.138672 0.646484 0.138672 0.644531 0.140625 0.642578 0.140625 0.630859 0.138672 0.628906 0.138672 0.626953 0.136719 0.625000 0.136719 0.623047 0.134766 0.621094 0.132812 0.621094 0.130859 0.619141 0.128906 0.619141 0.126953 0.617188 0.117188 0.617188 0.115234 0.615234 0.117188 0.613281 0.156250 0.613281 0.158203 0.615234 0.160156 0.615234 0.162109 0.617188 0.173828 0.617188 0.175781 0.615234 0.177734 0.615234 0.179688 0.613281 0.181641 0.613281 0.183594 0.611328 0.183594 0.609375 0.185547 0.607422 0.185547 0.605469 0.187500 0.603516 0.187500 0.591797 0.185547 0.589844 0.185547 0.587891 0.183594 0.585938 0.183594 0.583984 0.177734 0.578125 0.175781 0.578125 0.173828 0.576172 0.171875 0.576172 0.169922 0.574219
0 0.847656 0.562500 0.845703 0.564453 0.843750 0.564453 0.835938 0.572266 0.835938 0.576172 0.828125 0.583984 0.826172 0.583984 0.820312 0.589844 0.820312 0.591797 0.818359 0.593750 0.814453 0.589844 0.806641 0.589844 0.798828 0.597656 0.798828 0.607422 0.794922 0.611328 0.794922 0.613281 0.792969 0.615234 0.792969 0.619141 0.791016 0.621094 0.791016 0.628906 0.789062 0.630859 0.787109 0.628906 0.775391 0.628906 0.771484 0.632812 0.769531 0.632812 0.763672 0.638672 0.763672 0.646484 0.769531 0.652344 0.767578 0.654297 0.767578 0.662109 0.771484 0.666016 0.769531 0.667969 0.769531 0.669922 0.767578 0.671875 0.763672 0.671875 0.759766 0.675781 0.755859 0.675781 0.750000 0.681641 0.750000 0.683594 0.748047 0.685547 0.748047 0.691406 0.746094 0.693359 0.746094 0.699219 0.742188 0.703125 0.742188 0.710938 0.746094 0.714844 0.753906 0.714844 0.759766 0.708984 0.759766 0.707031 0.761719 0.705078 0.761719 0.703125 0.763672 0.701172 0.763672 0.693359 0.765625 0.691406 0.767578 0.691406 0.771484 0.687500 0.775391 0.687500 0.777344 0.685547 0.779297 0.685547 0.785156 0.679688 0.785156 0.677734 0.787109 0.675781 0.787109 0.673828 0.789062 0.671875 0.789062 0.669922 0.791016 0.667969 0.791016 0.666016 0.792969 0.664062 0.792969 0.658203 0.794922 0.656250 0.798828 0.656250 0.802734 0.652344 0.802734 0.650391 0.814453 0.638672 0.814453 0.636719 0.818359 0.632812 0.818359 0.630859 0.822266 0.626953 0.822266 0.625000 0.824219 0.623047 0.830078 0.623047 0.833984 0.619141 0.833984 0.617188 0.843750 0.607422 0.843750 0.605469 0.845703 0.603516 0.845703 0.601562 0.853516 0.593750 0.853516 0.585938 0.851562 0.583984 0.851562 0.582031 0.853516 0.580078 0.855469 0.580078 0.861328 0.574219 0.861328 0.566406 0.857422 0.562500
0 0.988281 0.546875 0.984375 0.550781 0.982422 0.550781 0.978516 0.554688 0.976562 0.554688 0.972656 0.558594 0.968750 0.558594 0.966797 0.560547 0.964844 0.560547 0.958984 0.566406 0.957031 0.566406 0.955078 0.568359 0.953125 0.568359 0.941406 0.580078 0.939453 0.580078 0.935547 0.583984 0.933594 0.583984 0.925781 0.591797 0.925781 0.593750 0.923828 0.595703 0.923828 0.597656 0.919922 0.601562 0.919922 0.603516 0.916016 0.607422 0.916016 0.609375 0.914062 0.611328 0.914062 0.613281 0.912109 0.615234 0.912109 0.617188 0.910156 0.619141 0.908203 0.619141 0.906250 0.621094 0.904297 0.621094 0.900391 0.625000 0.900391 0.626953 0.892578 0.634766 0.890625 0.634766 0.884766 0.640625 0.882812 0.640625 0.878906 0.644531 0.878906 0.646484 0.859375 0.666016 0.859375 0.667969 0.855469 0.671875 0.855469 0.679688 0.853516 0.681641 0.853516 0.691406 0.859375 0.697266 0.863281 0.697266 0.865234 0.699219 0.875000 0.699219 0.884766 0.689453 0.884766 0.687500 0.886719 0.685547 0.886719 0.683594 0.888672 0.681641 0.888672 0.673828 0.894531 0.667969 0.894531 0.666016 0.898438 0.662109 0.898438 0.660156 0.902344 0.656250 0.902344 0.654297 0.906250 0.650391 0.908203 0.650391 0.912109 0.646484 0.912109 0.644531 0.923828 0.632812 0.923828 0.630859 0.925781 0.628906 0.925781 0.626953 0.927734 0.625000 0.927734 0.623047 0.931641 0.619141 0.931641 0.617188 0.933594 0.615234 0.933594 0.613281 0.935547 0.611328 0.935547 0.609375 0.943359 0.601562 0.943359 0.599609 0.947266 0.595703 0.949219 0.595703 0.951172 0.593750 0.953125 0.593750 0.957031 0.589844 0.958984 0.589844 0.964844 0.583984 0.966797 0.583984 0.972656 0.578125 0.976562 0.578125 0.980469 0.574219 0.982422 0.576172 0.998047 0.576172 0.998047 0.548828 0.996094 0.546875
0 0.728516 0.539062 0.724609 0.542969 0.724609 0.550781 0.722656 0.552734 0.722656 0.560547 0.726562 0.564453 0.734375 0.564453 0.740234 0.558594 0.740234 0.542969 0.736328 0.539062
0 0.724609 0.494141 0.720703 0.498047 0.720703 0.505859 0.716797 0.509766 0.716797 0.519531 0.722656 0.525391 0.724609 0.525391 0.726562 0.527344 0.728516 0.527344 0.730469 0.529297 0.738281 0.529297 0.742188 0.525391 0.742188 0.521484 0.746094 0.517578 0.746094 0.503906 0.736328 0.494141
0 0.210938 0.470703 0.205078 0.476562 0.205078 0.486328 0.207031 0.488281 0.207031 0.492188 0.210938 0.496094 0.218750 0.496094 0.228516 0.486328 0.228516 0.474609 0.224609 0.470703
0 0.705078 0.398438 0.701172 0.402344 0.701172 0.410156 0.705078 0.414062 0.712891 0.414062 0.716797 0.410156 0.716797 0.402344 0.712891 0.398438
0 0.664062 0.375000 0.662109 0.376953 0.658203 0.376953 0.654297 0.380859 0.654297 0.388672 0.656250 0.390625 0.656250 0.394531 0.660156 0.398438 0.677734 0.398438 0.683594 0.392578 0.683594 0.378906 0.679688 0.375000
0 0.601562 0.304688 0.597656 0.308594 0.597656 0.316406 0.601562 0.320312 0.601562 0.322266 0.599609 0.324219 0.599609 0.335938 0.601562 0.337891 0.601562 0.339844 0.603516 0.341797 0.603516 0.347656 0.607422 0.351562 0.615234 0.351562 0.619141 0.347656 0.619141 0.333984 0.617188 0.332031 0.617188 0.330078 0.619141 0.328125 0.619141 0.310547 0.613281 0.304688
0 0.582031 0.279297 0.578125 0.283203 0.578125 0.289062 0.576172 0.291016 0.576172 0.300781 0.580078 0.304688 0.591797 0.304688 0.595703 0.300781 0.595703 0.287109 0.593750 0.285156 0.593750 0.283203 0.589844 0.279297
0 0.693359 0.265625 0.689453 0.269531 0.689453 0.277344 0.695312 0.283203 0.699219 0.283203 0.705078 0.289062 0.708984 0.289062 0.710938 0.291016 0.718750 0.291016 0.722656 0.287109 0.722656 0.279297 0.716797 0.273438 0.714844 0.273438 0.708984 0.267578 0.705078 0.267578 0.703125 0.265625
0 0.541016 0.240234 0.537109 0.244141 0.537109 0.259766 0.544922 0.267578 0.548828 0.267578 0.550781 0.269531 0.564453 0.269531 0.568359 0.265625 0.568359 0.263672 0.570312 0.261719 0.570312 0.251953 0.568359 0.250000 0.568359 0.246094 0.562500 0.240234
0 0.693359 0.232422 0.689453 0.236328 0.689453 0.244141 0.693359 0.248047 0.699219 0.248047 0.701172 0.250000 0.701172 0.255859 0.705078 0.259766 0.712891 0.259766 0.716797 0.255859 0.716797 0.248047 0.712891 0.244141 0.707031 0.244141 0.705078 0.242188 0.705078 0.236328 0.701172 0.232422
0 0.906250 0.224609 0.902344 0.228516 0.902344 0.236328 0.906250 0.240234 0.914062 0.240234 0.917969 0.236328 0.917969 0.228516 0.914062 0.224609
0 0.988281 0.220703 0.982422 0.226562 0.980469 0.226562 0.968750 0.238281 0.968750 0.253906 0.974609 0.259766 0.980469 0.259766 0.982422 0.261719 0.982422 0.263672 0.980469 0.265625 0.980469 0.267578 0.978516 0.269531 0.974609 0.269531 0.970703 0.273438 0.970703 0.275391 0.968750 0.277344 0.968750 0.281250 0.966797 0.283203 0.966797 0.287109 0.964844 0.289062 0.964844 0.291016 0.962891 0.292969 0.962891 0.304688 0.968750 0.310547 0.968750 0.318359 0.964844 0.322266 0.960938 0.322266 0.957031 0.326172 0.955078 0.326172 0.953125 0.324219 0.949219 0.324219 0.947266 0.322266 0.947266 0.320312 0.943359 0.316406 0.939453 0.316406 0.937500 0.314453 0.941406 0.310547 0.941406 0.283203 0.939453 0.281250 0.939453 0.279297 0.937500 0.277344 0.937500 0.273438 0.935547 0.271484 0.935547 0.269531 0.925781 0.259766 0.923828 0.259766 0.919922 0.255859 0.912109 0.255859 0.906250 0.261719 0.906250 0.269531 0.908203 0.271484 0.902344 0.277344 0.902344 0.287109 0.906250 0.291016 0.910156 0.291016 0.912109 0.292969 0.912109 0.296875 0.910156 0.298828 0.906250 0.294922 0.898438 0.294922 0.890625 0.302734 0.890625 0.322266 0.898438 0.330078 0.898438 0.339844 0.904297 0.345703 0.917969 0.345703 0.919922 0.347656 0.916016 0.351562 0.916016 0.353516 0.914062 0.355469 0.910156 0.355469 0.906250 0.359375 0.906250 0.371094 0.910156 0.375000 0.910156 0.378906 0.908203 0.380859 0.908203 0.384766 0.906250 0.386719 0.902344 0.386719 0.898438 0.390625 0.898438 0.398438 0.902344 0.402344 0.906250 0.402344 0.908203 0.404297 0.908203 0.406250 0.910156 0.408203 0.908203 0.410156 0.900391 0.410156 0.898438 0.412109 0.896484 0.412109 0.892578 0.416016 0.890625 0.416016 0.886719 0.419922 0.886719 0.421875 0.878906 0.429688 0.876953 0.429688 0.875000 0.427734 0.861328 0.427734 0.855469 0.433594 0.855469 0.441406 0.853516 0.443359 0.851562 0.443359 0.847656 0.447266 0.847656 0.457031 0.851562 0.460938 0.851562 0.470703 0.849609 0.472656 0.847656 0.472656 0.843750 0.476562 0.843750 0.482422 0.841797 0.484375 0.841797 0.490234 0.839844 0.492188 0.837891 0.492188 0.833984 0.496094 0.833984 0.500000 0.828125 0.505859 0.826172 0.505859 0.824219 0.507812 0.822266 0.507812 0.818359 0.511719 0.818359 0.515625 0.816406 0.517578 0.816406 0.531250 0.822266 0.537109 0.826172 0.537109 0.828125 0.539062 0.835938 0.539062 0.837891 0.537109 0.839844 0.537109 0.843750 0.533203 0.845703 0.533203 0.849609 0.529297 0.853516 0.529297 0.857422 0.525391 0.859375 0.525391 0.861328 0.523438 0.865234 0.527344 0.865234 0.535156 0.861328 0.539062 0.861328 0.552734 0.863281 0.554688 0.863281 0.556641 0.867188 0.560547 0.876953 0.560547 0.880859 0.556641 0.880859 0.533203 0.882812 0.531250 0.886719 0.531250 0.890625 0.527344 0.890625 0.519531 0.888672 0.517578 0.888672 0.515625 0.890625 0.513672 0.890625 0.509766 0.892578 0.507812 0.902344 0.507812 0.906250 0.503906 0.906250 0.500000 0.912109 0.494141 0.912109 0.484375 0.908203 0.480469 0.900391 0.480469 0.898438 0.478516 0.888672 0.478516 0.886719 0.480469 0.882812 0.480469 0.880859 0.482422 0.876953 0.482422 0.867188 0.492188 0.865234 0.492188 0.863281 0.490234 0.863281 0.488281 0.869141 0.482422 0.869141 0.480469 0.871094 0.478516 0.871094 0.470703 0.873047 0.468750 0.875000 0.468750 0.878906 0.464844 0.878906 0.458984 0.880859 0.457031 0.882812 0.458984 0.890625 0.458984 0.892578 0.457031 0.894531 0.457031 0.898438 0.460938 0.898438 0.462891 0.902344 0.466797 0.904297 0.466797 0.908203 0.470703 0.923828 0.470703 0.927734 0.466797 0.927734 0.453125 0.931641 0.449219 0.931641 0.443359 0.933594 0.441406 0.933594 0.439453 0.935547 0.437500 0.935547 0.435547 0.937500 0.433594 0.937500 0.431641 0.939453 0.429688 0.939453 0.427734 0.945312 0.421875 0.945312 0.419922 0.953125 0.412109 0.953125 0.410156 0.955078 0.408203 0.960938 0.408203 0.964844 0.404297 0.964844 0.398438 0.968750 0.394531 0.968750 0.392578 0.972656 0.388672 0.972656 0.386719 0.982422 0.376953 0.982422 0.375000 0.984375 0.373047 0.984375 0.369141 0.986328 0.367188 0.986328 0.365234 0.990234 0.361328 0.990234 0.357422 0.996094 0.351562 0.996094 0.349609 0.998047 0.347656 0.998047 0.292969 0.996094 0.292969 0.992188 0.296875 0.992188 0.302734 0.988281 0.306641 0.988281 0.308594 0.986328 0.310547 0.984375 0.308594 0.984375 0.302734 0.986328 0.300781 0.986328 0.289062 0.990234 0.285156 0.990234 0.283203 0.994141 0.279297 0.994141 0.277344 0.996094 0.275391 0.996094 0.267578 0.998047 0.265625 0.998047 0.220703
0 0.880859 0.212891 0.876953 0.216797 0.876953 0.224609 0.880859 0.228516 0.888672 0.228516 0.892578 0.224609 0.892578 0.216797 0.888672 0.212891
0 0.730469 0.207031 0.726562 0.210938 0.726562 0.218750 0.730469 0.222656 0.740234 0.222656 0.744141 0.218750 0.744141 0.210938 0.740234 0.207031
0 0.494141 0.185547 0.492188 0.187500 0.490234 0.187500 0.486328 0.191406 0.486328 0.201172 0.490234 0.205078 0.500000 0.205078 0.505859 0.199219 0.505859 0.189453 0.501953 0.185547
0 0.804688 0.179688 0.800781 0.183594 0.800781 0.187500 0.798828 0.189453 0.794922 0.189453 0.785156 0.199219 0.785156 0.201172 0.783203 0.203125 0.783203 0.205078 0.781250 0.207031 0.781250 0.230469 0.785156 0.234375 0.792969 0.234375 0.794922 0.236328 0.794922 0.240234 0.798828 0.244141 0.804688 0.244141 0.806641 0.246094 0.806641 0.263672 0.792969 0.277344 0.789062 0.277344 0.785156 0.281250 0.785156 0.289062 0.791016 0.294922 0.787109 0.298828 0.787109 0.310547 0.789062 0.312500 0.789062 0.314453 0.792969 0.318359 0.792969 0.322266 0.789062 0.326172 0.789062 0.333984 0.792969 0.337891 0.800781 0.337891 0.802734 0.339844 0.802734 0.343750 0.800781 0.345703 0.777344 0.345703 0.775391 0.347656 0.773438 0.347656 0.761719 0.359375 0.761719 0.369141 0.765625 0.373047 0.789062 0.373047 0.791016 0.375000 0.791016 0.380859 0.785156 0.386719 0.781250 0.382812 0.773438 0.382812 0.769531 0.386719 0.769531 0.400391 0.763672 0.406250 0.761719 0.406250 0.759766 0.408203 0.753906 0.408203 0.744141 0.417969 0.744141 0.419922 0.738281 0.425781 0.738281 0.427734 0.736328 0.429688 0.732422 0.429688 0.728516 0.433594 0.728516 0.441406 0.732422 0.445312 0.744141 0.445312 0.746094 0.447266 0.746094 0.457031 0.750000 0.460938 0.763672 0.460938 0.765625 0.458984 0.767578 0.458984 0.777344 0.449219 0.777344 0.447266 0.781250 0.443359 0.781250 0.437500 0.785156 0.433594 0.785156 0.431641 0.787109 0.429688 0.787109 0.421875 0.785156 0.419922 0.787109 0.417969 0.792969 0.417969 0.796875 0.414062 0.796875 0.412109 0.800781 0.408203 0.802734 0.408203 0.812500 0.398438 0.818359 0.398438 0.822266 0.394531 0.822266 0.386719 0.818359 0.382812 0.812500 0.382812 0.806641 0.376953 0.806641 0.375000 0.808594 0.373047 0.814453 0.373047 0.818359 0.369141 0.818359 0.347656 0.820312 0.345703 0.820312 0.343750 0.822266 0.341797 0.822266 0.333984 0.818359 0.330078 0.812500 0.330078 0.810547 0.328125 0.810547 0.322266 0.816406 0.316406 0.818359 0.316406 0.822266 0.312500 0.822266 0.300781 0.820312 0.298828 0.820312 0.296875 0.818359 0.294922 0.818359 0.285156 0.816406 0.283203 0.816406 0.281250 0.818359 0.279297 0.818359 0.277344 0.822266 0.273438 0.822266 0.251953 0.830078 0.244141 0.832031 0.244141 0.835938 0.240234 0.835938 0.236328 0.837891 0.234375 0.837891 0.232422 0.839844 0.230469 0.839844 0.228516 0.843750 0.224609 0.843750 0.216797 0.845703 0.214844 0.845703 0.208984 0.847656 0.207031 0.847656 0.203125 0.849609 0.201172 0.849609 0.189453 0.843750 0.183594 0.835938 0.183594 0.832031 0.187500 0.826172 0.181641 0.818359 0.181641 0.816406 0.183594 0.812500 0.179688
0 0.990234 0.160156 0.986328 0.164062 0.986328 0.166016 0.984375 0.167969 0.984375 0.175781 0.986328 0.177734 0.984375 0.179688 0.982422 0.179688 0.974609 0.187500 0.974609 0.195312 0.980469 0.201172 0.984375 0.201172 0.990234 0.207031 0.998047 0.207031 0.998047 0.160156
0 0.656250 0.158203 0.652344 0.162109 0.652344 0.169922 0.656250 0.173828 0.664062 0.173828 0.666016 0.175781 0.664062 0.177734 0.664062 0.185547 0.667969 0.189453 0.671875 0.189453 0.673828 0.191406 0.673828 0.195312 0.677734 0.199219 0.681641 0.199219 0.683594 0.201172 0.679688 0.205078 0.679688 0.212891 0.683594 0.216797 0.691406 0.216797 0.695312 0.212891 0.695312 0.205078 0.691406 0.201172 0.687500 0.201172 0.685547 0.199219 0.689453 0.195312 0.689453 0.185547 0.685547 0.181641 0.681641 0.181641 0.679688 0.179688 0.679688 0.177734 0.675781 0.173828 0.667969 0.173828 0.666016 0.171875 0.667969 0.169922 0.667969 0.162109 0.664062 0.158203
0 0.486328 0.154297 0.482422 0.158203 0.482422 0.166016 0.486328 0.169922 0.498047 0.169922 0.501953 0.166016 0.501953 0.158203 0.498047 0.154297
0 0.037109 0.144531 0.035156 0.146484 0.033203 0.146484 0.031250 0.148438 0.029297 0.148438 0.025391 0.152344 0.023438 0.152344 0.021484 0.154297 0.019531 0.154297 0.017578 0.156250 0.015625 0.156250 0.013672 0.158203 0.013672 0.160156 0.011719 0.162109 0.011719 0.164062 0.009766 0.166016 0.009766 0.177734 0.011719 0.179688 0.011719 0.181641 0.013672 0.183594 0.013672 0.185547 0.015625 0.187500 0.013672 0.189453 0.011719 0.189453 0.009766 0.191406 0.009766 0.193359 0.007812 0.195312 0.007812 0.197266 0.005859 0.199219 0.005859 0.220703 0.007812 0.222656 0.007812 0.224609 0.009766 0.226562 0.009766 0.230469 0.011719 0.232422 0.011719 0.234375 0.013672 0.236328 0.013672 0.240234 0.015625 0.242188 0.015625 0.244141 0.017578 0.246094 0.017578 0.248047 0.019531 0.250000 0.019531 0.267578 0.021484 0.269531 0.021484 0.271484 0.023438 0.273438 0.023438 0.275391 0.025391 0.277344 0.027344 0.277344 0.029297 0.279297 0.031250 0.279297 0.033203 0.281250 0.035156 0.281250 0.037109 0.283203 0.037109 0.298828 0.039062 0.300781 0.039062 0.302734 0.041016 0.304688 0.041016 0.306641 0.046875 0.312500 0.046875 0.314453 0.052734 0.320312 0.052734 0.322266 0.054688 0.324219 0.054688 0.339844 0.052734 0.341797 0.050781 0.341797 0.046875 0.345703 0.046875 0.347656 0.044922 0.349609 0.044922 0.351562 0.042969 0.353516 0.042969 0.371094 0.044922 0.373047 0.044922 0.375000 0.046875 0.376953 0.046875 0.378906 0.048828 0.380859 0.050781 0.380859 0.054688 0.384766 0.054688 0.386719 0.052734 0.388672 0.052734 0.390625 0.050781 0.392578 0.050781 0.398438 0.048828 0.400391 0.048828 0.404297 0.046875 0.406250 0.046875 0.408203 0.044922 0.410156 0.044922 0.412109 0.042969 0.414062 0.042969 0.427734 0.044922 0.429688 0.044922 0.431641 0.046875 0.433594 0.046875 0.435547 0.048828 0.437500 0.050781 0.437500 0.052734 0.439453 0.054688 0.439453 0.056641 0.441406 0.068359 0.441406 0.070312 0.439453 0.072266 0.441406 0.072266 0.445312 0.074219 0.447266 0.074219 0.449219 0.076172 0.451172 0.074219 0.453125 0.072266 0.453125 0.070312 0.455078 0.070312 0.457031 0.068359 0.458984 0.068359 0.460938 0.066406 0.462891 0.066406 0.474609 0.068359 0.476562 0.068359 0.478516 0.070312 0.480469 0.070312 0.482422 0.072266 0.484375 0.074219 0.484375 0.076172 0.486328 0.078125 0.486328 0.080078 0.488281 0.087891 0.488281 0.089844 0.490234 0.089844 0.492188 0.087891 0.494141 0.087891 0.511719 0.089844 0.513672 0.089844 0.515625 0.091797 0.517578 0.091797 0.519531 0.093750 0.521484 0.095703 0.521484 0.097656 0.523438 0.099609 0.523438 0.101562 0.525391 0.105469 0.525391 0.107422 0.527344 0.107422 0.529297 0.105469 0.531250 0.105469 0.542969 0.107422 0.544922 0.107422 0.546875 0.109375 0.548828 0.109375 0.550781 0.111328 0.552734 0.113281 0.552734 0.115234 0.554688 0.117188 0.554688 0.119141 0.556641 0.130859 0.556641 0.132812 0.554688 0.134766 0.554688 0.136719 0.552734 0.138672 0.552734 0.140625 0.550781 0.140625 0.548828 0.142578 0.546875 0.142578 0.544922 0.144531 0.542969 0.144531 0.531250 0.142578 0.529297 0.142578 0.527344 0.140625 0.525391 0.140625 0.523438 0.142578 0.521484 0.144531 0.523438 0.146484 0.523438 0.148438 0.525391 0.150391 0.525391 0.152344 0.527344 0.164062 0.527344 0.166016 0.525391 0.167969 0.525391 0.169922 0.523438 0.171875 0.523438 0.173828 0.521484 0.173828 0.519531 0.175781 0.517578 0.175781 0.515625 0.177734 0.513672 0.177734 0.501953 0.175781 0.500000 0.175781 0.498047 0.173828 0.496094 0.173828 0.494141 0.164062 0.484375 0.162109 0.484375 0.160156 0.482422 0.158203 0.482422 0.156250 0.480469 0.154297 0.480469 0.152344 0.478516 0.152344 0.476562 0.154297 0.474609 0.154297 0.468750 0.156250 0.466797 0.156250 0.464844 0.158203 0.462891 0.158203 0.451172 0.156250 0.449219 0.156250 0.447266 0.154297 0.445312 0.154297 0.400391 0.156250 0.398438 0.158203 0.398438 0.160156 0.396484 0.160156 0.394531 0.162109 0.392578 0.162109 0.390625 0.164062 0.388672 0.164062 0.376953 0.162109 0.375000 0.162109 0.373047 0.160156 0.371094 0.160156 0.369141 0.158203 0.367188 0.156250 0.367188 0.154297 0.365234 0.152344 0.365234 0.150391 0.363281 0.148438 0.363281 0.146484 0.361328 0.146484 0.355469 0.148438 0.353516 0.148438 0.351562 0.150391 0.349609 0.150391 0.314453 0.148438 0.312500 0.148438 0.310547 0.146484 0.308594 0.146484 0.304688 0.148438 0.302734 0.150391 0.302734 0.152344 0.300781 0.154297 0.300781 0.156250 0.298828 0.158203 0.298828 0.160156 0.296875 0.160156 0.294922 0.166016 0.289062 0.166016 0.287109 0.167969 0.285156 0.167969 0.283203 0.169922 0.281250 0.169922 0.263672 0.167969 0.261719 0.167969 0.259766 0.166016 0.257812 0.166016 0.255859 0.164062 0.253906 0.162109 0.253906 0.152344 0.244141 0.150391 0.244141 0.148438 0.242188 0.146484 0.242188 0.144531 0.240234 0.142578 0.240234 0.140625 0.238281 0.140625 0.203125 0.138672 0.201172 0.138672 0.199219 0.136719 0.197266 0.136719 0.195312 0.134766 0.193359 0.132812 0.193359 0.128906 0.189453 0.126953 0.189453 0.125000 0.187500 0.123047 0.187500 0.121094 0.185547 0.107422 0.185547 0.105469 0.183594 0.105469 0.179688 0.103516 0.177734 0.103516 0.175781 0.101562 0.173828 0.101562 0.160156 0.099609 0.158203 0.099609 0.156250 0.097656 0.154297 0.097656 0.152344 0.095703 0.150391 0.093750 0.150391 0.091797 0.148438 0.089844 0.148438 0.087891 0.146484 0.076172 0.146484 0.074219 0.148438 0.072266 0.148438 0.070312 0.150391 0.068359 0.150391 0.066406 0.152344 0.066406 0.154297 0.062500 0.158203 0.060547 0.156250 0.060547 0.154297 0.058594 0.152344 0.058594 0.150391 0.056641 0.148438 0.054688 0.148438 0.052734 0.146484 0.050781 0.146484 0.048828 0.144531
0 0.632812 0.128906 0.628906 0.132812 0.628906 0.140625 0.632812 0.144531 0.640625 0.144531 0.644531 0.140625 0.644531 0.132812 0.640625 0.128906
0 0.458984 0.128906 0.453125 0.134766 0.453125 0.142578 0.457031 0.146484 0.470703 0.146484 0.474609 0.142578 0.474609 0.132812 0.470703 0.128906
0 0.585938 0.115234 0.582031 0.119141 0.582031 0.126953 0.585938 0.130859 0.591797 0.130859 0.593750 0.132812 0.593750 0.136719 0.597656 0.140625 0.615234 0.140625 0.617188 0.142578 0.613281 0.146484 0.613281 0.154297 0.617188 0.158203 0.625000 0.158203 0.628906 0.154297 0.628906 0.146484 0.625000 0.142578 0.617188 0.142578 0.615234 0.140625 0.619141 0.136719 0.619141 0.128906 0.615234 0.125000 0.599609 0.125000 0.597656 0.123047 0.597656 0.119141 0.593750 0.115234
0 0.601562 0.099609 0.597656 0.103516 0.597656 0.111328 0.601562 0.115234 0.609375 0.115234 0.613281 0.111328 0.613281 0.103516 0.609375 0.099609
0 0.929688 0.097656 0.923828 0.103516 0.921875 0.101562 0.914062 0.101562 0.910156 0.105469 0.910156 0.117188 0.912109 0.119141 0.912109 0.142578 0.917969 0.148438 0.917969 0.156250 0.919922 0.158203 0.917969 0.160156 0.914062 0.160156 0.910156 0.164062 0.910156 0.171875 0.908203 0.173828 0.906250 0.173828 0.904297 0.171875 0.880859 0.171875 0.878906 0.173828 0.875000 0.173828 0.871094 0.177734 0.871094 0.189453 0.873047 0.191406 0.873047 0.193359 0.875000 0.195312 0.875000 0.205078 0.878906 0.208984 0.886719 0.208984 0.890625 0.205078 0.890625 0.199219 0.892578 0.197266 0.910156 0.197266 0.912109 0.199219 0.912109 0.201172 0.917969 0.207031 0.925781 0.207031 0.929688 0.203125 0.929688 0.197266 0.931641 0.195312 0.935547 0.199219 0.945312 0.199219 0.949219 0.195312 0.949219 0.177734 0.945312 0.173828 0.945312 0.167969 0.937500 0.160156 0.933594 0.160156 0.931641 0.158203 0.933594 0.156250 0.933594 0.123047 0.935547 0.121094 0.935547 0.119141 0.941406 0.113281 0.941406 0.101562 0.937500 0.097656
0 0.402344 0.080078 0.400391 0.082031 0.398438 0.082031 0.394531 0.085938 0.394531 0.087891 0.392578 0.089844 0.392578 0.099609 0.398438 0.105469 0.412109 0.105469 0.414062 0.103516 0.417969 0.103516 0.423828 0.097656 0.423828 0.085938 0.419922 0.082031 0.417969 0.082031 0.416016 0.080078
0 0.753906 0.064453 0.751953 0.066406 0.750000 0.066406 0.742188 0.074219 0.740234 0.074219 0.732422 0.082031 0.732422 0.095703 0.738281 0.101562 0.742188 0.101562 0.744141 0.103516 0.744141 0.107422 0.742188 0.109375 0.740234 0.109375 0.738281 0.111328 0.736328 0.109375 0.730469 0.109375 0.726562 0.105469 0.708984 0.105469 0.707031 0.107422 0.705078 0.107422 0.701172 0.103516 0.691406 0.103516 0.687500 0.107422 0.683594 0.107422 0.679688 0.111328 0.679688 0.119141 0.683594 0.123047 0.687500 0.123047 0.689453 0.125000 0.689453 0.130859 0.691406 0.132812 0.691406 0.138672 0.695312 0.142578 0.707031 0.142578 0.708984 0.144531 0.705078 0.148438 0.705078 0.154297 0.703125 0.156250 0.695312 0.156250 0.691406 0.160156 0.691406 0.167969 0.695312 0.171875 0.701172 0.171875 0.703125 0.173828 0.703125 0.177734 0.707031 0.181641 0.714844 0.181641 0.720703 0.187500 0.720703 0.191406 0.724609 0.195312 0.736328 0.195312 0.744141 0.203125 0.751953 0.203125 0.755859 0.199219 0.755859 0.191406 0.748047 0.183594 0.748047 0.179688 0.744141 0.175781 0.740234 0.175781 0.738281 0.173828 0.744141 0.167969 0.746094 0.167969 0.750000 0.164062 0.759766 0.164062 0.763672 0.160156 0.765625 0.160156 0.769531 0.156250 0.769531 0.154297 0.773438 0.150391 0.773438 0.146484 0.775391 0.144531 0.775391 0.128906 0.769531 0.123047 0.765625 0.123047 0.763672 0.121094 0.769531 0.115234 0.769531 0.113281 0.773438 0.109375 0.773438 0.095703 0.769531 0.091797 0.761719 0.091797 0.759766 0.089844 0.763672 0.085938 0.765625 0.085938 0.773438 0.078125 0.773438 0.068359 0.769531 0.064453
0 0.082031 0.062500 0.078125 0.066406 0.078125 0.074219 0.080078 0.076172 0.080078 0.080078 0.087891 0.087891 0.095703 0.087891 0.099609 0.083984 0.099609 0.076172 0.097656 0.074219 0.097656 0.072266 0.095703 0.070312 0.095703 0.068359 0.089844 0.062500
0 0.662109 0.039062 0.658203 0.042969 0.658203 0.048828 0.656250 0.050781 0.654297 0.050781 0.650391 0.054688 0.650391 0.060547 0.648438 0.062500 0.640625 0.062500 0.636719 0.066406 0.636719 0.072266 0.634766 0.074219 0.630859 0.074219 0.626953 0.078125 0.623047 0.074219 0.615234 0.074219 0.611328 0.078125 0.611328 0.085938 0.615234 0.089844 0.623047 0.089844 0.626953 0.085938 0.630859 0.089844 0.634766 0.089844 0.636719 0.091797 0.630859 0.097656 0.630859 0.105469 0.632812 0.107422 0.630859 0.109375 0.630859 0.117188 0.634766 0.121094 0.642578 0.121094 0.644531 0.119141 0.646484 0.121094 0.646484 0.123047 0.650391 0.126953 0.658203 0.126953 0.660156 0.128906 0.660156 0.132812 0.664062 0.136719 0.666016 0.136719 0.667969 0.138672 0.667969 0.142578 0.671875 0.146484 0.679688 0.146484 0.683594 0.142578 0.683594 0.134766 0.681641 0.132812 0.681641 0.128906 0.677734 0.125000 0.675781 0.125000 0.671875 0.121094 0.664062 0.121094 0.662109 0.119141 0.662109 0.115234 0.664062 0.113281 0.669922 0.113281 0.673828 0.109375 0.673828 0.101562 0.669922 0.097656 0.673828 0.093750 0.673828 0.085938 0.675781 0.083984 0.679688 0.083984 0.683594 0.080078 0.683594 0.072266 0.679688 0.068359 0.671875 0.068359 0.667969 0.072266 0.667969 0.080078 0.666016 0.082031 0.664062 0.080078 0.664062 0.072266 0.660156 0.068359 0.666016 0.062500 0.666016 0.056641 0.667969 0.054688 0.669922 0.054688 0.673828 0.050781 0.673828 0.042969 0.669922 0.039062
0 0.142578 0.007812 0.138672 0.011719 0.138672 0.021484 0.142578 0.025391 0.144531 0.025391 0.146484 0.027344 0.148438 0.027344 0.150391 0.029297 0.167969 0.029297 0.171875 0.025391 0.171875 0.015625 0.167969 0.011719 0.166016 0.011719 0.162109 0.007812
0 0.779297 0.000000 0.779297 0.015625 0.781250 0.017578 0.781250 0.019531 0.783203 0.021484 0.783203 0.023438 0.785156 0.025391 0.785156 0.029297 0.789062 0.033203 0.789062 0.035156 0.791016 0.037109 0.791016 0.039062 0.794922 0.042969 0.794922 0.044922 0.796875 0.046875 0.796875 0.050781 0.798828 0.052734 0.798828 0.054688 0.794922 0.058594 0.794922 0.060547 0.792969 0.062500 0.792969 0.066406 0.791016 0.068359 0.791016 0.093750 0.794922 0.097656 0.798828 0.097656 0.800781 0.099609 0.818359 0.099609 0.822266 0.095703 0.824219 0.095703 0.826172 0.097656 0.826172 0.099609 0.820312 0.105469 0.820312 0.107422 0.816406 0.111328 0.816406 0.113281 0.814453 0.115234 0.814453 0.117188 0.812500 0.119141 0.812500 0.130859 0.808594 0.134766 0.808594 0.146484 0.812500 0.150391 0.818359 0.150391 0.820312 0.152344 0.814453 0.158203 0.814453 0.166016 0.818359 0.169922 0.820312 0.169922 0.824219 0.173828 0.832031 0.173828 0.835938 0.169922 0.835938 0.167969 0.837891 0.166016 0.839844 0.166016 0.843750 0.162109 0.843750 0.154297 0.839844 0.150391 0.839844 0.146484 0.841797 0.144531 0.841797 0.142578 0.843750 0.140625 0.843750 0.138672 0.845703 0.136719 0.845703 0.132812 0.847656 0.130859 0.851562 0.130859 0.857422 0.125000 0.857422 0.119141 0.861328 0.115234 0.863281 0.117188 0.863281 0.126953 0.865234 0.128906 0.865234 0.134766 0.869141 0.138672 0.876953 0.138672 0.880859 0.134766 0.880859 0.117188 0.884766 0.113281 0.884766 0.099609 0.886719 0.097656 0.888672 0.099609 0.898438 0.099609 0.902344 0.095703 0.902344 0.087891 0.890625 0.076172 0.880859 0.076172 0.871094 0.085938 0.871094 0.087891 0.869141 0.089844 0.869141 0.107422 0.865234 0.111328 0.863281 0.109375 0.863281 0.095703 0.859375 0.091797 0.851562 0.091797 0.849609 0.093750 0.847656 0.093750 0.843750 0.089844 0.839844 0.089844 0.837891 0.087891 0.837891 0.085938 0.839844 0.083984 0.839844 0.082031 0.845703 0.076172 0.851562 0.082031 0.861328 0.082031 0.869141 0.074219 0.869141 0.058594 0.871094 0.056641 0.871094 0.050781 0.875000 0.046875 0.875000 0.035156 0.871094 0.031250 0.863281 0.031250 0.861328 0.033203 0.859375 0.033203 0.857422 0.031250 0.845703 0.031250 0.841797 0.035156 0.841797 0.037109 0.839844 0.039062 0.839844 0.041016 0.837891 0.042969 0.837891 0.054688 0.832031 0.060547 0.832031 0.064453 0.822266 0.074219 0.822266 0.082031 0.820312 0.083984 0.818359 0.082031 0.810547 0.082031 0.808594 0.083984 0.806641 0.082031 0.806641 0.076172 0.812500 0.070312 0.812500 0.068359 0.818359 0.062500 0.818359 0.033203 0.816406 0.031250 0.816406 0.027344 0.814453 0.025391 0.814453 0.021484 0.812500 0.019531 0.812500 0.017578 0.810547 0.015625 0.810547 0.013672 0.808594 0.011719 0.808594 0.009766 0.806641 0.007812 0.806641 0.001953 0.804688 0.000000
0 0.683594 0.000000 0.683594 0.001953 0.687500 0.005859 0.687500 0.017578 0.683594 0.021484 0.683594 0.029297 0.687500 0.033203 0.681641 0.039062 0.681641 0.046875 0.687500 0.052734 0.685547 0.054688 0.685547 0.064453 0.689453 0.068359 0.689453 0.070312 0.687500 0.072266 0.687500 0.080078 0.689453 0.082031 0.689453 0.091797 0.693359 0.095703 0.701172 0.095703 0.705078 0.091797 0.705078 0.083984 0.703125 0.082031 0.705078 0.080078 0.707031 0.080078 0.708984 0.078125 0.722656 0.078125 0.728516 0.072266 0.728516 0.060547 0.724609 0.056641 0.716797 0.056641 0.714844 0.054688 0.714844 0.052734 0.712891 0.050781 0.712891 0.048828 0.707031 0.042969 0.707031 0.039062 0.705078 0.037109 0.705078 0.035156 0.714844 0.025391 0.714844 0.023438 0.716797 0.021484 0.716797 0.019531 0.718750 0.017578 0.718750 0.009766 0.714844 0.005859 0.707031 0.005859 0.705078 0.007812 0.703125 0.005859 0.703125 0.000000
0 0.626953 0.000000 0.626953 0.007812 0.630859 0.011719 0.628906 0.013672 0.628906 0.017578 0.626953 0.019531 0.621094 0.019531 0.617188 0.023438 0.617188 0.031250 0.621094 0.035156 0.623047 0.035156 0.625000 0.037109 0.625000 0.041016 0.619141 0.046875 0.619141 0.054688 0.625000 0.060547 0.632812 0.060547 0.636719 0.056641 0.636719 0.046875 0.640625 0.042969 0.640625 0.035156 0.642578 0.033203 0.648438 0.033203 0.654297 0.027344 0.656250 0.029297 0.664062 0.029297 0.667969 0.025391 0.667969 0.017578 0.664062 0.013672 0.658203 0.013672 0.656250 0.011719 0.656250 0.003906 0.652344 0.000000