0 0.710938 0.691406 0.708984 0.693359 0.705078 0.693359 0.703125 0.695312 0.699219 0.695312 0.695312 0.699219 0.695312 0.707031 0.699219 0.710938 0.708984 0.710938 0.710938 0.708984 0.718750 0.708984 0.724609 0.703125 0.724609 0.695312 0.720703 0.691406
0 0.666016 0.691406 0.658203 0.699219 0.650391 0.699219 0.644531 0.705078 0.644531 0.712891 0.654297 0.722656 0.671875 0.722656 0.675781 0.718750 0.675781 0.708984 0.677734 0.707031 0.677734 0.695312 0.673828 0.691406
0 0.626953 0.683594 0.623047 0.687500 0.605469 0.687500 0.601562 0.691406 0.601562 0.701172 0.605469 0.705078 0.613281 0.705078 0.615234 0.703125 0.632812 0.703125 0.640625 0.695312 0.640625 0.687500 0.636719 0.683594
0 0.734375 0.654297 0.730469 0.658203 0.730469 0.660156 0.728516 0.662109 0.724609 0.662109 0.720703 0.666016 0.720703 0.673828 0.724609 0.677734 0.726562 0.677734 0.730469 0.681641 0.742188 0.681641 0.746094 0.677734 0.748047 0.677734 0.750000 0.675781 0.750000 0.673828 0.753906 0.669922 0.751953 0.667969 0.751953 0.662109 0.748047 0.658203 0.746094 0.658203 0.742188 0.654297
0 0.542969 0.654297 0.539062 0.658203 0.539062 0.666016 0.544922 0.671875 0.552734 0.671875 0.554688 0.669922 0.556641 0.669922 0.562500 0.675781 0.570312 0.675781 0.574219 0.671875 0.580078 0.677734 0.587891 0.677734 0.591797 0.673828 0.591797 0.666016 0.587891 0.662109 0.580078 0.662109 0.576172 0.666016 0.568359 0.658203 0.560547 0.658203 0.558594 0.660156 0.556641 0.660156 0.550781 0.654297
0 0.992188 0.638672 0.988281 0.642578 0.988281 0.646484 0.986328 0.648438 0.982422 0.648438 0.980469 0.650391 0.968750 0.650391 0.966797 0.652344 0.960938 0.652344 0.957031 0.656250 0.957031 0.664062 0.962891 0.669922 0.962891 0.671875 0.966797 0.675781 0.980469 0.675781 0.982422 0.677734 0.998047 0.677734 0.998047 0.638672
0 0.810547 0.546875 0.804688 0.552734 0.802734 0.552734 0.798828 0.556641 0.792969 0.556641 0.791016 0.558594 0.787109 0.558594 0.781250 0.564453 0.781250 0.574219 0.785156 0.578125 0.785156 0.597656 0.789062 0.601562 0.789062 0.603516 0.792969 0.607422 0.794922 0.607422 0.798828 0.611328 0.802734 0.611328 0.804688 0.613281 0.814453 0.613281 0.816406 0.615234 0.818359 0.615234 0.822266 0.619141 0.837891 0.619141 0.843750 0.613281 0.845703 0.613281 0.847656 0.611328 0.849609 0.611328 0.851562 0.613281 0.851562 0.615234 0.847656 0.619141 0.847656 0.636719 0.849609 0.638672 0.849609 0.646484 0.847656 0.648438 0.835938 0.648438 0.824219 0.660156 0.822266 0.658203 0.822266 0.646484 0.818359 0.642578 0.810547 0.642578 0.806641 0.646484 0.806641 0.652344 0.804688 0.654297 0.802734 0.654297 0.798828 0.658203 0.794922 0.658203 0.787109 0.666016 0.785156 0.666016 0.781250 0.669922 0.781250 0.671875 0.777344 0.675781 0.777344 0.679688 0.775391 0.681641 0.775391 0.683594 0.767578 0.691406 0.761719 0.691406 0.757812 0.695312 0.757812 0.703125 0.761719 0.707031 0.763672 0.707031 0.767578 0.710938 0.779297 0.710938 0.783203 0.707031 0.783203 0.701172 0.785156 0.699219 0.785156 0.697266 0.791016 0.691406 0.791016 0.689453 0.792969 0.687500 0.792969 0.685547 0.804688 0.673828 0.806641 0.673828 0.810547 0.669922 0.814453 0.669922 0.818359 0.666016 0.818359 0.664062 0.822266 0.660156 0.824219 0.662109 0.824219 0.669922 0.828125 0.673828 0.835938 0.673828 0.841797 0.667969 0.843750 0.669922 0.843750 0.681641 0.847656 0.685547 0.855469 0.685547 0.859375 0.681641 0.859375 0.677734 0.863281 0.673828 0.863281 0.660156 0.865234 0.658203 0.865234 0.630859 0.863281 0.628906 0.863281 0.626953 0.865234 0.625000 0.865234 0.623047 0.867188 0.621094 0.867188 0.605469 0.863281 0.601562 0.867188 0.597656 0.867188 0.583984 0.861328 0.578125 0.861328 0.572266 0.865234 0.568359 0.865234 0.558594 0.861328 0.554688 0.853516 0.554688 0.847656 0.560547 0.845703 0.558594 0.845703 0.554688 0.841797 0.550781 0.833984 0.550781 0.832031 0.552734 0.826172 0.546875
0 0.744141 0.531250 0.740234 0.535156 0.740234 0.539062 0.736328 0.542969 0.736328 0.552734 0.740234 0.556641 0.748047 0.556641 0.751953 0.552734 0.751953 0.550781 0.753906 0.548828 0.753906 0.546875 0.755859 0.544922 0.755859 0.535156 0.751953 0.531250
0 0.955078 0.472656 0.949219 0.478516 0.949219 0.480469 0.947266 0.482422 0.945312 0.480469 0.937500 0.480469 0.933594 0.484375 0.933594 0.492188 0.937500 0.496094 0.935547 0.498047 0.935547 0.507812 0.937500 0.509766 0.935547 0.511719 0.935547 0.519531 0.943359 0.527344 0.951172 0.527344 0.953125 0.529297 0.955078 0.529297 0.957031 0.531250 0.978516 0.531250 0.984375 0.525391 0.984375 0.505859 0.978516 0.500000 0.978516 0.496094 0.980469 0.494141 0.980469 0.482422 0.978516 0.480469 0.978516 0.476562 0.974609 0.472656
0 0.798828 0.427734 0.796875 0.429688 0.794922 0.429688 0.791016 0.433594 0.791016 0.437500 0.787109 0.441406 0.787109 0.451172 0.789062 0.453125 0.789062 0.468750 0.791016 0.470703 0.791016 0.472656 0.792969 0.474609 0.792969 0.476562 0.794922 0.478516 0.794922 0.484375 0.796875 0.486328 0.796875 0.496094 0.792969 0.500000 0.792969 0.511719 0.796875 0.515625 0.804688 0.515625 0.808594 0.511719 0.808594 0.509766 0.812500 0.505859 0.812500 0.480469 0.814453 0.478516 0.814453 0.466797 0.816406 0.464844 0.816406 0.433594 0.812500 0.429688 0.808594 0.429688 0.806641 0.427734
0 0.744141 0.414062 0.740234 0.417969 0.740234 0.427734 0.744141 0.431641 0.753906 0.431641 0.757812 0.427734 0.757812 0.419922 0.751953 0.414062
0 0.457031 0.361328 0.453125 0.365234 0.453125 0.371094 0.451172 0.373047 0.451172 0.380859 0.455078 0.384766 0.462891 0.384766 0.468750 0.378906 0.468750 0.365234 0.464844 0.361328
0 0.710938 0.337891 0.707031 0.341797 0.707031 0.349609 0.710938 0.353516 0.716797 0.353516 0.718750 0.355469 0.726562 0.355469 0.730469 0.351562 0.730469 0.341797 0.726562 0.337891
0 0.685547 0.308594 0.681641 0.312500 0.681641 0.320312 0.685547 0.324219 0.701172 0.324219 0.705078 0.320312 0.705078 0.312500 0.701172 0.308594
0 0.496094 0.308594 0.486328 0.318359 0.486328 0.326172 0.490234 0.330078 0.498047 0.330078 0.500000 0.328125 0.501953 0.328125 0.507812 0.322266 0.507812 0.312500 0.503906 0.308594
0 0.755859 0.281250 0.751953 0.285156 0.751953 0.298828 0.753906 0.300781 0.753906 0.302734 0.751953 0.304688 0.751953 0.306641 0.750000 0.308594 0.746094 0.304688 0.724609 0.304688 0.718750 0.310547 0.718750 0.318359 0.724609 0.324219 0.724609 0.330078 0.728516 0.333984 0.730469 0.333984 0.732422 0.335938 0.734375 0.335938 0.738281 0.339844 0.738281 0.341797 0.744141 0.347656 0.750000 0.347656 0.751953 0.349609 0.750000 0.351562 0.750000 0.365234 0.753906 0.369141 0.763672 0.369141 0.769531 0.363281 0.769531 0.351562 0.765625 0.347656 0.757812 0.347656 0.755859 0.345703 0.757812 0.343750 0.757812 0.330078 0.753906 0.326172 0.751953 0.326172 0.748047 0.322266 0.751953 0.318359 0.753906 0.318359 0.755859 0.320312 0.755859 0.322266 0.759766 0.326172 0.767578 0.326172 0.771484 0.322266 0.771484 0.289062 0.763672 0.281250
0 0.845703 0.265625 0.841797 0.269531 0.841797 0.277344 0.845703 0.281250 0.853516 0.281250 0.857422 0.277344 0.857422 0.269531 0.853516 0.265625
0 0.628906 0.236328 0.625000 0.240234 0.625000 0.242188 0.623047 0.244141 0.619141 0.244141 0.609375 0.253906 0.609375 0.269531 0.611328 0.271484 0.611328 0.275391 0.613281 0.277344 0.613281 0.279297 0.617188 0.283203 0.652344 0.283203 0.654297 0.281250 0.660156 0.287109 0.664062 0.287109 0.666016 0.289062 0.667969 0.289062 0.669922 0.291016 0.681641 0.291016 0.685547 0.287109 0.689453 0.287109 0.691406 0.285156 0.693359 0.285156 0.699219 0.279297 0.701172 0.281250 0.701172 0.285156 0.705078 0.289062 0.720703 0.289062 0.724609 0.285156 0.724609 0.271484 0.720703 0.267578 0.718750 0.267578 0.716797 0.265625 0.705078 0.265625 0.701172 0.269531 0.699219 0.267578 0.699219 0.265625 0.695312 0.261719 0.687500 0.261719 0.683594 0.265625 0.683594 0.267578 0.681641 0.269531 0.679688 0.269531 0.677734 0.267578 0.675781 0.267578 0.673828 0.265625 0.667969 0.265625 0.666016 0.263672 0.667969 0.261719 0.667969 0.248047 0.664062 0.244141 0.652344 0.244141 0.650391 0.242188 0.650391 0.240234 0.646484 0.236328
0 0.523438 0.236328 0.519531 0.240234 0.519531 0.246094 0.517578 0.248047 0.517578 0.251953 0.515625 0.253906 0.515625 0.255859 0.511719 0.259766 0.511719 0.263672 0.503906 0.271484 0.503906 0.283203 0.507812 0.287109 0.517578 0.287109 0.519531 0.285156 0.521484 0.285156 0.523438 0.283203 0.529297 0.283203 0.533203 0.279297 0.535156 0.279297 0.539062 0.275391 0.544922 0.275391 0.554688 0.265625 0.566406 0.265625 0.568359 0.263672 0.570312 0.263672 0.572266 0.261719 0.574219 0.261719 0.578125 0.257812 0.578125 0.250000 0.574219 0.246094 0.562500 0.246094 0.558594 0.250000 0.550781 0.250000 0.546875 0.246094 0.546875 0.244141 0.544922 0.242188 0.544922 0.240234 0.541016 0.236328
0 0.888672 0.205078 0.882812 0.210938 0.882812 0.212891 0.880859 0.214844 0.878906 0.214844 0.875000 0.218750 0.875000 0.222656 0.871094 0.226562 0.871094 0.250000 0.875000 0.253906 0.882812 0.253906 0.884766 0.255859 0.882812 0.257812 0.875000 0.257812 0.871094 0.261719 0.871094 0.271484 0.869141 0.273438 0.869141 0.292969 0.867188 0.294922 0.867188 0.296875 0.865234 0.298828 0.865234 0.306641 0.871094 0.312500 0.867188 0.316406 0.867188 0.324219 0.871094 0.328125 0.869141 0.330078 0.867188 0.330078 0.863281 0.333984 0.863281 0.345703 0.859375 0.349609 0.859375 0.365234 0.857422 0.367188 0.857422 0.376953 0.863281 0.382812 0.863281 0.388672 0.865234 0.390625 0.865234 0.398438 0.863281 0.400391 0.863281 0.408203 0.857422 0.414062 0.857422 0.423828 0.859375 0.425781 0.859375 0.433594 0.855469 0.437500 0.855469 0.449219 0.857422 0.451172 0.857422 0.453125 0.859375 0.455078 0.859375 0.457031 0.857422 0.458984 0.857422 0.472656 0.859375 0.474609 0.857422 0.476562 0.857422 0.484375 0.851562 0.490234 0.851562 0.492188 0.847656 0.496094 0.847656 0.500000 0.843750 0.503906 0.843750 0.511719 0.845703 0.513672 0.845703 0.527344 0.847656 0.529297 0.847656 0.531250 0.853516 0.537109 0.865234 0.537109 0.869141 0.533203 0.869141 0.521484 0.871094 0.519531 0.871094 0.498047 0.873047 0.496094 0.873047 0.476562 0.871094 0.474609 0.873047 0.472656 0.873047 0.466797 0.875000 0.464844 0.875000 0.445312 0.873047 0.443359 0.875000 0.441406 0.875000 0.437500 0.876953 0.435547 0.876953 0.425781 0.875000 0.423828 0.875000 0.421875 0.876953 0.419922 0.876953 0.417969 0.878906 0.416016 0.878906 0.408203 0.880859 0.406250 0.880859 0.386719 0.882812 0.384766 0.882812 0.367188 0.880859 0.365234 0.880859 0.363281 0.878906 0.361328 0.878906 0.355469 0.880859 0.353516 0.880859 0.335938 0.878906 0.333984 0.880859 0.332031 0.896484 0.332031 0.900391 0.328125 0.900391 0.320312 0.898438 0.318359 0.898438 0.300781 0.902344 0.296875 0.902344 0.287109 0.910156 0.279297 0.910156 0.261719 0.908203 0.259766 0.908203 0.226562 0.902344 0.220703 0.902344 0.208984 0.898438 0.205078
0 0.785156 0.197266 0.783203 0.199219 0.781250 0.199219 0.777344 0.203125 0.777344 0.218750 0.781250 0.222656 0.796875 0.222656 0.798828 0.220703 0.802734 0.220703 0.806641 0.216797 0.806641 0.201172 0.802734 0.197266
0 0.863281 0.064453 0.859375 0.068359 0.859375 0.074219 0.857422 0.076172 0.857422 0.097656 0.861328 0.101562 0.861328 0.103516 0.865234 0.107422 0.869141 0.107422 0.871094 0.109375 0.890625 0.109375 0.892578 0.107422 0.896484 0.107422 0.900391 0.103516 0.900391 0.093750 0.892578 0.085938 0.892578 0.082031 0.890625 0.080078 0.890625 0.078125 0.886719 0.074219 0.882812 0.074219 0.880859 0.072266 0.876953 0.072266 0.875000 0.070312 0.875000 0.068359 0.871094 0.064453
0 0.822266 0.064453 0.814453 0.072266 0.814453 0.076172 0.812500 0.078125 0.812500 0.080078 0.810547 0.082031 0.810547 0.097656 0.814453 0.101562 0.828125 0.101562 0.830078 0.103516 0.830078 0.109375 0.833984 0.113281 0.833984 0.121094 0.837891 0.125000 0.851562 0.125000 0.853516 0.126953 0.853516 0.128906 0.849609 0.132812 0.849609 0.140625 0.853516 0.144531 0.847656 0.150391 0.847656 0.158203 0.849609 0.160156 0.849609 0.162109 0.847656 0.164062 0.847656 0.171875 0.851562 0.175781 0.851562 0.177734 0.847656 0.181641 0.847656 0.189453 0.849609 0.191406 0.849609 0.193359 0.845703 0.197266 0.845703 0.205078 0.849609 0.208984 0.843750 0.214844 0.843750 0.222656 0.847656 0.226562 0.843750 0.230469 0.843750 0.238281 0.845703 0.240234 0.845703 0.242188 0.841797 0.246094 0.841797 0.253906 0.845703 0.257812 0.853516 0.257812 0.857422 0.253906 0.857422 0.246094 0.855469 0.244141 0.855469 0.242188 0.859375 0.238281 0.859375 0.230469 0.855469 0.226562 0.859375 0.222656 0.859375 0.214844 0.855469 0.210938 0.861328 0.205078 0.861328 0.197266 0.859375 0.195312 0.859375 0.193359 0.863281 0.189453 0.863281 0.181641 0.859375 0.177734 0.859375 0.175781 0.863281 0.171875 0.863281 0.164062 0.861328 0.162109 0.861328 0.160156 0.863281 0.158203 0.863281 0.150391 0.859375 0.146484 0.865234 0.140625 0.865234 0.132812 0.863281 0.130859 0.863281 0.128906 0.867188 0.125000 0.867188 0.117188 0.863281 0.113281 0.855469 0.113281 0.853516 0.111328 0.853516 0.109375 0.849609 0.105469 0.849609 0.101562 0.845703 0.097656 0.845703 0.078125 0.841797 0.074219 0.841797 0.072266 0.837891 0.068359 0.835938 0.068359 0.832031 0.064453
0 0.984375 0.046875 0.980469 0.050781 0.980469 0.058594 0.984375 0.062500 0.986328 0.062500 0.988281 0.064453 0.992188 0.064453 0.996094 0.068359 0.998047 0.068359 0.998047 0.048828 0.996094 0.048828 0.994141 0.046875
0 0.818359 0.021484 0.814453 0.025391 0.814453 0.041016 0.818359 0.044922 0.818359 0.046875 0.822266 0.050781 0.830078 0.050781 0.832031 0.048828 0.841797 0.048828 0.845703 0.044922 0.845703 0.025391 0.841797 0.021484
0 0.960938 0.017578 0.958984 0.019531 0.957031 0.019531 0.953125 0.023438 0.953125 0.025391 0.945312 0.033203 0.945312 0.035156 0.943359 0.037109 0.943359 0.039062 0.941406 0.041016 0.937500 0.041016 0.935547 0.042969 0.929688 0.042969 0.925781 0.046875 0.925781 0.048828 0.923828 0.050781 0.923828 0.062500 0.929688 0.068359 0.931641 0.068359 0.935547 0.072266 0.949219 0.072266 0.953125 0.068359 0.953125 0.066406 0.960938 0.058594 0.960938 0.056641 0.964844 0.052734 0.964844 0.050781 0.966797 0.048828 0.966797 0.046875 0.972656 0.041016 0.972656 0.021484 0.968750 0.017578
0 0.000000 0.000000 0.000000 0.998047 0.470703 0.998047 0.468750 0.996094 0.468750 0.988281 0.470703 0.986328 0.470703 0.978516 0.472656 0.976562 0.472656 0.974609 0.474609 0.972656 0.474609 0.970703 0.480469 0.964844 0.480469 0.962891 0.486328 0.957031 0.486328 0.955078 0.494141 0.947266 0.494141 0.945312 0.500000 0.939453 0.500000 0.937500 0.511719 0.925781 0.513672 0.925781 0.515625 0.923828 0.515625 0.921875 0.517578 0.919922 0.527344 0.919922 0.529297 0.917969 0.556641 0.917969 0.558594 0.916016 0.560547 0.916016 0.564453 0.912109 0.570312 0.912109 0.572266 0.910156 0.585938 0.910156 0.587891 0.908203 0.591797 0.908203 0.593750 0.906250 0.605469 0.906250 0.607422 0.904297 0.609375 0.904297 0.611328 0.902344 0.613281 0.902344 0.615234 0.900391 0.617188 0.902344 0.625000 0.902344 0.626953 0.900391 0.632812 0.900391 0.634766 0.898438 0.642578 0.898438 0.644531 0.896484 0.683594 0.896484 0.685547 0.894531 0.734375 0.894531 0.736328 0.896484 0.791016 0.896484 0.794922 0.892578 0.798828 0.892578 0.800781 0.890625 0.921875 0.890625 0.923828 0.888672 0.943359 0.888672 0.945312 0.886719 0.957031 0.886719 0.958984 0.884766 0.964844 0.884766 0.966797 0.882812 0.970703 0.882812 0.972656 0.884766 0.970703 0.886719 0.970703 0.894531 0.974609 0.898438 0.978516 0.898438 0.980469 0.900391 0.976562 0.904297 0.976562 0.906250 0.974609 0.908203 0.974609 0.921875 0.972656 0.923828 0.970703 0.921875 0.962891 0.921875 0.958984 0.925781 0.958984 0.937500 0.960938 0.939453 0.960938 0.941406 0.964844 0.945312 0.966797 0.945312 0.968750 0.947266 0.984375 0.947266 0.986328 0.949219 0.980469 0.955078 0.980469 0.962891 0.984375 0.966797 0.984375 0.978516 0.990234 0.984375 0.998047 0.984375 0.998047 0.734375 0.996094 0.732422 0.976562 0.732422 0.974609 0.730469 0.962891 0.730469 0.958984 0.734375 0.958984 0.736328 0.955078 0.740234 0.937500 0.740234 0.935547 0.742188 0.925781 0.742188 0.923828 0.744141 0.919922 0.744141 0.916016 0.748047 0.916016 0.753906 0.914062 0.755859 0.910156 0.755859 0.908203 0.757812 0.904297 0.757812 0.900391 0.753906 0.900391 0.751953 0.896484 0.748047 0.894531 0.748047 0.892578 0.746094 0.890625 0.746094 0.886719 0.742188 0.861328 0.742188 0.859375 0.744141 0.853516 0.744141 0.845703 0.751953 0.843750 0.751953 0.839844 0.755859 0.839844 0.757812 0.837891 0.759766 0.824219 0.759766 0.822266 0.761719 0.816406 0.761719 0.814453 0.763672 0.802734 0.763672 0.800781 0.765625 0.794922 0.765625 0.792969 0.767578 0.783203 0.767578 0.781250 0.769531 0.775391 0.769531 0.773438 0.767578 0.773438 0.765625 0.775391 0.763672 0.779297 0.763672 0.783203 0.759766 0.783203 0.751953 0.779297 0.748047 0.759766 0.748047 0.757812 0.750000 0.755859 0.750000 0.753906 0.751953 0.742188 0.751953 0.740234 0.753906 0.738281 0.753906 0.734375 0.757812 0.734375 0.759766 0.730469 0.763672 0.730469 0.765625 0.726562 0.769531 0.726562 0.771484 0.724609 0.773438 0.714844 0.773438 0.712891 0.771484 0.712891 0.765625 0.708984 0.761719 0.705078 0.761719 0.697266 0.753906 0.683594 0.753906 0.679688 0.757812 0.679688 0.759766 0.677734 0.761719 0.669922 0.761719 0.667969 0.763672 0.660156 0.763672 0.656250 0.767578 0.654297 0.765625 0.644531 0.765625 0.638672 0.759766 0.638672 0.757812 0.634766 0.753906 0.609375 0.753906 0.605469 0.757812 0.605469 0.763672 0.603516 0.765625 0.593750 0.765625 0.591797 0.763672 0.591797 0.761719 0.587891 0.757812 0.572266 0.757812 0.568359 0.761719 0.564453 0.761719 0.556641 0.769531 0.556641 0.771484 0.554688 0.773438 0.550781 0.769531 0.548828 0.769531 0.544922 0.765625 0.542969 0.765625 0.541016 0.763672 0.539062 0.763672 0.537109 0.761719 0.531250 0.761719 0.529297 0.759766 0.535156 0.753906 0.535156 0.751953 0.537109 0.750000 0.541016 0.750000 0.546875 0.744141 0.546875 0.742188 0.548828 0.740234 0.548828 0.736328 0.550781 0.734375 0.583984 0.734375 0.587891 0.730469 0.587891 0.722656 0.583984 0.718750 0.562500 0.718750 0.558594 0.714844 0.560547 0.712891 0.574219 0.712891 0.576172 0.710938 0.580078 0.710938 0.583984 0.707031 0.583984 0.705078 0.591797 0.697266 0.591797 0.687500 0.587891 0.683594 0.578125 0.683594 0.574219 0.679688 0.558594 0.679688 0.554688 0.683594 0.554688 0.685547 0.552734 0.687500 0.552734 0.689453 0.546875 0.695312 0.539062 0.695312 0.537109 0.693359 0.527344 0.693359 0.521484 0.699219 0.521484 0.703125 0.515625 0.708984 0.515625 0.712891 0.511719 0.716797 0.507812 0.716797 0.505859 0.714844 0.507812 0.712891 0.507812 0.695312 0.503906 0.691406 0.498047 0.691406 0.494141 0.687500 0.486328 0.687500 0.482422 0.691406 0.482422 0.693359 0.480469 0.695312 0.476562 0.695312 0.474609 0.697266 0.468750 0.697266 0.466797 0.699219 0.464844 0.699219 0.462891 0.697266 0.462891 0.695312 0.466797 0.691406 0.466797 0.689453 0.468750 0.687500 0.468750 0.685547 0.470703 0.683594 0.470703 0.677734 0.472656 0.675781 0.472656 0.671875 0.474609 0.669922 0.482422 0.669922 0.488281 0.664062 0.490234 0.666016 0.492188 0.666016 0.494141 0.667969 0.494141 0.669922 0.498047 0.673828 0.513672 0.673828 0.517578 0.669922 0.517578 0.662109 0.513672 0.658203 0.515625 0.656250 0.519531 0.656250 0.521484 0.658203 0.529297 0.658203 0.533203 0.654297 0.533203 0.646484 0.527344 0.640625 0.525391 0.640625 0.523438 0.638672 0.521484 0.638672 0.519531 0.636719 0.507812 0.636719 0.503906 0.640625 0.503906 0.648438 0.505859 0.650391 0.503906 0.652344 0.501953 0.652344 0.498047 0.648438 0.496094 0.648438 0.492188 0.644531 0.490234 0.644531 0.488281 0.642578 0.484375 0.642578 0.482422 0.640625 0.482422 0.638672 0.478516 0.634766 0.478516 0.630859 0.474609 0.626953 0.474609 0.625000 0.472656 0.623047 0.472656 0.621094 0.468750 0.617188 0.468750 0.615234 0.460938 0.607422 0.460938 0.601562 0.458984 0.599609 0.458984 0.597656 0.455078 0.593750 0.447266 0.593750 0.445312 0.595703 0.443359 0.595703 0.441406 0.593750 0.441406 0.591797 0.437500 0.587891 0.437500 0.585938 0.435547 0.583984 0.435547 0.580078 0.439453 0.576172 0.439453 0.568359 0.437500 0.566406 0.437500 0.560547 0.435547 0.558594 0.435547 0.556641 0.433594 0.554688 0.433594 0.552734 0.431641 0.550781 0.431641 0.548828 0.429688 0.546875 0.429688 0.542969 0.427734 0.541016 0.427734 0.537109 0.421875 0.531250 0.421875 0.527344 0.419922 0.525391 0.419922 0.521484 0.417969 0.519531 0.417969 0.515625 0.414062 0.511719 0.414062 0.466797 0.416016 0.464844 0.416016 0.443359 0.412109 0.439453 0.404297 0.439453 0.400391 0.435547 0.402344 0.433594 0.402344 0.431641 0.404297 0.429688 0.404297 0.421875 0.406250 0.419922 0.408203 0.421875 0.417969 0.421875 0.421875 0.417969 0.423828 0.417969 0.427734 0.414062 0.427734 0.410156 0.429688 0.408203 0.429688 0.406250 0.431641 0.404297 0.431641 0.402344 0.433594 0.400391 0.433594 0.398438 0.435547 0.396484 0.435547 0.386719 0.437500 0.384766 0.437500 0.378906 0.441406 0.375000 0.441406 0.369141 0.443359 0.367188 0.443359 0.365234 0.445312 0.363281 0.445312 0.361328 0.447266 0.359375 0.447266 0.357422 0.451172 0.353516 0.451172 0.351562 0.457031 0.345703 0.457031 0.341797 0.460938 0.337891 0.460938 0.335938 0.462891 0.333984 0.462891 0.332031 0.466797 0.328125 0.466797 0.318359 0.464844 0.316406 0.466797 0.314453 0.470703 0.314453 0.474609 0.310547 0.474609 0.302734 0.472656 0.300781 0.472656 0.298828 0.470703 0.296875 0.470703 0.294922 0.466797 0.291016 0.458984 0.291016 0.457031 0.292969 0.451172 0.287109 0.443359 0.287109 0.439453 0.291016 0.439453 0.294922 0.437500 0.296875 0.435547 0.294922 0.427734 0.294922 0.421875 0.289062 0.412109 0.289062 0.406250 0.294922 0.404297 0.292969 0.404297 0.291016 0.400391 0.287109 0.400391 0.283203 0.410156 0.273438 0.410156 0.263672 0.412109 0.261719 0.412109 0.259766 0.414062 0.257812 0.414062 0.253906 0.416016 0.251953 0.416016 0.234375 0.417969 0.232422 0.417969 0.222656 0.414062 0.218750 0.416016 0.216797 0.416016 0.214844 0.417969 0.212891 0.417969 0.207031 0.419922 0.205078 0.419922 0.189453 0.416016 0.185547 0.414062 0.185547 0.412109 0.183594 0.414062 0.181641 0.416016 0.181641 0.419922 0.177734 0.419922 0.173828 0.421875 0.171875 0.421875 0.167969 0.423828 0.166016 0.423828 0.160156 0.425781 0.158203 0.427734 0.158203 0.431641 0.154297 0.431641 0.142578 0.423828 0.134766 0.416016 0.134766 0.414062 0.136719 0.412109 0.134766 0.402344 0.134766 0.398438 0.138672 0.398438 0.146484 0.400391 0.148438 0.400391 0.150391 0.402344 0.152344 0.400391 0.154297 0.384766 0.154297 0.382812 0.156250 0.367188 0.156250 0.365234 0.154297 0.367188 0.152344 0.367188 0.138672 0.371094 0.134766 0.384766 0.134766 0.388672 0.130859 0.392578 0.130859 0.396484 0.126953 0.400391 0.126953 0.412109 0.115234 0.414062 0.115234 0.419922 0.109375 0.419922 0.089844 0.414062 0.083984 0.412109 0.083984 0.410156 0.082031 0.404297 0.082031 0.402344 0.080078 0.396484 0.080078 0.394531 0.078125 0.394531 0.072266 0.392578 0.070312 0.392578 0.068359 0.390625 0.066406 0.390625 0.064453 0.388672 0.062500 0.392578 0.058594 0.400391 0.058594 0.402344 0.056641 0.414062 0.056641 0.417969 0.052734 0.417969 0.050781 0.419922 0.048828 0.419922 0.046875 0.425781 0.041016 0.425781 0.037109 0.427734 0.035156 0.427734 0.023438 0.423828 0.019531 0.423828 0.015625 0.419922 0.011719 0.408203 0.011719 0.406250 0.009766 0.406250 0.003906 0.402344 0.000000 0.392578 0.000000 0.390625 0.001953 0.388672 0.000000