0 0.640625 0.937500 0.636719 0.941406 0.636719 0.949219 0.642578 0.955078 0.650391 0.955078 0.654297 0.951172 0.654297 0.943359 0.648438 0.937500
0 0.312500 0.925781 0.306641 0.931641 0.306641 0.933594 0.302734 0.937500 0.302734 0.943359 0.298828 0.947266 0.298828 0.955078 0.296875 0.957031 0.291016 0.957031 0.287109 0.960938 0.287109 0.968750 0.283203 0.972656 0.279297 0.972656 0.277344 0.970703 0.277344 0.966797 0.273438 0.962891 0.269531 0.962891 0.263672 0.957031 0.255859 0.957031 0.242188 0.970703 0.240234 0.968750 0.240234 0.962891 0.236328 0.958984 0.228516 0.958984 0.224609 0.962891 0.224609 0.968750 0.220703 0.972656 0.218750 0.972656 0.214844 0.968750 0.205078 0.968750 0.203125 0.970703 0.199219 0.966797 0.199219 0.964844 0.195312 0.960938 0.185547 0.960938 0.183594 0.958984 0.183594 0.955078 0.179688 0.951172 0.169922 0.951172 0.164062 0.957031 0.158203 0.957031 0.156250 0.955078 0.156250 0.953125 0.152344 0.949219 0.132812 0.949219 0.130859 0.947266 0.109375 0.947266 0.105469 0.951172 0.099609 0.951172 0.097656 0.953125 0.093750 0.953125 0.089844 0.957031 0.083984 0.957031 0.078125 0.962891 0.078125 0.978516 0.085938 0.986328 0.097656 0.986328 0.105469 0.978516 0.105469 0.976562 0.113281 0.968750 0.121094 0.968750 0.123047 0.966797 0.126953 0.966797 0.128906 0.968750 0.134766 0.968750 0.136719 0.970703 0.138672 0.970703 0.140625 0.972656 0.164062 0.972656 0.169922 0.978516 0.185547 0.978516 0.193359 0.986328 0.193359 0.992188 0.197266 0.996094 0.218750 0.996094 0.220703 0.998047 0.236328 0.998047 0.236328 0.994141 0.240234 0.990234 0.250000 0.990234 0.253906 0.986328 0.253906 0.984375 0.255859 0.982422 0.267578 0.982422 0.269531 0.984375 0.269531 0.986328 0.273438 0.990234 0.308594 0.990234 0.310547 0.988281 0.320312 0.988281 0.326172 0.994141 0.330078 0.994141 0.332031 0.996094 0.343750 0.996094 0.345703 0.998047 0.486328 0.998047 0.486328 0.992188 0.482422 0.988281 0.470703 0.988281 0.468750 0.990234 0.437500 0.990234 0.435547 0.988281 0.429688 0.988281 0.427734 0.986328 0.423828 0.986328 0.421875 0.984375 0.386719 0.984375 0.380859 0.978516 0.367188 0.978516 0.363281 0.982422 0.355469 0.982422 0.353516 0.980469 0.339844 0.980469 0.337891 0.978516 0.335938 0.978516 0.332031 0.974609 0.332031 0.953125 0.330078 0.951172 0.330078 0.935547 0.328125 0.933594 0.328125 0.931641 0.322266 0.925781
0 0.964844 0.912109 0.960938 0.916016 0.960938 0.958984 0.964844 0.962891 0.972656 0.962891 0.976562 0.958984 0.976562 0.916016 0.972656 0.912109
0 0.660156 0.904297 0.656250 0.908203 0.656250 0.910156 0.654297 0.912109 0.654297 0.919922 0.658203 0.923828 0.666016 0.923828 0.671875 0.917969 0.671875 0.908203 0.667969 0.904297
0 0.154297 0.875000 0.152344 0.876953 0.152344 0.884766 0.154297 0.886719 0.187500 0.886719 0.189453 0.888672 0.197266 0.888672 0.199219 0.890625 0.210938 0.890625 0.212891 0.892578 0.248047 0.892578 0.250000 0.890625 0.250000 0.882812 0.248047 0.880859 0.222656 0.880859 0.220703 0.878906 0.207031 0.878906 0.205078 0.876953 0.199219 0.876953 0.197266 0.875000
0 0.128906 0.873047 0.126953 0.875000 0.126953 0.882812 0.130859 0.886719 0.140625 0.886719 0.142578 0.884766 0.142578 0.876953 0.138672 0.873047
0 0.728516 0.859375 0.724609 0.863281 0.724609 0.871094 0.728516 0.875000 0.742188 0.875000 0.746094 0.871094 0.746094 0.863281 0.742188 0.859375
0 0.308594 0.851562 0.306641 0.853516 0.296875 0.853516 0.294922 0.855469 0.291016 0.855469 0.289062 0.857422 0.285156 0.857422 0.281250 0.861328 0.281250 0.880859 0.283203 0.882812 0.291016 0.882812 0.292969 0.884766 0.292969 0.886719 0.294922 0.888672 0.308594 0.888672 0.310547 0.886719 0.312500 0.886719 0.324219 0.875000 0.324219 0.861328 0.322266 0.859375 0.322266 0.857422 0.316406 0.851562
0 0.804688 0.808594 0.800781 0.812500 0.800781 0.820312 0.804688 0.824219 0.806641 0.824219 0.814453 0.832031 0.816406 0.832031 0.818359 0.833984 0.828125 0.833984 0.832031 0.830078 0.832031 0.826172 0.833984 0.824219 0.839844 0.824219 0.843750 0.820312 0.843750 0.812500 0.839844 0.808594
0 0.742188 0.796875 0.738281 0.800781 0.738281 0.808594 0.742188 0.812500 0.753906 0.812500 0.757812 0.808594 0.757812 0.800781 0.753906 0.796875
0 0.591797 0.789062 0.587891 0.792969 0.587891 0.800781 0.593750 0.806641 0.603516 0.806641 0.607422 0.802734 0.607422 0.794922 0.601562 0.789062
0 0.378906 0.771484 0.375000 0.775391 0.375000 0.787109 0.378906 0.791016 0.378906 0.792969 0.382812 0.796875 0.382812 0.802734 0.380859 0.804688 0.378906 0.804688 0.375000 0.808594 0.375000 0.810547 0.373047 0.812500 0.373047 0.814453 0.371094 0.816406 0.371094 0.828125 0.375000 0.832031 0.396484 0.832031 0.408203 0.820312 0.408203 0.806641 0.404297 0.802734 0.404297 0.796875 0.400391 0.792969 0.396484 0.792969 0.394531 0.791016 0.394531 0.781250 0.390625 0.777344 0.390625 0.775391 0.386719 0.771484
0 0.546875 0.748047 0.542969 0.751953 0.542969 0.763672 0.541016 0.765625 0.541016 0.773438 0.539062 0.775391 0.539062 0.785156 0.542969 0.789062 0.552734 0.789062 0.556641 0.785156 0.556641 0.773438 0.558594 0.771484 0.558594 0.765625 0.560547 0.763672 0.560547 0.753906 0.554688 0.748047
0 0.378906 0.724609 0.375000 0.728516 0.375000 0.736328 0.378906 0.740234 0.386719 0.740234 0.390625 0.736328 0.390625 0.728516 0.386719 0.724609
0 0.626953 0.695312 0.623047 0.699219 0.623047 0.701172 0.621094 0.703125 0.619141 0.703125 0.613281 0.697266 0.605469 0.697266 0.601562 0.701172 0.601562 0.710938 0.609375 0.718750 0.611328 0.718750 0.613281 0.720703 0.613281 0.724609 0.617188 0.728516 0.640625 0.728516 0.644531 0.732422 0.654297 0.732422 0.656250 0.730469 0.662109 0.730469 0.666016 0.734375 0.673828 0.734375 0.675781 0.736328 0.689453 0.736328 0.693359 0.732422 0.693359 0.730469 0.695312 0.728516 0.701172 0.734375 0.703125 0.734375 0.705078 0.736328 0.714844 0.736328 0.718750 0.732422 0.718750 0.724609 0.710938 0.716797 0.710938 0.714844 0.707031 0.710938 0.703125 0.710938 0.699219 0.707031 0.687500 0.707031 0.683594 0.710938 0.683594 0.714844 0.679688 0.718750 0.677734 0.716797 0.677734 0.712891 0.673828 0.708984 0.666016 0.708984 0.662109 0.712891 0.660156 0.710938 0.660156 0.705078 0.656250 0.701172 0.648438 0.701172 0.642578 0.707031 0.642578 0.708984 0.640625 0.710938 0.638672 0.708984 0.638672 0.699219 0.634766 0.695312
0 0.501953 0.662109 0.498047 0.666016 0.498047 0.679688 0.500000 0.681641 0.500000 0.687500 0.498047 0.689453 0.498047 0.691406 0.490234 0.699219 0.490234 0.710938 0.492188 0.712891 0.492188 0.724609 0.490234 0.726562 0.490234 0.750000 0.496094 0.755859 0.496094 0.757812 0.492188 0.761719 0.492188 0.765625 0.490234 0.767578 0.490234 0.769531 0.486328 0.773438 0.486328 0.775391 0.484375 0.777344 0.484375 0.789062 0.486328 0.791016 0.486328 0.796875 0.490234 0.800781 0.498047 0.800781 0.501953 0.796875 0.501953 0.794922 0.505859 0.791016 0.505859 0.785156 0.507812 0.783203 0.507812 0.781250 0.509766 0.779297 0.509766 0.765625 0.507812 0.763672 0.507812 0.761719 0.503906 0.757812 0.503906 0.755859 0.507812 0.751953 0.507812 0.744141 0.505859 0.742188 0.505859 0.736328 0.507812 0.734375 0.507812 0.726562 0.509766 0.724609 0.509766 0.705078 0.511719 0.703125 0.511719 0.701172 0.513672 0.699219 0.513672 0.697266 0.515625 0.695312 0.515625 0.673828 0.513672 0.671875 0.513672 0.666016 0.509766 0.662109
0 0.023438 0.660156 0.015625 0.667969 0.013672 0.667969 0.011719 0.669922 0.001953 0.669922 0.000000 0.671875 0.000000 0.708984 0.003906 0.708984 0.007812 0.705078 0.007812 0.703125 0.009766 0.701172 0.011719 0.703125 0.011719 0.707031 0.015625 0.710938 0.025391 0.710938 0.031250 0.705078 0.033203 0.705078 0.039062 0.699219 0.039062 0.695312 0.041016 0.693359 0.041016 0.673828 0.039062 0.671875 0.039062 0.667969 0.031250 0.660156
0 0.693359 0.652344 0.689453 0.656250 0.689453 0.664062 0.693359 0.667969 0.710938 0.667969 0.714844 0.664062 0.714844 0.656250 0.710938 0.652344
0 0.582031 0.642578 0.578125 0.646484 0.578125 0.654297 0.582031 0.658203 0.589844 0.658203 0.591797 0.656250 0.593750 0.658203 0.593750 0.660156 0.597656 0.664062 0.605469 0.664062 0.609375 0.660156 0.611328 0.662109 0.611328 0.664062 0.615234 0.667969 0.626953 0.667969 0.628906 0.666016 0.630859 0.666016 0.634766 0.662109 0.634766 0.654297 0.630859 0.650391 0.621094 0.650391 0.619141 0.652344 0.615234 0.652344 0.611328 0.656250 0.609375 0.654297 0.609375 0.650391 0.605469 0.646484 0.597656 0.646484 0.595703 0.648438 0.589844 0.642578
0 0.000000 0.591797 0.000000 0.630859 0.001953 0.630859 0.003906 0.632812 0.003906 0.638672 0.005859 0.640625 0.005859 0.644531 0.011719 0.650391 0.015625 0.650391 0.021484 0.656250 0.029297 0.656250 0.033203 0.652344 0.033203 0.650391 0.035156 0.648438 0.035156 0.646484 0.039062 0.642578 0.039062 0.628906 0.037109 0.626953 0.037109 0.623047 0.041016 0.619141 0.041016 0.605469 0.039062 0.603516 0.039062 0.599609 0.035156 0.595703 0.027344 0.595703 0.023438 0.599609 0.023438 0.603516 0.017578 0.609375 0.015625 0.609375 0.013672 0.611328 0.011719 0.609375 0.011719 0.595703 0.007812 0.591797
0 0.792969 0.558594 0.789062 0.562500 0.789062 0.570312 0.792969 0.574219 0.800781 0.574219 0.804688 0.570312 0.804688 0.562500 0.800781 0.558594
0 0.593750 0.529297 0.589844 0.533203 0.589844 0.542969 0.587891 0.544922 0.583984 0.544922 0.582031 0.546875 0.580078 0.546875 0.576172 0.550781 0.576172 0.552734 0.574219 0.554688 0.568359 0.554688 0.564453 0.558594 0.560547 0.558594 0.556641 0.562500 0.556641 0.595703 0.558594 0.597656 0.558594 0.611328 0.556641 0.613281 0.556641 0.648438 0.560547 0.652344 0.570312 0.652344 0.574219 0.648438 0.574219 0.640625 0.572266 0.638672 0.572266 0.621094 0.574219 0.619141 0.574219 0.587891 0.572266 0.585938 0.572266 0.572266 0.574219 0.570312 0.578125 0.570312 0.580078 0.572266 0.582031 0.572266 0.583984 0.574219 0.589844 0.574219 0.591797 0.576172 0.607422 0.576172 0.609375 0.578125 0.611328 0.578125 0.613281 0.580078 0.654297 0.580078 0.658203 0.576172 0.658203 0.562500 0.654297 0.558594 0.640625 0.558594 0.638672 0.556641 0.634766 0.556641 0.632812 0.554688 0.626953 0.554688 0.625000 0.552734 0.623047 0.552734 0.621094 0.550781 0.619141 0.550781 0.615234 0.546875 0.615234 0.537109 0.611328 0.533203 0.605469 0.533203 0.601562 0.529297
0 0.000000 0.529297 0.000000 0.583984 0.007812 0.583984 0.011719 0.580078 0.019531 0.587891 0.027344 0.587891 0.029297 0.589844 0.037109 0.589844 0.041016 0.585938 0.041016 0.580078 0.042969 0.578125 0.042969 0.570312 0.044922 0.568359 0.044922 0.556641 0.042969 0.554688 0.042969 0.552734 0.039062 0.548828 0.039062 0.544922 0.035156 0.541016 0.025391 0.541016 0.023438 0.539062 0.023438 0.533203 0.019531 0.529297
0 0.753906 0.523438 0.750000 0.527344 0.742188 0.527344 0.740234 0.529297 0.738281 0.529297 0.732422 0.535156 0.732422 0.537109 0.730469 0.539062 0.730469 0.550781 0.734375 0.554688 0.742188 0.554688 0.748047 0.560547 0.759766 0.560547 0.765625 0.554688 0.765625 0.552734 0.767578 0.550781 0.767578 0.529297 0.761719 0.523438
0 0.675781 0.519531 0.671875 0.523438 0.671875 0.527344 0.669922 0.529297 0.669922 0.537109 0.666016 0.541016 0.666016 0.556641 0.669922 0.560547 0.671875 0.560547 0.675781 0.564453 0.683594 0.564453 0.687500 0.560547 0.687500 0.556641 0.701172 0.542969 0.701172 0.533203 0.697266 0.529297 0.689453 0.529297 0.687500 0.527344 0.687500 0.523438 0.683594 0.519531
0 0.109375 0.515625 0.107422 0.517578 0.107422 0.529297 0.111328 0.533203 0.111328 0.535156 0.113281 0.537109 0.113281 0.539062 0.111328 0.541016 0.107422 0.537109 0.103516 0.537109 0.101562 0.535156 0.093750 0.535156 0.091797 0.537109 0.091797 0.552734 0.093750 0.554688 0.093750 0.556641 0.091797 0.558594 0.091797 0.566406 0.093750 0.568359 0.089844 0.572266 0.085938 0.572266 0.083984 0.574219 0.083984 0.582031 0.085938 0.583984 0.099609 0.583984 0.105469 0.578125 0.105469 0.564453 0.103516 0.562500 0.103516 0.560547 0.105469 0.558594 0.119141 0.558594 0.121094 0.556641 0.125000 0.556641 0.126953 0.554688 0.126953 0.546875 0.125000 0.544922 0.125000 0.529297 0.123047 0.527344 0.123047 0.523438 0.119141 0.519531 0.119141 0.517578 0.117188 0.515625
0 0.349609 0.501953 0.339844 0.511719 0.339844 0.519531 0.343750 0.523438 0.347656 0.523438 0.349609 0.525391 0.347656 0.527344 0.347656 0.550781 0.349609 0.552734 0.349609 0.566406 0.353516 0.570312 0.357422 0.570312 0.361328 0.574219 0.363281 0.574219 0.365234 0.576172 0.369141 0.576172 0.371094 0.578125 0.373047 0.578125 0.375000 0.580078 0.382812 0.580078 0.386719 0.576172 0.390625 0.576172 0.394531 0.572266 0.394531 0.560547 0.388672 0.554688 0.388672 0.533203 0.384766 0.529297 0.382812 0.529297 0.378906 0.525391 0.375000 0.525391 0.371094 0.521484 0.371094 0.517578 0.367188 0.513672 0.367188 0.511719 0.365234 0.509766 0.365234 0.507812 0.359375 0.501953
0 0.384766 0.496094 0.380859 0.500000 0.380859 0.507812 0.384766 0.511719 0.414062 0.511719 0.416016 0.513672 0.431641 0.513672 0.433594 0.515625 0.443359 0.515625 0.445312 0.517578 0.460938 0.517578 0.464844 0.513672 0.464844 0.505859 0.460938 0.501953 0.453125 0.501953 0.451172 0.500000 0.443359 0.500000 0.441406 0.498047 0.423828 0.498047 0.421875 0.496094
0 0.775391 0.472656 0.771484 0.476562 0.771484 0.484375 0.775391 0.488281 0.783203 0.488281 0.787109 0.484375 0.787109 0.476562 0.783203 0.472656
0 0.775391 0.433594 0.771484 0.437500 0.771484 0.445312 0.775391 0.449219 0.783203 0.449219 0.787109 0.445312 0.787109 0.437500 0.783203 0.433594
0 0.099609 0.423828 0.097656 0.425781 0.097656 0.437500 0.093750 0.441406 0.093750 0.449219 0.095703 0.451172 0.105469 0.451172 0.109375 0.447266 0.109375 0.445312 0.111328 0.443359 0.113281 0.445312 0.121094 0.445312 0.123047 0.443359 0.123047 0.433594 0.119141 0.429688 0.111328 0.429688 0.109375 0.427734 0.109375 0.425781 0.107422 0.423828
0 0.019531 0.414062 0.015625 0.417969 0.015625 0.427734 0.011719 0.431641 0.011719 0.439453 0.015625 0.443359 0.015625 0.447266 0.013672 0.449219 0.013672 0.453125 0.007812 0.458984 0.007812 0.474609 0.011719 0.478516 0.011719 0.482422 0.009766 0.484375 0.009766 0.490234 0.007812 0.492188 0.007812 0.505859 0.011719 0.509766 0.019531 0.509766 0.023438 0.505859 0.023438 0.500000 0.025391 0.498047 0.025391 0.492188 0.027344 0.490234 0.027344 0.462891 0.029297 0.460938 0.029297 0.455078 0.031250 0.453125 0.031250 0.451172 0.033203 0.449219 0.035156 0.449219 0.039062 0.445312 0.039062 0.437500 0.035156 0.433594 0.033203 0.433594 0.031250 0.431641 0.031250 0.427734 0.033203 0.425781 0.033203 0.417969 0.029297 0.414062
0 0.875000 0.400391 0.871094 0.404297 0.871094 0.416016 0.875000 0.419922 0.882812 0.419922 0.886719 0.416016 0.886719 0.414062 0.888672 0.412109 0.888672 0.404297 0.884766 0.400391
0 0.455078 0.376953 0.451172 0.380859 0.451172 0.382812 0.445312 0.388672 0.445312 0.396484 0.449219 0.400391 0.457031 0.400391 0.458984 0.398438 0.472656 0.398438 0.476562 0.394531 0.476562 0.386719 0.468750 0.378906 0.464844 0.378906 0.462891 0.376953
0 0.447266 0.357422 0.443359 0.361328 0.443359 0.369141 0.447266 0.373047 0.468750 0.373047 0.472656 0.369141 0.472656 0.361328 0.468750 0.357422
0 0.343750 0.353516 0.339844 0.357422 0.339844 0.363281 0.337891 0.365234 0.328125 0.365234 0.324219 0.369141 0.324219 0.376953 0.328125 0.380859 0.347656 0.380859 0.353516 0.375000 0.353516 0.373047 0.355469 0.371094 0.355469 0.367188 0.357422 0.365234 0.357422 0.357422 0.353516 0.353516
0 0.017578 0.353516 0.015625 0.355469 0.015625 0.363281 0.017578 0.365234 0.015625 0.367188 0.001953 0.367188 0.000000 0.369141 0.000000 0.406250 0.001953 0.406250 0.003906 0.408203 0.017578 0.408203 0.021484 0.404297 0.031250 0.404297 0.035156 0.400391 0.035156 0.376953 0.037109 0.375000 0.037109 0.359375 0.035156 0.357422 0.031250 0.357422 0.029297 0.355469 0.027344 0.355469 0.025391 0.353516
0 0.884766 0.322266 0.882812 0.324219 0.878906 0.324219 0.875000 0.328125 0.875000 0.333984 0.871094 0.337891 0.869141 0.335938 0.869141 0.333984 0.865234 0.330078 0.853516 0.330078 0.851562 0.332031 0.849609 0.332031 0.845703 0.335938 0.814453 0.335938 0.808594 0.341797 0.808594 0.349609 0.810547 0.351562 0.808594 0.353516 0.802734 0.353516 0.800781 0.351562 0.804688 0.347656 0.804688 0.339844 0.800781 0.335938 0.792969 0.335938 0.789062 0.339844 0.789062 0.347656 0.794922 0.353516 0.791016 0.357422 0.791016 0.365234 0.794922 0.369141 0.794922 0.371094 0.798828 0.375000 0.812500 0.375000 0.814453 0.376953 0.816406 0.376953 0.818359 0.378906 0.826172 0.378906 0.828125 0.376953 0.835938 0.376953 0.837891 0.375000 0.839844 0.375000 0.843750 0.371094 0.843750 0.369141 0.845703 0.367188 0.865234 0.367188 0.871094 0.361328 0.875000 0.361328 0.882812 0.353516 0.882812 0.351562 0.886719 0.347656 0.886719 0.341797 0.890625 0.337891 0.892578 0.337891 0.894531 0.339844 0.894531 0.341797 0.898438 0.345703 0.906250 0.345703 0.910156 0.341797 0.910156 0.328125 0.906250 0.324219 0.904297 0.324219 0.902344 0.322266
0 0.410156 0.308594 0.406250 0.312500 0.406250 0.314453 0.404297 0.316406 0.400391 0.316406 0.394531 0.322266 0.394531 0.326172 0.392578 0.328125 0.392578 0.361328 0.394531 0.363281 0.392578 0.365234 0.388672 0.365234 0.384766 0.369141 0.384766 0.375000 0.380859 0.378906 0.380859 0.386719 0.386719 0.392578 0.386719 0.394531 0.392578 0.400391 0.392578 0.406250 0.400391 0.414062 0.414062 0.414062 0.417969 0.410156 0.417969 0.408203 0.419922 0.406250 0.419922 0.382812 0.421875 0.380859 0.421875 0.373047 0.417969 0.369141 0.408203 0.369141 0.404297 0.365234 0.408203 0.361328 0.410156 0.363281 0.414062 0.363281 0.416016 0.365234 0.431641 0.365234 0.435547 0.361328 0.435547 0.351562 0.437500 0.349609 0.439453 0.351562 0.447266 0.351562 0.449219 0.349609 0.451172 0.349609 0.455078 0.353516 0.462891 0.353516 0.468750 0.347656 0.474609 0.347656 0.478516 0.343750 0.478516 0.328125 0.472656 0.322266 0.470703 0.322266 0.468750 0.320312 0.457031 0.320312 0.451172 0.314453 0.443359 0.314453 0.437500 0.320312 0.433594 0.320312 0.427734 0.314453 0.423828 0.314453 0.417969 0.308594
0 0.138672 0.173828 0.134766 0.177734 0.134766 0.185547 0.138672 0.189453 0.146484 0.189453 0.150391 0.185547 0.150391 0.177734 0.146484 0.173828
0 0.953125 0.156250 0.949219 0.160156 0.945312 0.160156 0.941406 0.164062 0.941406 0.171875 0.945312 0.175781 0.941406 0.179688 0.937500 0.175781 0.927734 0.175781 0.921875 0.181641 0.910156 0.181641 0.904297 0.187500 0.890625 0.187500 0.888672 0.189453 0.871094 0.189453 0.865234 0.195312 0.865234 0.203125 0.869141 0.207031 0.863281 0.212891 0.863281 0.214844 0.861328 0.216797 0.861328 0.228516 0.863281 0.230469 0.863281 0.232422 0.867188 0.236328 0.869141 0.236328 0.871094 0.238281 0.890625 0.238281 0.892578 0.236328 0.894531 0.236328 0.896484 0.234375 0.914062 0.234375 0.916016 0.232422 0.917969 0.232422 0.919922 0.230469 0.921875 0.230469 0.923828 0.228516 0.925781 0.228516 0.927734 0.230469 0.937500 0.230469 0.939453 0.228516 0.941406 0.228516 0.943359 0.226562 0.947266 0.226562 0.949219 0.224609 0.951172 0.224609 0.953125 0.222656 0.955078 0.222656 0.958984 0.218750 0.958984 0.216797 0.960938 0.214844 0.960938 0.210938 0.962891 0.208984 0.962891 0.199219 0.955078 0.191406 0.958984 0.187500 0.958984 0.185547 0.962891 0.181641 0.968750 0.181641 0.974609 0.175781 0.976562 0.175781 0.982422 0.169922 0.982422 0.162109 0.978516 0.158203 0.968750 0.158203 0.966797 0.160156 0.964844 0.160156 0.960938 0.156250
0 0.917969 0.134766 0.914062 0.138672 0.914062 0.154297 0.916016 0.156250 0.916016 0.162109 0.919922 0.166016 0.927734 0.166016 0.931641 0.162109 0.931641 0.146484 0.929688 0.144531 0.929688 0.138672 0.925781 0.134766
0 0.562500 0.130859 0.558594 0.134766 0.558594 0.142578 0.562500 0.146484 0.570312 0.146484 0.574219 0.142578 0.574219 0.134766 0.570312 0.130859
0 0.607422 0.125000 0.603516 0.128906 0.603516 0.136719 0.607422 0.140625 0.615234 0.140625 0.617188 0.142578 0.617188 0.144531 0.621094 0.148438 0.628906 0.148438 0.632812 0.144531 0.632812 0.134766 0.628906 0.130859 0.623047 0.130859 0.617188 0.125000
0 0.583984 0.125000 0.580078 0.128906 0.580078 0.136719 0.583984 0.140625 0.591797 0.140625 0.595703 0.136719 0.595703 0.128906 0.591797 0.125000
0 0.177734 0.115234 0.171875 0.121094 0.169922 0.121094 0.166016 0.125000 0.166016 0.126953 0.162109 0.130859 0.162109 0.144531 0.166016 0.148438 0.175781 0.148438 0.177734 0.150391 0.177734 0.162109 0.185547 0.169922 0.185547 0.171875 0.191406 0.177734 0.193359 0.177734 0.195312 0.179688 0.199219 0.179688 0.201172 0.181641 0.203125 0.181641 0.205078 0.183594 0.212891 0.183594 0.214844 0.185547 0.214844 0.187500 0.218750 0.191406 0.214844 0.195312 0.212891 0.195312 0.210938 0.197266 0.208984 0.197266 0.207031 0.199219 0.205078 0.199219 0.203125 0.201172 0.187500 0.201172 0.183594 0.205078 0.183594 0.212891 0.177734 0.218750 0.173828 0.214844 0.173828 0.212891 0.171875 0.210938 0.171875 0.208984 0.167969 0.205078 0.166016 0.205078 0.164062 0.203125 0.150391 0.203125 0.148438 0.205078 0.146484 0.205078 0.144531 0.207031 0.142578 0.205078 0.142578 0.197266 0.138672 0.193359 0.130859 0.193359 0.128906 0.195312 0.126953 0.195312 0.125000 0.193359 0.101562 0.193359 0.099609 0.191406 0.097656 0.191406 0.095703 0.189453 0.091797 0.189453 0.089844 0.187500 0.085938 0.187500 0.083984 0.185547 0.080078 0.185547 0.078125 0.183594 0.066406 0.183594 0.064453 0.181641 0.023438 0.181641 0.021484 0.183594 0.007812 0.183594 0.005859 0.185547 0.003906 0.185547 0.000000 0.189453 0.000000 0.220703 0.001953 0.222656 0.013672 0.222656 0.015625 0.220703 0.017578 0.220703 0.019531 0.218750 0.031250 0.218750 0.033203 0.216797 0.035156 0.216797 0.039062 0.212891 0.042969 0.212891 0.044922 0.214844 0.044922 0.216797 0.042969 0.218750 0.042969 0.230469 0.044922 0.232422 0.044922 0.236328 0.046875 0.238281 0.046875 0.240234 0.054688 0.248047 0.054688 0.250000 0.062500 0.257812 0.062500 0.263672 0.064453 0.265625 0.064453 0.267578 0.066406 0.269531 0.066406 0.271484 0.070312 0.275391 0.072266 0.275391 0.074219 0.277344 0.085938 0.277344 0.087891 0.275391 0.089844 0.275391 0.095703 0.269531 0.097656 0.271484 0.109375 0.271484 0.111328 0.269531 0.113281 0.269531 0.117188 0.265625 0.117188 0.263672 0.119141 0.261719 0.119141 0.259766 0.125000 0.253906 0.125000 0.251953 0.126953 0.250000 0.130859 0.253906 0.130859 0.255859 0.134766 0.259766 0.136719 0.259766 0.138672 0.261719 0.150391 0.261719 0.152344 0.259766 0.154297 0.259766 0.160156 0.253906 0.166016 0.259766 0.167969 0.259766 0.169922 0.261719 0.175781 0.261719 0.179688 0.265625 0.179688 0.267578 0.183594 0.271484 0.185547 0.271484 0.187500 0.273438 0.199219 0.273438 0.201172 0.271484 0.207031 0.271484 0.208984 0.273438 0.208984 0.275391 0.207031 0.277344 0.207031 0.279297 0.205078 0.281250 0.205078 0.289062 0.208984 0.292969 0.222656 0.292969 0.224609 0.294922 0.218750 0.300781 0.218750 0.308594 0.222656 0.312500 0.230469 0.312500 0.232422 0.310547 0.234375 0.310547 0.238281 0.306641 0.238281 0.296875 0.234375 0.292969 0.232422 0.292969 0.230469 0.291016 0.232422 0.289062 0.232422 0.281250 0.228516 0.277344 0.228516 0.275391 0.230469 0.273438 0.248047 0.273438 0.250000 0.271484 0.251953 0.271484 0.255859 0.267578 0.255859 0.265625 0.257812 0.263672 0.257812 0.253906 0.261719 0.250000 0.263672 0.251953 0.263672 0.253906 0.269531 0.259766 0.269531 0.265625 0.271484 0.267578 0.271484 0.269531 0.275391 0.273438 0.277344 0.273438 0.279297 0.275391 0.279297 0.277344 0.283203 0.281250 0.289062 0.281250 0.291016 0.283203 0.298828 0.283203 0.300781 0.281250 0.306641 0.281250 0.308594 0.283203 0.308594 0.291016 0.312500 0.294922 0.310547 0.296875 0.310547 0.298828 0.308594 0.300781 0.300781 0.300781 0.296875 0.304688 0.296875 0.312500 0.302734 0.318359 0.304688 0.318359 0.308594 0.322266 0.320312 0.322266 0.322266 0.324219 0.341797 0.324219 0.345703 0.320312 0.345703 0.308594 0.341797 0.304688 0.333984 0.304688 0.332031 0.306641 0.328125 0.306641 0.326172 0.304688 0.326172 0.296875 0.324219 0.294922 0.324219 0.292969 0.326172 0.291016 0.326172 0.279297 0.328125 0.277344 0.330078 0.279297 0.330078 0.287109 0.332031 0.289062 0.332031 0.283203 0.330078 0.281250 0.330078 0.279297 0.328125 0.277344 0.330078 0.275391 0.333984 0.275391 0.337891 0.279297 0.339844 0.279297 0.341797 0.281250 0.347656 0.281250 0.349609 0.283203 0.367188 0.283203 0.369141 0.281250 0.371094 0.281250 0.373047 0.279297 0.398438 0.279297 0.400391 0.277344 0.419922 0.277344 0.423828 0.281250 0.425781 0.281250 0.427734 0.283203 0.457031 0.283203 0.458984 0.281250 0.464844 0.281250 0.466797 0.283203 0.480469 0.283203 0.482422 0.285156 0.484375 0.285156 0.486328 0.287109 0.498047 0.287109 0.500000 0.285156 0.501953 0.285156 0.503906 0.283203 0.541016 0.283203 0.544922 0.287109 0.546875 0.287109 0.548828 0.289062 0.570312 0.289062 0.572266 0.291016 0.574219 0.291016 0.576172 0.292969 0.580078 0.292969 0.582031 0.294922 0.583984 0.294922 0.585938 0.296875 0.597656 0.296875 0.599609 0.294922 0.601562 0.296875 0.601562 0.298828 0.605469 0.302734 0.607422 0.302734 0.609375 0.304688 0.625000 0.304688 0.626953 0.306641 0.638672 0.306641 0.640625 0.304688 0.646484 0.304688 0.648438 0.306641 0.669922 0.306641 0.671875 0.308594 0.683594 0.308594 0.685547 0.306641 0.687500 0.306641 0.691406 0.302734 0.695312 0.302734 0.697266 0.304688 0.708984 0.304688 0.710938 0.306641 0.720703 0.306641 0.722656 0.308594 0.748047 0.308594 0.750000 0.310547 0.794922 0.310547 0.796875 0.308594 0.802734 0.308594 0.804688 0.306641 0.806641 0.306641 0.810547 0.302734 0.812500 0.304688 0.812500 0.306641 0.814453 0.308594 0.814453 0.310547 0.818359 0.314453 0.820312 0.314453 0.822266 0.316406 0.833984 0.316406 0.835938 0.318359 0.835938 0.320312 0.839844 0.324219 0.841797 0.324219 0.843750 0.326172 0.869141 0.326172 0.871094 0.324219 0.873047 0.324219 0.876953 0.320312 0.876953 0.318359 0.880859 0.314453 0.882812 0.316406 0.884766 0.316406 0.886719 0.318359 0.908203 0.318359 0.910156 0.316406 0.912109 0.316406 0.916016 0.312500 0.916016 0.310547 0.917969 0.308594 0.919922 0.308594 0.921875 0.310547 0.933594 0.310547 0.935547 0.308594 0.941406 0.308594 0.945312 0.312500 0.947266 0.312500 0.949219 0.314453 0.945312 0.318359 0.929688 0.318359 0.927734 0.320312 0.925781 0.320312 0.921875 0.324219 0.921875 0.326172 0.917969 0.330078 0.917969 0.332031 0.916016 0.333984 0.916016 0.345703 0.917969 0.347656 0.917969 0.349609 0.921875 0.353516 0.923828 0.353516 0.925781 0.355469 0.947266 0.355469 0.949219 0.357422 0.955078 0.357422 0.957031 0.359375 0.964844 0.359375 0.966797 0.361328 0.974609 0.361328 0.976562 0.363281 0.994141 0.363281 0.996094 0.361328 0.998047 0.361328 0.998047 0.320312 0.996094 0.318359 0.982422 0.318359 0.980469 0.320312 0.978516 0.320312 0.974609 0.324219 0.972656 0.324219 0.970703 0.322266 0.968750 0.322266 0.964844 0.318359 0.962891 0.318359 0.960938 0.316406 0.962891 0.314453 0.972656 0.314453 0.974609 0.312500 0.976562 0.312500 0.982422 0.306641 0.982422 0.304688 0.984375 0.302734 0.984375 0.291016 0.986328 0.289062 0.988281 0.289062 0.994141 0.283203 0.994141 0.281250 0.996094 0.279297 0.996094 0.269531 0.992188 0.265625 0.978516 0.265625 0.976562 0.267578 0.972656 0.267578 0.970703 0.269531 0.968750 0.269531 0.964844 0.265625 0.962891 0.265625 0.960938 0.263672 0.953125 0.263672 0.951172 0.261719 0.951172 0.253906 0.947266 0.250000 0.939453 0.250000 0.935547 0.246094 0.923828 0.246094 0.919922 0.250000 0.919922 0.253906 0.917969 0.255859 0.914062 0.255859 0.908203 0.250000 0.902344 0.250000 0.900391 0.248047 0.884766 0.248047 0.880859 0.251953 0.878906 0.251953 0.876953 0.250000 0.876953 0.248047 0.873047 0.244141 0.871094 0.244141 0.869141 0.242188 0.865234 0.242188 0.863281 0.240234 0.849609 0.240234 0.847656 0.242188 0.845703 0.242188 0.843750 0.244141 0.828125 0.244141 0.826172 0.246094 0.824219 0.246094 0.820312 0.250000 0.820312 0.251953 0.818359 0.253906 0.818359 0.265625 0.820312 0.267578 0.820312 0.269531 0.822266 0.271484 0.820312 0.273438 0.816406 0.273438 0.814453 0.275391 0.812500 0.275391 0.810547 0.277344 0.806641 0.277344 0.804688 0.275391 0.792969 0.275391 0.791016 0.273438 0.794922 0.269531 0.798828 0.269531 0.802734 0.265625 0.802734 0.263672 0.806641 0.259766 0.806641 0.251953 0.802734 0.248047 0.792969 0.248047 0.789062 0.251953 0.789062 0.253906 0.787109 0.255859 0.785156 0.255859 0.783203 0.257812 0.781250 0.257812 0.775391 0.263672 0.771484 0.263672 0.769531 0.261719 0.769531 0.248047 0.767578 0.246094 0.767578 0.244141 0.761719 0.238281 0.759766 0.238281 0.757812 0.236328 0.744141 0.236328 0.740234 0.232422 0.738281 0.232422 0.736328 0.230469 0.724609 0.230469 0.722656 0.232422 0.720703 0.232422 0.716797 0.228516 0.714844 0.228516 0.712891 0.226562 0.699219 0.226562 0.697266 0.228516 0.695312 0.228516 0.693359 0.226562 0.697266 0.222656 0.697266 0.220703 0.699219 0.218750 0.699219 0.210938 0.701172 0.208984 0.703125 0.210938 0.703125 0.214844 0.708984 0.220703 0.716797 0.220703 0.720703 0.224609 0.738281 0.224609 0.740234 0.222656 0.744141 0.226562 0.751953 0.226562 0.753906 0.224609 0.755859 0.224609 0.757812 0.226562 0.765625 0.226562 0.767578 0.228516 0.767578 0.230469 0.771484 0.234375 0.779297 0.234375 0.785156 0.228516 0.798828 0.228516 0.800781 0.226562 0.802734 0.226562 0.808594 0.220703 0.810547 0.222656 0.830078 0.222656 0.832031 0.220703 0.835938 0.220703 0.839844 0.216797 0.841797 0.216797 0.847656 0.210938 0.851562 0.210938 0.855469 0.207031 0.855469 0.193359 0.851562 0.189453 0.837891 0.189453 0.833984 0.185547 0.833984 0.183594 0.835938 0.181641 0.835938 0.173828 0.832031 0.169922 0.824219 0.169922 0.820312 0.173828 0.818359 0.171875 0.810547 0.171875 0.806641 0.175781 0.806641 0.177734 0.804688 0.179688 0.802734 0.177734 0.800781 0.177734 0.796875 0.173828 0.796875 0.167969 0.792969 0.164062 0.785156 0.164062 0.773438 0.175781 0.771484 0.175781 0.767578 0.179688 0.767578 0.181641 0.765625 0.183594 0.763672 0.183594 0.761719 0.181641 0.763672 0.179688 0.763672 0.167969 0.753906 0.158203 0.744141 0.158203 0.740234 0.162109 0.740234 0.167969 0.738281 0.169922 0.736328 0.169922 0.734375 0.167969 0.732422 0.167969 0.730469 0.166016 0.712891 0.166016 0.710938 0.167969 0.708984 0.166016 0.699219 0.166016 0.697266 0.167969 0.695312 0.166016 0.695312 0.158203 0.691406 0.154297 0.687500 0.154297 0.685547 0.152344 0.677734 0.152344 0.673828 0.156250 0.660156 0.156250 0.656250 0.152344 0.646484 0.152344 0.644531 0.154297 0.642578 0.154297 0.634766 0.162109 0.632812 0.162109 0.630859 0.164062 0.626953 0.164062 0.625000 0.166016 0.621094 0.162109 0.605469 0.162109 0.601562 0.166016 0.601562 0.169922 0.599609 0.171875 0.576172 0.171875 0.574219 0.173828 0.558594 0.173828 0.556641 0.171875 0.556641 0.160156 0.552734 0.156250 0.542969 0.156250 0.541016 0.158203 0.539062 0.158203 0.535156 0.162109 0.529297 0.162109 0.523438 0.167969 0.523438 0.177734 0.525391 0.179688 0.525391 0.181641 0.521484 0.185547 0.519531 0.183594 0.519531 0.164062 0.517578 0.162109 0.523438 0.156250 0.523438 0.148438 0.521484 0.146484 0.521484 0.142578 0.517578 0.138672 0.517578 0.136719 0.511719 0.130859 0.503906 0.130859 0.500000 0.134766 0.500000 0.144531 0.501953 0.146484 0.501953 0.148438 0.505859 0.152344 0.503906 0.154297 0.494141 0.154297 0.492188 0.156250 0.490234 0.156250 0.486328 0.152344 0.486328 0.144531 0.482422 0.140625 0.474609 0.140625 0.472656 0.142578 0.470703 0.140625 0.462891 0.140625 0.458984 0.144531 0.458984 0.146484 0.457031 0.148438 0.453125 0.148438 0.451172 0.146484 0.439453 0.146484 0.437500 0.144531 0.419922 0.144531 0.416016 0.140625 0.406250 0.140625 0.404297 0.138672 0.394531 0.138672 0.390625 0.142578 0.390625 0.144531 0.384766 0.150391 0.382812 0.150391 0.378906 0.146484 0.376953 0.146484 0.375000 0.144531 0.365234 0.144531 0.361328 0.140625 0.341797 0.140625 0.337891 0.144531 0.337891 0.146484 0.335938 0.148438 0.332031 0.148438 0.330078 0.150391 0.328125 0.148438 0.328125 0.146484 0.324219 0.142578 0.322266 0.142578 0.320312 0.140625 0.318359 0.140625 0.316406 0.138672 0.314453 0.138672 0.312500 0.136719 0.294922 0.136719 0.292969 0.134766 0.283203 0.134766 0.281250 0.132812 0.277344 0.132812 0.275391 0.130859 0.273438 0.130859 0.271484 0.128906 0.259766 0.128906 0.255859 0.132812 0.253906 0.132812 0.251953 0.130859 0.250000 0.130859 0.244141 0.125000 0.236328 0.125000 0.232422 0.128906 0.232422 0.132812 0.230469 0.134766 0.214844 0.134766 0.212891 0.136719 0.210938 0.136719 0.207031 0.140625 0.207031 0.142578 0.205078 0.144531 0.203125 0.144531 0.201172 0.142578 0.201172 0.138672 0.197266 0.134766 0.191406 0.134766 0.187500 0.130859 0.191406 0.126953 0.191406 0.119141 0.187500 0.115234
0 0.115234 0.097656 0.107422 0.105469 0.107422 0.115234 0.105469 0.117188 0.101562 0.113281 0.093750 0.113281 0.087891 0.119141 0.085938 0.119141 0.083984 0.121094 0.082031 0.121094 0.080078 0.123047 0.078125 0.123047 0.076172 0.125000 0.074219 0.123047 0.074219 0.115234 0.070312 0.111328 0.060547 0.111328 0.056641 0.115234 0.054688 0.113281 0.046875 0.113281 0.039062 0.121094 0.037109 0.121094 0.035156 0.123047 0.031250 0.123047 0.029297 0.125000 0.025391 0.125000 0.023438 0.123047 0.021484 0.123047 0.019531 0.121094 0.017578 0.121094 0.015625 0.119141 0.013672 0.119141 0.011719 0.117188 0.009766 0.117188 0.007812 0.115234 0.007812 0.111328 0.003906 0.107422 0.000000 0.107422 0.000000 0.169922 0.001953 0.171875 0.011719 0.171875 0.013672 0.173828 0.025391 0.173828 0.027344 0.171875 0.029297 0.171875 0.033203 0.175781 0.035156 0.175781 0.037109 0.177734 0.048828 0.177734 0.050781 0.175781 0.070312 0.175781 0.072266 0.177734 0.083984 0.177734 0.085938 0.175781 0.087891 0.175781 0.089844 0.177734 0.089844 0.179688 0.093750 0.183594 0.095703 0.183594 0.097656 0.185547 0.109375 0.185547 0.111328 0.183594 0.113281 0.183594 0.117188 0.179688 0.117188 0.177734 0.119141 0.175781 0.119141 0.171875 0.123047 0.167969 0.130859 0.167969 0.134766 0.164062 0.134766 0.154297 0.130859 0.150391 0.128906 0.150391 0.126953 0.148438 0.126953 0.142578 0.125000 0.140625 0.125000 0.138672 0.123047 0.136719 0.123047 0.132812 0.125000 0.130859 0.126953 0.130859 0.130859 0.126953 0.130859 0.119141 0.125000 0.113281 0.128906 0.109375 0.128906 0.101562 0.125000 0.097656
0 0.425781 0.091797 0.417969 0.099609 0.417969 0.101562 0.416016 0.103516 0.412109 0.103516 0.408203 0.107422 0.408203 0.125000 0.412109 0.128906 0.425781 0.128906 0.429688 0.125000 0.437500 0.125000 0.443359 0.119141 0.451172 0.119141 0.453125 0.117188 0.455078 0.117188 0.457031 0.115234 0.458984 0.115234 0.462891 0.111328 0.462891 0.101562 0.455078 0.093750 0.447266 0.093750 0.445312 0.095703 0.441406 0.091797
0 0.253906 0.066406 0.251953 0.068359 0.248047 0.068359 0.244141 0.072266 0.244141 0.085938 0.248047 0.089844 0.255859 0.089844 0.259766 0.085938 0.259766 0.083984 0.265625 0.078125 0.265625 0.070312 0.261719 0.066406
0 0.898438 0.064453 0.894531 0.068359 0.894531 0.076172 0.898438 0.080078 0.892578 0.085938 0.892578 0.093750 0.896484 0.097656 0.894531 0.099609 0.892578 0.099609 0.888672 0.103516 0.888672 0.111328 0.892578 0.115234 0.900391 0.115234 0.904297 0.111328 0.906250 0.113281 0.906250 0.115234 0.910156 0.119141 0.917969 0.119141 0.921875 0.115234 0.921875 0.107422 0.917969 0.103516 0.910156 0.103516 0.906250 0.107422 0.904297 0.105469 0.904297 0.103516 0.900391 0.099609 0.902344 0.097656 0.904297 0.097656 0.906250 0.095703 0.910156 0.099609 0.917969 0.099609 0.921875 0.095703 0.921875 0.087891 0.917969 0.083984 0.919922 0.082031 0.923828 0.082031 0.927734 0.078125 0.927734 0.070312 0.923828 0.066406 0.916016 0.066406 0.912109 0.070312 0.906250 0.064453
0 0.585938 0.060547 0.582031 0.064453 0.576172 0.064453 0.572266 0.068359 0.572266 0.074219 0.570312 0.076172 0.560547 0.076172 0.558594 0.074219 0.556641 0.074219 0.552734 0.070312 0.544922 0.070312 0.541016 0.074219 0.541016 0.085938 0.542969 0.087891 0.542969 0.091797 0.548828 0.097656 0.550781 0.097656 0.552734 0.099609 0.568359 0.099609 0.570312 0.097656 0.572266 0.097656 0.574219 0.095703 0.576172 0.095703 0.582031 0.101562 0.595703 0.101562 0.597656 0.103516 0.609375 0.103516 0.611328 0.101562 0.617188 0.101562 0.626953 0.091797 0.626953 0.089844 0.628906 0.087891 0.628906 0.080078 0.625000 0.076172 0.625000 0.074219 0.621094 0.070312 0.613281 0.070312 0.611328 0.072266 0.609375 0.070312 0.609375 0.066406 0.605469 0.062500 0.597656 0.062500 0.595703 0.060547
0 0.123047 0.050781 0.121094 0.052734 0.119141 0.052734 0.117188 0.054688 0.115234 0.054688 0.107422 0.062500 0.107422 0.064453 0.105469 0.066406 0.105469 0.074219 0.103516 0.076172 0.099609 0.072266 0.099609 0.068359 0.097656 0.066406 0.097656 0.064453 0.091797 0.058594 0.089844 0.058594 0.087891 0.056641 0.085938 0.056641 0.083984 0.054688 0.066406 0.054688 0.064453 0.056641 0.062500 0.056641 0.054688 0.064453 0.054688 0.066406 0.052734 0.068359 0.052734 0.095703 0.054688 0.097656 0.054688 0.099609 0.058594 0.103516 0.060547 0.103516 0.062500 0.105469 0.082031 0.105469 0.083984 0.103516 0.097656 0.103516 0.099609 0.101562 0.101562 0.101562 0.105469 0.097656 0.105469 0.095703 0.107422 0.093750 0.107422 0.089844 0.109375 0.087891 0.111328 0.089844 0.113281 0.089844 0.115234 0.091797 0.128906 0.091797 0.130859 0.089844 0.132812 0.089844 0.136719 0.085938 0.136719 0.083984 0.138672 0.082031 0.138672 0.080078 0.142578 0.076172 0.142578 0.074219 0.144531 0.072266 0.144531 0.060547 0.142578 0.058594 0.142578 0.056641 0.138672 0.052734 0.136719 0.052734 0.134766 0.050781
0 0.568359 0.042969 0.566406 0.044922 0.558594 0.044922 0.554688 0.048828 0.548828 0.048828 0.544922 0.052734 0.544922 0.062500 0.548828 0.066406 0.556641 0.066406 0.558594 0.064453 0.560547 0.064453 0.562500 0.062500 0.564453 0.062500 0.566406 0.060547 0.570312 0.060547 0.572266 0.058594 0.576172 0.058594 0.580078 0.054688 0.580078 0.046875 0.576172 0.042969
0 0.984375 0.000000 0.984375 0.003906 0.982422 0.005859 0.966797 0.005859 0.962891 0.009766 0.962891 0.019531 0.964844 0.021484 0.964844 0.058594 0.966797 0.060547 0.966797 0.072266 0.964844 0.074219 0.960938 0.074219 0.957031 0.078125 0.957031 0.085938 0.960938 0.089844 0.962891 0.089844 0.966797 0.093750 0.970703 0.093750 0.974609 0.097656 0.976562 0.097656 0.980469 0.101562 0.990234 0.101562 0.992188 0.103516 0.990234 0.105469 0.976562 0.105469 0.974609 0.103516 0.962891 0.103516 0.958984 0.107422 0.958984 0.125000 0.962891 0.128906 0.962891 0.132812 0.960938 0.134766 0.955078 0.134766 0.951172 0.138672 0.951172 0.146484 0.955078 0.150391 0.962891 0.150391 0.964844 0.152344 0.982422 0.152344 0.984375 0.150391 0.986328 0.150391 0.990234 0.146484 0.996094 0.146484 0.998047 0.144531 0.998047 0.000000
0 0.550781 0.000000 0.546875 0.003906 0.546875 0.011719 0.550781 0.015625 0.558594 0.015625 0.562500 0.011719 0.562500 0.003906 0.558594 0.000000
0 0.523438 0.000000 0.521484 0.001953 0.521484 0.019531 0.519531 0.021484 0.519531 0.025391 0.517578 0.027344 0.517578 0.042969 0.521484 0.046875 0.541016 0.046875 0.544922 0.042969 0.544922 0.035156 0.541016 0.031250 0.537109 0.031250 0.535156 0.029297 0.537109 0.027344 0.537109 0.011719 0.539062 0.009766 0.539062 0.000000
0 0.173828 0.000000 0.173828 0.003906 0.171875 0.005859 0.171875 0.019531 0.175781 0.023438 0.175781 0.025391 0.169922 0.031250 0.169922 0.039062 0.171875 0.041016 0.171875 0.042969 0.173828 0.044922 0.173828 0.046875 0.171875 0.048828 0.171875 0.056641 0.169922 0.058594 0.169922 0.068359 0.173828 0.072266 0.181641 0.072266 0.187500 0.066406 0.187500 0.048828 0.185547 0.046875 0.185547 0.044922 0.187500 0.042969 0.187500 0.041016 0.195312 0.033203 0.195312 0.029297 0.197266 0.027344 0.197266 0.019531 0.195312 0.017578 0.195312 0.009766 0.193359 0.007812 0.193359 0.001953 0.191406 0.000000
0 0.066406 0.000000 0.066406 0.003906 0.070312 0.007812 0.074219 0.007812 0.078125 0.011719 0.078125 0.015625 0.076172 0.017578 0.072266 0.017578 0.070312 0.015625 0.062500 0.015625 0.058594 0.019531 0.058594 0.029297 0.062500 0.033203 0.072266 0.033203 0.078125 0.039062 0.078125 0.044922 0.082031 0.048828 0.089844 0.048828 0.095703 0.042969 0.095703 0.041016 0.097656 0.039062 0.097656 0.023438 0.093750 0.019531 0.093750 0.003906 0.091797 0.001953 0.091797 0.000000