0 0.281250 0.939453 0.277344 0.943359 0.277344 0.951172 0.281250 0.955078 0.281250 0.962891 0.287109 0.968750 0.287109 0.976562 0.289062 0.978516 0.289062 0.988281 0.291016 0.990234 0.291016 0.998047 0.306641 0.998047 0.306641 0.992188 0.304688 0.990234 0.304688 0.978516 0.302734 0.976562 0.302734 0.966797 0.296875 0.960938 0.296875 0.955078 0.292969 0.951172 0.292969 0.943359 0.289062 0.939453
0 0.603516 0.931641 0.591797 0.943359 0.591797 0.953125 0.595703 0.957031 0.609375 0.957031 0.613281 0.953125 0.613281 0.949219 0.615234 0.947266 0.615234 0.935547 0.611328 0.931641
0 0.216797 0.917969 0.208984 0.925781 0.208984 0.927734 0.205078 0.931641 0.205078 0.951172 0.207031 0.953125 0.207031 0.960938 0.205078 0.962891 0.205078 0.978516 0.210938 0.984375 0.210938 0.990234 0.208984 0.992188 0.208984 0.998047 0.226562 0.998047 0.226562 0.996094 0.228516 0.994141 0.238281 0.994141 0.242188 0.990234 0.242188 0.988281 0.244141 0.986328 0.244141 0.982422 0.248047 0.978516 0.253906 0.978516 0.257812 0.974609 0.257812 0.972656 0.259766 0.970703 0.259766 0.960938 0.255859 0.957031 0.248047 0.957031 0.244141 0.960938 0.242188 0.960938 0.236328 0.966797 0.234375 0.966797 0.230469 0.970703 0.228516 0.970703 0.222656 0.964844 0.222656 0.943359 0.220703 0.941406 0.228516 0.933594 0.236328 0.933594 0.238281 0.935547 0.238281 0.941406 0.242188 0.945312 0.250000 0.945312 0.253906 0.941406 0.253906 0.925781 0.251953 0.923828 0.251953 0.921875 0.248047 0.917969
0 0.220703 0.845703 0.216797 0.849609 0.216797 0.851562 0.208984 0.859375 0.208984 0.873047 0.212891 0.876953 0.234375 0.876953 0.242188 0.869141 0.242188 0.861328 0.238281 0.857422 0.234375 0.857422 0.232422 0.855469 0.232422 0.849609 0.228516 0.845703
0 0.615234 0.837891 0.611328 0.841797 0.611328 0.861328 0.613281 0.863281 0.613281 0.865234 0.611328 0.867188 0.611328 0.875000 0.617188 0.880859 0.617188 0.884766 0.619141 0.886719 0.619141 0.888672 0.623047 0.892578 0.623047 0.896484 0.626953 0.900391 0.626953 0.910156 0.632812 0.916016 0.634766 0.916016 0.638672 0.919922 0.638672 0.923828 0.642578 0.927734 0.644531 0.927734 0.646484 0.929688 0.646484 0.939453 0.650391 0.943359 0.652344 0.943359 0.654297 0.945312 0.654297 0.949219 0.658203 0.953125 0.660156 0.953125 0.662109 0.955078 0.662109 0.957031 0.666016 0.960938 0.683594 0.960938 0.687500 0.957031 0.687500 0.955078 0.689453 0.953125 0.689453 0.945312 0.683594 0.939453 0.681641 0.939453 0.679688 0.937500 0.681641 0.935547 0.681641 0.927734 0.677734 0.923828 0.675781 0.923828 0.673828 0.921875 0.673828 0.916016 0.669922 0.912109 0.667969 0.912109 0.666016 0.910156 0.666016 0.904297 0.662109 0.900391 0.656250 0.900391 0.654297 0.898438 0.654297 0.894531 0.650391 0.890625 0.642578 0.890625 0.638672 0.886719 0.638672 0.882812 0.636719 0.880859 0.636719 0.878906 0.638672 0.876953 0.638672 0.867188 0.632812 0.861328 0.632812 0.859375 0.630859 0.857422 0.630859 0.855469 0.626953 0.851562 0.626953 0.841797 0.623047 0.837891
0 0.537109 0.826172 0.533203 0.830078 0.533203 0.837891 0.535156 0.839844 0.535156 0.841797 0.537109 0.843750 0.537109 0.847656 0.541016 0.851562 0.542969 0.851562 0.546875 0.855469 0.546875 0.857422 0.548828 0.859375 0.548828 0.863281 0.550781 0.865234 0.550781 0.867188 0.552734 0.869141 0.552734 0.875000 0.556641 0.878906 0.558594 0.878906 0.560547 0.880859 0.560547 0.892578 0.566406 0.898438 0.578125 0.898438 0.582031 0.894531 0.582031 0.886719 0.578125 0.882812 0.578125 0.873047 0.572266 0.867188 0.570312 0.867188 0.568359 0.865234 0.568359 0.859375 0.566406 0.857422 0.566406 0.855469 0.564453 0.853516 0.564453 0.849609 0.560547 0.845703 0.560547 0.843750 0.550781 0.833984 0.550781 0.830078 0.546875 0.826172
0 0.574219 0.738281 0.570312 0.742188 0.564453 0.742188 0.560547 0.746094 0.560547 0.753906 0.564453 0.757812 0.566406 0.757812 0.568359 0.759766 0.568359 0.767578 0.572266 0.771484 0.580078 0.771484 0.583984 0.767578 0.583984 0.755859 0.587891 0.751953 0.587891 0.742188 0.583984 0.738281
0 0.039062 0.722656 0.035156 0.726562 0.033203 0.726562 0.029297 0.730469 0.021484 0.730469 0.017578 0.734375 0.017578 0.738281 0.013672 0.742188 0.011719 0.742188 0.003906 0.750000 0.001953 0.750000 0.000000 0.751953 0.000000 0.771484 0.001953 0.773438 0.050781 0.773438 0.052734 0.775391 0.046875 0.781250 0.046875 0.791016 0.050781 0.794922 0.062500 0.794922 0.064453 0.792969 0.066406 0.792969 0.074219 0.785156 0.078125 0.785156 0.082031 0.781250 0.082031 0.765625 0.074219 0.757812 0.072266 0.757812 0.068359 0.753906 0.070312 0.751953 0.074219 0.751953 0.078125 0.748047 0.078125 0.740234 0.074219 0.736328 0.066406 0.736328 0.062500 0.740234 0.060547 0.738281 0.060547 0.726562 0.056641 0.722656
0 0.359375 0.710938 0.357422 0.712891 0.355469 0.712891 0.349609 0.718750 0.347656 0.718750 0.341797 0.724609 0.341797 0.726562 0.337891 0.730469 0.335938 0.730469 0.332031 0.734375 0.332031 0.744141 0.341797 0.753906 0.361328 0.753906 0.363281 0.751953 0.365234 0.751953 0.367188 0.750000 0.371094 0.750000 0.376953 0.744141 0.378906 0.744141 0.384766 0.738281 0.386719 0.738281 0.390625 0.734375 0.390625 0.716797 0.386719 0.712891 0.380859 0.712891 0.378906 0.710938
0 0.560547 0.687500 0.554688 0.693359 0.550781 0.693359 0.546875 0.697266 0.546875 0.708984 0.550781 0.712891 0.560547 0.712891 0.562500 0.710938 0.568359 0.710938 0.572266 0.707031 0.572266 0.701172 0.574219 0.699219 0.574219 0.691406 0.570312 0.687500
0 0.626953 0.658203 0.625000 0.660156 0.613281 0.660156 0.609375 0.664062 0.609375 0.677734 0.615234 0.683594 0.615234 0.703125 0.623047 0.710938 0.625000 0.710938 0.630859 0.716797 0.630859 0.722656 0.640625 0.732422 0.640625 0.734375 0.642578 0.736328 0.642578 0.740234 0.644531 0.742188 0.644531 0.744141 0.650391 0.750000 0.650391 0.751953 0.654297 0.755859 0.662109 0.755859 0.667969 0.750000 0.667969 0.748047 0.669922 0.746094 0.669922 0.738281 0.671875 0.736328 0.671875 0.734375 0.673828 0.732422 0.673828 0.718750 0.669922 0.714844 0.662109 0.714844 0.656250 0.720703 0.652344 0.716797 0.652344 0.714844 0.648438 0.710938 0.646484 0.710938 0.644531 0.708984 0.642578 0.708984 0.640625 0.707031 0.640625 0.703125 0.644531 0.699219 0.644531 0.687500 0.640625 0.683594 0.640625 0.667969 0.638672 0.666016 0.638672 0.662109 0.634766 0.658203
0 0.542969 0.650391 0.541016 0.652344 0.539062 0.652344 0.535156 0.656250 0.533203 0.656250 0.529297 0.660156 0.529297 0.667969 0.533203 0.671875 0.544922 0.671875 0.548828 0.667969 0.550781 0.667969 0.552734 0.666016 0.554688 0.666016 0.558594 0.662109 0.558594 0.654297 0.554688 0.650391
0 0.371094 0.568359 0.351562 0.587891 0.351562 0.595703 0.355469 0.599609 0.357422 0.599609 0.359375 0.601562 0.359375 0.603516 0.357422 0.605469 0.345703 0.605469 0.339844 0.611328 0.339844 0.632812 0.341797 0.634766 0.341797 0.636719 0.343750 0.638672 0.343750 0.640625 0.347656 0.644531 0.345703 0.646484 0.341797 0.646484 0.339844 0.648438 0.337891 0.648438 0.333984 0.652344 0.333984 0.664062 0.337891 0.667969 0.351562 0.667969 0.363281 0.656250 0.363281 0.646484 0.361328 0.644531 0.365234 0.640625 0.376953 0.640625 0.378906 0.642578 0.378906 0.644531 0.384766 0.650391 0.398438 0.650391 0.400391 0.652344 0.398438 0.654297 0.398438 0.664062 0.402344 0.667969 0.406250 0.667969 0.408203 0.669922 0.406250 0.671875 0.402344 0.671875 0.398438 0.675781 0.398438 0.687500 0.412109 0.701172 0.412109 0.705078 0.414062 0.707031 0.412109 0.708984 0.410156 0.708984 0.408203 0.710938 0.404297 0.710938 0.396484 0.718750 0.396484 0.726562 0.400391 0.730469 0.412109 0.730469 0.416016 0.726562 0.427734 0.726562 0.431641 0.730469 0.439453 0.730469 0.443359 0.734375 0.451172 0.734375 0.453125 0.736328 0.464844 0.736328 0.466797 0.738281 0.462891 0.742188 0.462891 0.746094 0.458984 0.750000 0.458984 0.753906 0.457031 0.755859 0.457031 0.775391 0.458984 0.777344 0.458984 0.787109 0.462891 0.791016 0.466797 0.791016 0.468750 0.792969 0.474609 0.792969 0.476562 0.794922 0.478516 0.794922 0.482422 0.798828 0.482422 0.802734 0.486328 0.806641 0.498047 0.806641 0.501953 0.802734 0.501953 0.796875 0.503906 0.794922 0.509766 0.794922 0.513672 0.791016 0.513672 0.767578 0.509766 0.763672 0.509766 0.759766 0.507812 0.757812 0.507812 0.753906 0.503906 0.750000 0.498047 0.750000 0.494141 0.746094 0.494141 0.744141 0.492188 0.742188 0.492188 0.740234 0.490234 0.738281 0.490234 0.736328 0.488281 0.734375 0.488281 0.724609 0.486328 0.722656 0.486328 0.716797 0.482422 0.712891 0.482422 0.710938 0.478516 0.707031 0.476562 0.707031 0.474609 0.705078 0.474609 0.703125 0.470703 0.699219 0.470703 0.697266 0.466797 0.693359 0.464844 0.693359 0.462891 0.691406 0.462891 0.677734 0.458984 0.673828 0.457031 0.673828 0.451172 0.667969 0.451172 0.656250 0.447266 0.652344 0.445312 0.652344 0.441406 0.648438 0.441406 0.644531 0.435547 0.638672 0.435547 0.636719 0.433594 0.634766 0.433594 0.632812 0.427734 0.626953 0.427734 0.625000 0.423828 0.621094 0.423828 0.619141 0.419922 0.615234 0.417969 0.615234 0.416016 0.613281 0.406250 0.613281 0.404297 0.611328 0.404297 0.607422 0.398438 0.601562 0.398438 0.597656 0.396484 0.595703 0.396484 0.593750 0.398438 0.591797 0.398438 0.583984 0.382812 0.568359
0 0.462891 0.542969 0.458984 0.546875 0.458984 0.556641 0.460938 0.558594 0.460938 0.560547 0.466797 0.566406 0.466797 0.574219 0.470703 0.578125 0.478516 0.578125 0.482422 0.574219 0.482422 0.556641 0.476562 0.550781 0.476562 0.548828 0.470703 0.542969
0 0.570312 0.537109 0.566406 0.541016 0.566406 0.548828 0.570312 0.552734 0.572266 0.552734 0.576172 0.556641 0.601562 0.556641 0.605469 0.552734 0.605469 0.544922 0.601562 0.541016 0.585938 0.541016 0.582031 0.537109
0 0.445312 0.501953 0.441406 0.505859 0.441406 0.525391 0.443359 0.527344 0.443359 0.529297 0.447266 0.533203 0.455078 0.533203 0.458984 0.529297 0.458984 0.517578 0.457031 0.515625 0.457031 0.505859 0.453125 0.501953
0 0.693359 0.496094 0.681641 0.507812 0.677734 0.507812 0.673828 0.511719 0.673828 0.519531 0.677734 0.523438 0.677734 0.525391 0.681641 0.529297 0.685547 0.529297 0.689453 0.533203 0.693359 0.533203 0.701172 0.541016 0.703125 0.541016 0.705078 0.542969 0.707031 0.542969 0.710938 0.546875 0.714844 0.546875 0.716797 0.548828 0.730469 0.548828 0.734375 0.544922 0.734375 0.541016 0.738281 0.537109 0.738281 0.527344 0.736328 0.525391 0.736328 0.523438 0.732422 0.519531 0.732422 0.515625 0.730469 0.513672 0.730469 0.507812 0.726562 0.503906 0.720703 0.503906 0.716797 0.500000 0.705078 0.500000 0.701172 0.496094
0 0.367188 0.490234 0.363281 0.494141 0.363281 0.503906 0.361328 0.505859 0.357422 0.505859 0.349609 0.513672 0.345703 0.513672 0.343750 0.511719 0.332031 0.511719 0.330078 0.513672 0.326172 0.513672 0.324219 0.511719 0.326172 0.509766 0.326172 0.501953 0.322266 0.498047 0.314453 0.498047 0.312500 0.500000 0.310547 0.500000 0.304688 0.505859 0.302734 0.505859 0.298828 0.509766 0.296875 0.509766 0.292969 0.513672 0.292969 0.517578 0.291016 0.519531 0.283203 0.519531 0.279297 0.523438 0.279297 0.544922 0.281250 0.546875 0.281250 0.548828 0.287109 0.554688 0.287109 0.560547 0.285156 0.562500 0.283203 0.560547 0.283203 0.558594 0.279297 0.554688 0.275391 0.554688 0.273438 0.552734 0.273438 0.542969 0.269531 0.539062 0.261719 0.539062 0.255859 0.544922 0.251953 0.544922 0.250000 0.546875 0.244141 0.546875 0.242188 0.548828 0.240234 0.548828 0.234375 0.554688 0.234375 0.556641 0.232422 0.558594 0.232422 0.560547 0.230469 0.562500 0.230469 0.564453 0.228516 0.566406 0.228516 0.570312 0.220703 0.578125 0.212891 0.578125 0.207031 0.583984 0.205078 0.583984 0.203125 0.585938 0.201172 0.585938 0.189453 0.597656 0.187500 0.597656 0.179688 0.605469 0.177734 0.605469 0.173828 0.609375 0.171875 0.609375 0.166016 0.615234 0.164062 0.615234 0.158203 0.621094 0.158203 0.623047 0.154297 0.626953 0.150391 0.626953 0.148438 0.628906 0.146484 0.628906 0.132812 0.642578 0.132812 0.644531 0.130859 0.646484 0.130859 0.654297 0.128906 0.656250 0.123047 0.650391 0.115234 0.650391 0.111328 0.654297 0.111328 0.662109 0.115234 0.666016 0.113281 0.667969 0.097656 0.667969 0.095703 0.669922 0.093750 0.669922 0.085938 0.677734 0.083984 0.677734 0.078125 0.683594 0.078125 0.685547 0.070312 0.693359 0.070312 0.699219 0.068359 0.701172 0.068359 0.708984 0.072266 0.712891 0.076172 0.712891 0.078125 0.714844 0.078125 0.716797 0.082031 0.720703 0.082031 0.724609 0.085938 0.728516 0.089844 0.728516 0.091797 0.730469 0.091797 0.736328 0.095703 0.740234 0.103516 0.740234 0.107422 0.736328 0.109375 0.736328 0.113281 0.740234 0.113281 0.751953 0.117188 0.755859 0.125000 0.755859 0.128906 0.751953 0.128906 0.750000 0.130859 0.748047 0.134766 0.748047 0.136719 0.750000 0.136719 0.757812 0.138672 0.759766 0.138672 0.761719 0.144531 0.767578 0.146484 0.767578 0.148438 0.769531 0.150391 0.769531 0.154297 0.773438 0.156250 0.773438 0.158203 0.775391 0.160156 0.775391 0.162109 0.777344 0.164062 0.777344 0.166016 0.779297 0.189453 0.779297 0.191406 0.777344 0.201172 0.777344 0.203125 0.775391 0.205078 0.775391 0.208984 0.771484 0.208984 0.769531 0.216797 0.761719 0.216797 0.757812 0.218750 0.755859 0.218750 0.744141 0.216797 0.742188 0.216797 0.738281 0.210938 0.732422 0.210938 0.730469 0.208984 0.728516 0.208984 0.724609 0.207031 0.722656 0.207031 0.720703 0.205078 0.718750 0.205078 0.716797 0.203125 0.714844 0.203125 0.708984 0.197266 0.703125 0.197266 0.699219 0.193359 0.695312 0.193359 0.691406 0.189453 0.687500 0.185547 0.687500 0.183594 0.685547 0.187500 0.681641 0.187500 0.671875 0.183594 0.667969 0.183594 0.660156 0.181641 0.658203 0.181641 0.656250 0.185547 0.652344 0.185547 0.644531 0.183594 0.642578 0.183594 0.640625 0.187500 0.636719 0.187500 0.632812 0.191406 0.628906 0.193359 0.628906 0.199219 0.623047 0.201172 0.623047 0.210938 0.613281 0.212891 0.613281 0.218750 0.607422 0.220703 0.607422 0.228516 0.599609 0.228516 0.595703 0.238281 0.585938 0.238281 0.583984 0.244141 0.578125 0.244141 0.574219 0.246094 0.572266 0.246094 0.570312 0.248047 0.568359 0.248047 0.566406 0.251953 0.562500 0.257812 0.562500 0.259766 0.560547 0.261719 0.560547 0.263672 0.562500 0.259766 0.566406 0.257812 0.566406 0.250000 0.574219 0.250000 0.576172 0.248047 0.578125 0.248047 0.580078 0.246094 0.582031 0.246094 0.595703 0.242188 0.599609 0.240234 0.599609 0.230469 0.609375 0.228516 0.609375 0.224609 0.613281 0.220703 0.613281 0.218750 0.615234 0.216797 0.615234 0.212891 0.619141 0.212891 0.626953 0.216797 0.630859 0.228516 0.630859 0.230469 0.628906 0.232422 0.628906 0.234375 0.626953 0.236328 0.626953 0.240234 0.623047 0.242188 0.623047 0.244141 0.621094 0.253906 0.621094 0.257812 0.617188 0.259766 0.617188 0.261719 0.619141 0.273438 0.619141 0.277344 0.615234 0.277344 0.607422 0.273438 0.603516 0.271484 0.603516 0.269531 0.601562 0.263672 0.601562 0.261719 0.599609 0.261719 0.587891 0.267578 0.582031 0.269531 0.582031 0.277344 0.574219 0.281250 0.578125 0.287109 0.578125 0.291016 0.582031 0.294922 0.582031 0.298828 0.585938 0.314453 0.585938 0.320312 0.580078 0.320312 0.576172 0.322266 0.574219 0.330078 0.574219 0.333984 0.570312 0.333984 0.562500 0.330078 0.558594 0.330078 0.550781 0.335938 0.544922 0.339844 0.548828 0.347656 0.548828 0.349609 0.550781 0.349609 0.552734 0.355469 0.558594 0.357422 0.558594 0.359375 0.560547 0.376953 0.560547 0.378906 0.558594 0.380859 0.558594 0.382812 0.556641 0.384766 0.556641 0.390625 0.550781 0.392578 0.550781 0.398438 0.544922 0.398438 0.535156 0.394531 0.531250 0.386719 0.531250 0.382812 0.527344 0.380859 0.527344 0.376953 0.523438 0.378906 0.521484 0.386719 0.521484 0.390625 0.517578 0.390625 0.509766 0.378906 0.498047 0.378906 0.494141 0.375000 0.490234
0 0.427734 0.441406 0.423828 0.445312 0.423828 0.447266 0.419922 0.451172 0.419922 0.472656 0.423828 0.476562 0.423828 0.496094 0.429688 0.501953 0.439453 0.501953 0.447266 0.494141 0.447266 0.484375 0.439453 0.476562 0.439453 0.470703 0.435547 0.466797 0.435547 0.462891 0.439453 0.458984 0.439453 0.445312 0.435547 0.441406
0 0.423828 0.398438 0.419922 0.402344 0.419922 0.406250 0.402344 0.423828 0.402344 0.433594 0.406250 0.437500 0.414062 0.437500 0.433594 0.417969 0.433594 0.416016 0.435547 0.414062 0.435547 0.412109 0.437500 0.410156 0.437500 0.402344 0.433594 0.398438
0 0.458984 0.369141 0.457031 0.371094 0.455078 0.371094 0.443359 0.382812 0.443359 0.384766 0.439453 0.388672 0.439453 0.398438 0.443359 0.402344 0.451172 0.402344 0.455078 0.398438 0.455078 0.396484 0.462891 0.388672 0.466797 0.388672 0.472656 0.382812 0.472656 0.375000 0.466797 0.369141
0 0.945312 0.187500 0.941406 0.191406 0.941406 0.193359 0.939453 0.195312 0.939453 0.197266 0.935547 0.201172 0.935547 0.208984 0.939453 0.212891 0.947266 0.212891 0.949219 0.214844 0.949219 0.218750 0.947266 0.220703 0.947266 0.222656 0.945312 0.224609 0.945312 0.238281 0.949219 0.242188 0.957031 0.242188 0.960938 0.238281 0.960938 0.234375 0.962891 0.232422 0.962891 0.230469 0.964844 0.228516 0.964844 0.226562 0.968750 0.222656 0.968750 0.218750 0.970703 0.216797 0.970703 0.212891 0.972656 0.210938 0.972656 0.203125 0.968750 0.199219 0.964844 0.199219 0.962891 0.197266 0.962891 0.191406 0.958984 0.187500
0 0.185547 0.160156 0.181641 0.164062 0.181641 0.167969 0.179688 0.169922 0.177734 0.167969 0.169922 0.167969 0.166016 0.171875 0.166016 0.179688 0.169922 0.183594 0.177734 0.183594 0.181641 0.179688 0.181641 0.175781 0.183594 0.173828 0.185547 0.175781 0.193359 0.175781 0.197266 0.171875 0.197266 0.164062 0.193359 0.160156
0 0.140625 0.144531 0.136719 0.148438 0.136719 0.156250 0.130859 0.162109 0.130859 0.169922 0.128906 0.171875 0.125000 0.171875 0.121094 0.175781 0.121094 0.183594 0.123047 0.185547 0.123047 0.189453 0.126953 0.193359 0.134766 0.193359 0.138672 0.189453 0.138672 0.181641 0.136719 0.179688 0.136719 0.175781 0.138672 0.173828 0.142578 0.173828 0.146484 0.169922 0.146484 0.162109 0.152344 0.156250 0.152344 0.148438 0.148438 0.144531
0 0.162109 0.136719 0.158203 0.140625 0.158203 0.148438 0.162109 0.152344 0.169922 0.152344 0.171875 0.150391 0.173828 0.152344 0.183594 0.152344 0.187500 0.148438 0.187500 0.140625 0.183594 0.136719 0.173828 0.136719 0.171875 0.138672 0.169922 0.136719
0 0.238281 0.132812 0.234375 0.136719 0.234375 0.142578 0.230469 0.146484 0.230469 0.154297 0.234375 0.158203 0.242188 0.158203 0.248047 0.152344 0.255859 0.152344 0.259766 0.148438 0.259766 0.140625 0.255859 0.136719 0.250000 0.136719 0.246094 0.132812
0 0.150391 0.115234 0.146484 0.119141 0.146484 0.126953 0.150391 0.130859 0.158203 0.130859 0.162109 0.126953 0.162109 0.119141 0.158203 0.115234
0 0.048828 0.113281 0.046875 0.115234 0.044922 0.115234 0.041016 0.119141 0.041016 0.126953 0.044922 0.130859 0.054688 0.130859 0.056641 0.128906 0.058594 0.128906 0.062500 0.125000 0.062500 0.117188 0.058594 0.113281
0 0.224609 0.111328 0.220703 0.115234 0.220703 0.123047 0.224609 0.126953 0.232422 0.126953 0.236328 0.123047 0.236328 0.115234 0.232422 0.111328
0 0.121094 0.091797 0.119141 0.093750 0.115234 0.093750 0.113281 0.095703 0.109375 0.095703 0.105469 0.099609 0.105469 0.107422 0.109375 0.111328 0.126953 0.111328 0.130859 0.107422 0.130859 0.105469 0.132812 0.103516 0.132812 0.095703 0.128906 0.091797
0 0.304688 0.083984 0.300781 0.087891 0.300781 0.095703 0.304688 0.099609 0.312500 0.099609 0.316406 0.095703 0.316406 0.087891 0.312500 0.083984
0 0.263672 0.083984 0.257812 0.089844 0.255859 0.087891 0.248047 0.087891 0.244141 0.091797 0.244141 0.099609 0.246094 0.101562 0.244141 0.103516 0.244141 0.111328 0.248047 0.115234 0.255859 0.115234 0.259766 0.111328 0.259766 0.103516 0.261719 0.101562 0.269531 0.101562 0.275391 0.095703 0.275391 0.087891 0.271484 0.083984
0 0.076172 0.082031 0.072266 0.085938 0.072266 0.093750 0.076172 0.097656 0.101562 0.097656 0.105469 0.093750 0.105469 0.085938 0.101562 0.082031
0 0.166016 0.078125 0.162109 0.082031 0.162109 0.093750 0.156250 0.099609 0.156250 0.107422 0.160156 0.111328 0.167969 0.111328 0.177734 0.101562 0.177734 0.082031 0.173828 0.078125
0 0.328125 0.060547 0.324219 0.064453 0.324219 0.072266 0.328125 0.076172 0.335938 0.076172 0.339844 0.072266 0.339844 0.064453 0.335938 0.060547
0 0.089844 0.056641 0.083984 0.062500 0.083984 0.070312 0.087891 0.074219 0.095703 0.074219 0.101562 0.068359 0.101562 0.060547 0.097656 0.056641
0 0.357422 0.041016 0.353516 0.044922 0.353516 0.052734 0.357422 0.056641 0.365234 0.056641 0.369141 0.052734 0.369141 0.044922 0.365234 0.041016
0 0.107422 0.037109 0.103516 0.041016 0.103516 0.048828 0.107422 0.052734 0.115234 0.052734 0.119141 0.048828 0.119141 0.041016 0.115234 0.037109
0 0.207031 0.027344 0.203125 0.031250 0.203125 0.039062 0.207031 0.042969 0.214844 0.042969 0.218750 0.039062 0.218750 0.031250 0.214844 0.027344
0 0.068359 0.027344 0.064453 0.031250 0.064453 0.039062 0.070312 0.044922 0.068359 0.046875 0.068359 0.054688 0.072266 0.058594 0.080078 0.058594 0.083984 0.054688 0.083984 0.046875 0.078125 0.041016 0.080078 0.039062 0.080078 0.031250 0.076172 0.027344
0 0.324219 0.023438 0.320312 0.027344 0.320312 0.035156 0.324219 0.039062 0.332031 0.039062 0.335938 0.035156 0.335938 0.027344 0.332031 0.023438
0 0.302734 0.019531 0.298828 0.023438 0.298828 0.031250 0.302734 0.035156 0.310547 0.035156 0.314453 0.031250 0.314453 0.023438 0.310547 0.019531
0 0.255859 0.001953 0.253906 0.003906 0.248047 0.003906 0.244141 0.007812 0.244141 0.015625 0.248047 0.019531 0.248047 0.021484 0.251953 0.025391 0.259766 0.025391 0.267578 0.017578 0.267578 0.005859 0.263672 0.001953
0 0.189453 0.001953 0.185547 0.005859 0.185547 0.013672 0.189453 0.017578 0.193359 0.017578 0.197266 0.021484 0.205078 0.021484 0.208984 0.017578 0.208984 0.009766 0.205078 0.005859 0.201172 0.005859 0.197266 0.001953
0 0.912109 0.000000 0.910156 0.001953 0.910156 0.003906 0.882812 0.031250 0.882812 0.033203 0.876953 0.039062 0.875000 0.039062 0.867188 0.046875 0.865234 0.046875 0.861328 0.050781 0.861328 0.052734 0.853516 0.060547 0.853516 0.062500 0.847656 0.068359 0.845703 0.068359 0.841797 0.072266 0.841797 0.074219 0.828125 0.087891 0.828125 0.089844 0.822266 0.095703 0.822266 0.097656 0.816406 0.103516 0.816406 0.105469 0.792969 0.128906 0.792969 0.130859 0.789062 0.134766 0.789062 0.136719 0.787109 0.138672 0.785156 0.138672 0.777344 0.146484 0.777344 0.152344 0.775391 0.154297 0.767578 0.154297 0.763672 0.158203 0.763672 0.166016 0.765625 0.167969 0.765625 0.169922 0.763672 0.171875 0.755859 0.171875 0.753906 0.169922 0.751953 0.171875 0.748047 0.171875 0.746094 0.169922 0.742188 0.173828 0.740234 0.173828 0.740234 0.181641 0.738281 0.183594 0.736328 0.183594 0.724609 0.171875 0.722656 0.171875 0.720703 0.169922 0.718750 0.169922 0.716797 0.167969 0.716797 0.162109 0.714844 0.160156 0.716797 0.158203 0.720703 0.158203 0.722656 0.156250 0.724609 0.156250 0.742188 0.138672 0.744141 0.138672 0.748047 0.134766 0.748047 0.132812 0.750000 0.130859 0.751953 0.130859 0.755859 0.126953 0.755859 0.123047 0.775391 0.103516 0.775391 0.101562 0.777344 0.099609 0.777344 0.095703 0.785156 0.087891 0.787109 0.087891 0.794922 0.080078 0.796875 0.080078 0.802734 0.074219 0.802734 0.072266 0.804688 0.070312 0.810547 0.076172 0.818359 0.076172 0.822266 0.072266 0.822266 0.060547 0.816406 0.054688 0.816406 0.052734 0.812500 0.048828 0.802734 0.048828 0.796875 0.054688 0.794922 0.054688 0.791016 0.058594 0.791016 0.060547 0.787109 0.064453 0.785156 0.064453 0.763672 0.085938 0.763672 0.089844 0.751953 0.101562 0.751953 0.103516 0.750000 0.105469 0.748047 0.105469 0.742188 0.111328 0.742188 0.113281 0.740234 0.115234 0.740234 0.117188 0.722656 0.134766 0.720703 0.134766 0.714844 0.140625 0.712891 0.140625 0.708984 0.144531 0.708984 0.154297 0.710938 0.156250 0.708984 0.158203 0.705078 0.158203 0.695312 0.167969 0.695312 0.169922 0.689453 0.175781 0.689453 0.177734 0.685547 0.181641 0.681641 0.181641 0.656250 0.207031 0.656250 0.216797 0.660156 0.220703 0.667969 0.220703 0.671875 0.216797 0.671875 0.214844 0.677734 0.208984 0.679688 0.208984 0.691406 0.197266 0.695312 0.197266 0.701172 0.191406 0.701172 0.189453 0.707031 0.183594 0.708984 0.183594 0.710938 0.185547 0.712891 0.185547 0.718750 0.191406 0.720703 0.191406 0.724609 0.195312 0.724609 0.197266 0.728516 0.201172 0.732422 0.201172 0.734375 0.203125 0.728516 0.208984 0.726562 0.208984 0.724609 0.207031 0.724609 0.205078 0.720703 0.201172 0.712891 0.201172 0.710938 0.203125 0.708984 0.203125 0.705078 0.207031 0.705078 0.208984 0.699219 0.214844 0.699219 0.216797 0.697266 0.218750 0.693359 0.214844 0.681641 0.214844 0.677734 0.218750 0.677734 0.226562 0.681641 0.230469 0.683594 0.230469 0.687500 0.234375 0.689453 0.234375 0.691406 0.236328 0.693359 0.236328 0.695312 0.238281 0.693359 0.240234 0.677734 0.240234 0.675781 0.238281 0.675781 0.236328 0.673828 0.234375 0.673828 0.230469 0.669922 0.226562 0.658203 0.226562 0.654297 0.222656 0.646484 0.222656 0.642578 0.218750 0.632812 0.218750 0.628906 0.222656 0.628906 0.224609 0.603516 0.250000 0.601562 0.250000 0.585938 0.265625 0.583984 0.265625 0.576172 0.273438 0.574219 0.273438 0.572266 0.275391 0.570312 0.275391 0.552734 0.292969 0.552734 0.298828 0.550781 0.300781 0.548828 0.300781 0.544922 0.304688 0.542969 0.304688 0.541016 0.306641 0.539062 0.306641 0.533203 0.312500 0.531250 0.312500 0.523438 0.320312 0.521484 0.320312 0.505859 0.335938 0.503906 0.335938 0.501953 0.337891 0.498047 0.337891 0.488281 0.347656 0.488281 0.357422 0.492188 0.361328 0.500000 0.361328 0.507812 0.353516 0.511719 0.353516 0.513672 0.351562 0.515625 0.351562 0.521484 0.345703 0.523438 0.345703 0.541016 0.328125 0.542969 0.328125 0.548828 0.322266 0.550781 0.322266 0.552734 0.320312 0.554688 0.320312 0.558594 0.316406 0.560547 0.316406 0.578125 0.298828 0.580078 0.298828 0.582031 0.296875 0.583984 0.296875 0.595703 0.285156 0.597656 0.285156 0.605469 0.277344 0.607422 0.277344 0.615234 0.269531 0.617188 0.269531 0.617188 0.265625 0.619141 0.263672 0.623047 0.263672 0.625000 0.261719 0.626953 0.261719 0.632812 0.255859 0.638672 0.255859 0.642578 0.251953 0.644531 0.251953 0.650391 0.246094 0.652344 0.246094 0.660156 0.253906 0.664062 0.253906 0.666016 0.255859 0.669922 0.255859 0.671875 0.257812 0.687500 0.257812 0.689453 0.255859 0.691406 0.255859 0.693359 0.257812 0.701172 0.257812 0.707031 0.251953 0.707031 0.244141 0.705078 0.242188 0.710938 0.236328 0.726562 0.236328 0.732422 0.230469 0.740234 0.230469 0.744141 0.226562 0.744141 0.220703 0.746094 0.218750 0.751953 0.218750 0.755859 0.214844 0.755859 0.212891 0.757812 0.210938 0.761719 0.210938 0.763672 0.212891 0.763672 0.214844 0.767578 0.218750 0.775391 0.218750 0.779297 0.214844 0.779297 0.199219 0.771484 0.191406 0.771484 0.185547 0.773438 0.183594 0.775391 0.183594 0.779297 0.179688 0.779297 0.177734 0.781250 0.175781 0.785156 0.179688 0.791016 0.179688 0.792969 0.181641 0.798828 0.181641 0.806641 0.189453 0.806641 0.191406 0.812500 0.197266 0.824219 0.197266 0.828125 0.193359 0.828125 0.181641 0.824219 0.177734 0.824219 0.173828 0.820312 0.169922 0.820312 0.167969 0.818359 0.166016 0.818359 0.164062 0.810547 0.156250 0.796875 0.156250 0.794922 0.154297 0.802734 0.146484 0.814453 0.146484 0.818359 0.142578 0.826172 0.142578 0.828125 0.140625 0.830078 0.140625 0.833984 0.136719 0.833984 0.132812 0.839844 0.126953 0.841797 0.126953 0.845703 0.123047 0.847656 0.125000 0.847656 0.132812 0.851562 0.136719 0.865234 0.136719 0.873047 0.128906 0.873047 0.121094 0.869141 0.117188 0.861328 0.117188 0.859375 0.115234 0.861328 0.113281 0.863281 0.113281 0.865234 0.111328 0.867188 0.111328 0.873047 0.105469 0.878906 0.105469 0.884766 0.099609 0.886719 0.099609 0.890625 0.095703 0.892578 0.095703 0.894531 0.093750 0.896484 0.093750 0.900391 0.089844 0.904297 0.089844 0.906250 0.087891 0.910156 0.087891 0.912109 0.089844 0.916016 0.089844 0.917969 0.091797 0.917969 0.095703 0.919922 0.097656 0.919922 0.099609 0.925781 0.105469 0.925781 0.107422 0.927734 0.109375 0.927734 0.111328 0.937500 0.121094 0.943359 0.121094 0.945312 0.123047 0.945312 0.130859 0.949219 0.134766 0.966797 0.134766 0.968750 0.132812 0.970703 0.132812 0.978516 0.125000 0.978516 0.113281 0.980469 0.111328 0.984375 0.111328 0.988281 0.107422 0.988281 0.103516 0.992188 0.099609 0.996094 0.099609 0.998047 0.097656 0.998047 0.000000
0 0.609375 0.000000 0.609375 0.005859 0.607422 0.007812 0.603516 0.007812 0.599609 0.011719 0.599609 0.023438 0.597656 0.025391 0.589844 0.025391 0.585938 0.029297 0.585938 0.035156 0.583984 0.037109 0.580078 0.037109 0.574219 0.042969 0.572266 0.042969 0.564453 0.050781 0.564453 0.058594 0.562500 0.060547 0.558594 0.060547 0.554688 0.064453 0.554688 0.066406 0.548828 0.072266 0.548828 0.074219 0.541016 0.082031 0.539062 0.082031 0.537109 0.083984 0.535156 0.083984 0.531250 0.087891 0.531250 0.097656 0.539062 0.105469 0.537109 0.107422 0.535156 0.107422 0.533203 0.109375 0.531250 0.109375 0.529297 0.111328 0.527344 0.111328 0.525391 0.109375 0.525391 0.107422 0.521484 0.103516 0.513672 0.103516 0.509766 0.107422 0.509766 0.111328 0.507812 0.113281 0.505859 0.113281 0.501953 0.117188 0.501953 0.123047 0.500000 0.125000 0.496094 0.125000 0.492188 0.128906 0.492188 0.130859 0.488281 0.134766 0.486328 0.134766 0.484375 0.136719 0.482422 0.136719 0.472656 0.146484 0.470703 0.146484 0.458984 0.158203 0.458984 0.164062 0.449219 0.173828 0.449219 0.175781 0.439453 0.185547 0.437500 0.185547 0.433594 0.189453 0.433594 0.195312 0.431641 0.197266 0.429688 0.195312 0.421875 0.195312 0.417969 0.199219 0.417969 0.201172 0.412109 0.207031 0.410156 0.207031 0.388672 0.228516 0.386719 0.228516 0.382812 0.232422 0.382812 0.238281 0.373047 0.248047 0.371094 0.248047 0.359375 0.259766 0.357422 0.259766 0.355469 0.261719 0.353516 0.261719 0.349609 0.265625 0.349609 0.267578 0.343750 0.273438 0.343750 0.275391 0.341797 0.277344 0.339844 0.277344 0.333984 0.283203 0.332031 0.283203 0.328125 0.287109 0.328125 0.289062 0.326172 0.291016 0.326172 0.296875 0.324219 0.298828 0.316406 0.298828 0.312500 0.302734 0.310547 0.302734 0.300781 0.312500 0.300781 0.320312 0.298828 0.322266 0.294922 0.322266 0.291016 0.326172 0.289062 0.326172 0.275391 0.339844 0.275391 0.341797 0.273438 0.343750 0.273438 0.345703 0.269531 0.349609 0.269531 0.351562 0.263672 0.357422 0.263672 0.359375 0.261719 0.361328 0.261719 0.363281 0.259766 0.365234 0.257812 0.363281 0.257812 0.361328 0.253906 0.357422 0.246094 0.357422 0.242188 0.361328 0.242188 0.365234 0.240234 0.367188 0.234375 0.367188 0.232422 0.369141 0.230469 0.369141 0.226562 0.373047 0.226562 0.380859 0.230469 0.384766 0.238281 0.384766 0.240234 0.382812 0.242188 0.382812 0.246094 0.386719 0.244141 0.388672 0.228516 0.388672 0.224609 0.392578 0.224609 0.396484 0.222656 0.398438 0.220703 0.398438 0.218750 0.396484 0.218750 0.390625 0.214844 0.386719 0.207031 0.386719 0.203125 0.390625 0.203125 0.398438 0.201172 0.400391 0.197266 0.400391 0.193359 0.404297 0.193359 0.416016 0.189453 0.419922 0.189453 0.421875 0.185547 0.425781 0.183594 0.425781 0.177734 0.431641 0.171875 0.431641 0.167969 0.435547 0.166016 0.433594 0.166016 0.431641 0.169922 0.427734 0.169922 0.419922 0.166016 0.416016 0.158203 0.416016 0.154297 0.419922 0.150391 0.419922 0.146484 0.423828 0.146484 0.433594 0.148438 0.435547 0.148438 0.439453 0.150391 0.441406 0.150391 0.447266 0.144531 0.453125 0.142578 0.453125 0.140625 0.455078 0.136719 0.455078 0.134766 0.457031 0.126953 0.457031 0.121094 0.462891 0.113281 0.462891 0.107422 0.468750 0.105469 0.468750 0.097656 0.476562 0.095703 0.476562 0.093750 0.478516 0.091797 0.478516 0.087891 0.482422 0.085938 0.482422 0.076172 0.492188 0.074219 0.492188 0.068359 0.498047 0.064453 0.498047 0.060547 0.501953 0.046875 0.501953 0.041016 0.507812 0.035156 0.507812 0.033203 0.509766 0.031250 0.509766 0.027344 0.513672 0.027344 0.519531 0.025391 0.521484 0.017578 0.521484 0.013672 0.525391 0.013672 0.527344 0.011719 0.529297 0.001953 0.529297 0.000000 0.531250 0.000000 0.554688 0.005859 0.554688 0.007812 0.556641 0.001953 0.562500 0.000000 0.562500 0.000000 0.603516 0.001953 0.601562 0.003906 0.601562 0.009766 0.595703 0.009766 0.593750 0.011719 0.591797 0.013672 0.591797 0.015625 0.593750 0.015625 0.597656 0.013672 0.599609 0.011719 0.599609 0.000000 0.611328 0.000000 0.644531 0.001953 0.646484 0.011719 0.646484 0.013672 0.644531 0.017578 0.644531 0.025391 0.636719 0.029297 0.636719 0.035156 0.630859 0.039062 0.630859 0.042969 0.626953 0.044922 0.626953 0.046875 0.625000 0.048828 0.625000 0.054688 0.619141 0.056641 0.619141 0.066406 0.609375 0.068359 0.609375 0.080078 0.597656 0.082031 0.597656 0.089844 0.589844 0.091797 0.589844 0.097656 0.583984 0.099609 0.583984 0.103516 0.580078 0.105469 0.580078 0.111328 0.574219 0.113281 0.574219 0.123047 0.564453 0.125000 0.564453 0.130859 0.558594 0.132812 0.558594 0.138672 0.552734 0.138672 0.550781 0.150391 0.539062 0.152344 0.539062 0.154297 0.537109 0.156250 0.537109 0.162109 0.531250 0.164062 0.531250 0.167969 0.527344 0.167969 0.525391 0.171875 0.521484 0.179688 0.521484 0.189453 0.511719 0.191406 0.511719 0.199219 0.503906 0.199219 0.500000 0.203125 0.496094 0.207031 0.496094 0.216797 0.486328 0.218750 0.486328 0.220703 0.484375 0.226562 0.484375 0.236328 0.474609 0.238281 0.474609 0.259766 0.453125 0.259766 0.451172 0.267578 0.443359 0.269531 0.443359 0.273438 0.439453 0.273438 0.435547 0.275391 0.433594 0.279297 0.433594 0.285156 0.427734 0.291016 0.427734 0.292969 0.425781 0.294922 0.425781 0.296875 0.423828 0.298828 0.423828 0.302734 0.419922 0.304688 0.419922 0.312500 0.412109 0.312500 0.410156 0.316406 0.406250 0.316406 0.404297 0.318359 0.402344 0.320312 0.402344 0.328125 0.394531 0.332031 0.394531 0.335938 0.390625 0.335938 0.384766 0.337891 0.382812 0.337891 0.380859 0.343750 0.375000 0.343750 0.371094 0.345703 0.369141 0.345703 0.367188 0.347656 0.365234 0.351562 0.365234 0.353516 0.363281 0.355469 0.363281 0.357422 0.361328 0.361328 0.361328 0.363281 0.359375 0.365234 0.359375 0.367188 0.357422 0.367188 0.355469 0.369141 0.353516 0.371094 0.353516 0.380859 0.343750 0.382812 0.343750 0.388672 0.337891 0.390625 0.337891 0.394531 0.333984 0.396484 0.333984 0.398438 0.332031 0.400391 0.332031 0.402344 0.330078 0.404297 0.330078 0.406250 0.328125 0.408203 0.328125 0.410156 0.326172 0.412109 0.326172 0.414062 0.324219 0.416016 0.324219 0.419922 0.320312 0.421875 0.320312 0.425781 0.316406 0.425781 0.314453 0.429688 0.310547 0.429688 0.308594 0.431641 0.306641 0.433594 0.306641 0.437500 0.302734 0.439453 0.302734 0.451172 0.291016 0.453125 0.291016 0.458984 0.285156 0.462891 0.285156 0.474609 0.273438 0.476562 0.273438 0.480469 0.269531 0.480469 0.265625 0.482422 0.263672 0.482422 0.259766 0.484375 0.257812 0.484375 0.255859 0.482422 0.253906 0.482422 0.251953 0.472656 0.242188 0.462891 0.242188 0.460938 0.244141 0.458984 0.244141 0.457031 0.246094 0.455078 0.246094 0.453125 0.248047 0.445312 0.248047 0.443359 0.246094 0.449219 0.240234 0.449219 0.230469 0.447266 0.228516 0.447266 0.226562 0.445312 0.224609 0.445312 0.220703 0.441406 0.216797 0.441406 0.214844 0.439453 0.212891 0.439453 0.208984 0.433594 0.203125 0.433594 0.201172 0.435547 0.199219 0.437500 0.201172 0.445312 0.201172 0.447266 0.199219 0.449219 0.199219 0.451172 0.197266 0.453125 0.199219 0.464844 0.199219 0.468750 0.195312 0.470703 0.195312 0.472656 0.197266 0.468750 0.201172 0.468750 0.210938 0.472656 0.214844 0.472656 0.222656 0.476562 0.226562 0.476562 0.228516 0.482422 0.234375 0.511719 0.234375 0.513672 0.232422 0.521484 0.232422 0.527344 0.226562 0.529297 0.226562 0.537109 0.218750 0.539062 0.218750 0.541016 0.216797 0.542969 0.216797 0.548828 0.210938 0.550781 0.210938 0.552734 0.208984 0.554688 0.208984 0.558594 0.205078 0.560547 0.205078 0.564453 0.201172 0.566406 0.201172 0.572266 0.195312 0.574219 0.195312 0.591797 0.177734 0.591797 0.173828 0.593750 0.171875 0.595703 0.171875 0.601562 0.166016 0.603516 0.166016 0.605469 0.164062 0.605469 0.162109 0.607422 0.160156 0.607422 0.156250 0.609375 0.154297 0.611328 0.154297 0.621094 0.144531 0.623047 0.144531 0.646484 0.121094 0.646484 0.117188 0.656250 0.107422 0.656250 0.105469 0.660156 0.101562 0.660156 0.099609 0.662109 0.097656 0.664062 0.097656 0.673828 0.087891 0.673828 0.085938 0.681641 0.078125 0.683594 0.078125 0.710938 0.050781 0.710938 0.048828 0.716797 0.042969 0.716797 0.033203 0.712891 0.029297 0.705078 0.029297 0.699219 0.035156 0.699219 0.037109 0.691406 0.044922 0.691406 0.046875 0.685547 0.052734 0.685547 0.054688 0.673828 0.066406 0.671875 0.066406 0.669922 0.068359 0.667969 0.068359 0.660156 0.076172 0.658203 0.076172 0.648438 0.085938 0.648438 0.087891 0.640625 0.095703 0.640625 0.097656 0.630859 0.107422 0.630859 0.109375 0.628906 0.111328 0.625000 0.111328 0.615234 0.121094 0.615234 0.123047 0.607422 0.130859 0.607422 0.134766 0.603516 0.138672 0.601562 0.138672 0.599609 0.140625 0.597656 0.140625 0.595703 0.142578 0.591797 0.142578 0.582031 0.152344 0.582031 0.158203 0.580078 0.160156 0.580078 0.166016 0.578125 0.167969 0.576172 0.167969 0.570312 0.173828 0.568359 0.173828 0.566406 0.175781 0.564453 0.173828 0.564453 0.171875 0.568359 0.167969 0.568359 0.164062 0.570312 0.162109 0.570312 0.160156 0.574219 0.156250 0.574219 0.140625 0.576172 0.138672 0.576172 0.128906 0.574219 0.126953 0.574219 0.125000 0.576172 0.123047 0.580078 0.123047 0.582031 0.125000 0.582031 0.130859 0.585938 0.134766 0.597656 0.134766 0.601562 0.130859 0.601562 0.117188 0.597656 0.113281 0.597656 0.105469 0.601562 0.101562 0.605469 0.101562 0.611328 0.095703 0.617188 0.095703 0.623047 0.089844 0.625000 0.089844 0.628906 0.085938 0.628906 0.082031 0.640625 0.070312 0.646484 0.070312 0.650391 0.066406 0.652344 0.066406 0.656250 0.062500 0.656250 0.056641 0.660156 0.052734 0.660156 0.050781 0.664062 0.046875 0.664062 0.044922 0.666016 0.042969 0.666016 0.037109 0.667969 0.035156 0.673828 0.035156 0.675781 0.033203 0.677734 0.033203 0.681641 0.037109 0.689453 0.037109 0.693359 0.033203 0.693359 0.023438 0.691406 0.021484 0.691406 0.013672 0.685547 0.007812 0.685547 0.000000
0 0.386719 0.000000 0.384766 0.001953 0.384766 0.025391 0.388672 0.029297 0.386719 0.031250 0.386719 0.035156 0.384766 0.037109 0.382812 0.037109 0.376953 0.042969 0.376953 0.050781 0.380859 0.054688 0.388672 0.054688 0.390625 0.056641 0.390625 0.064453 0.384766 0.070312 0.382812 0.070312 0.375000 0.078125 0.375000 0.080078 0.373047 0.082031 0.373047 0.083984 0.371094 0.085938 0.371094 0.089844 0.369141 0.091797 0.369141 0.103516 0.359375 0.113281 0.357422 0.113281 0.355469 0.115234 0.353516 0.115234 0.347656 0.121094 0.347656 0.128906 0.351562 0.132812 0.357422 0.132812 0.359375 0.134766 0.355469 0.138672 0.353516 0.138672 0.349609 0.142578 0.347656 0.142578 0.345703 0.144531 0.343750 0.144531 0.341797 0.146484 0.339844 0.146484 0.337891 0.148438 0.335938 0.146484 0.335938 0.140625 0.337891 0.138672 0.337891 0.121094 0.333984 0.117188 0.333984 0.115234 0.330078 0.111328 0.314453 0.111328 0.310547 0.115234 0.310547 0.126953 0.320312 0.136719 0.316406 0.140625 0.316406 0.146484 0.314453 0.148438 0.314453 0.158203 0.318359 0.162109 0.318359 0.167969 0.316406 0.169922 0.312500 0.169922 0.310547 0.171875 0.300781 0.171875 0.298828 0.173828 0.294922 0.173828 0.287109 0.181641 0.287109 0.183594 0.285156 0.185547 0.275391 0.185547 0.271484 0.189453 0.271484 0.197266 0.269531 0.199219 0.259766 0.199219 0.255859 0.203125 0.251953 0.203125 0.246094 0.208984 0.246094 0.210938 0.244141 0.212891 0.244141 0.214844 0.242188 0.216797 0.236328 0.216797 0.234375 0.218750 0.230469 0.218750 0.226562 0.222656 0.214844 0.222656 0.212891 0.224609 0.210938 0.224609 0.208984 0.222656 0.201172 0.222656 0.197266 0.226562 0.197266 0.228516 0.193359 0.232422 0.193359 0.240234 0.197266 0.244141 0.201172 0.244141 0.203125 0.246094 0.203125 0.248047 0.205078 0.250000 0.205078 0.253906 0.208984 0.257812 0.208984 0.259766 0.201172 0.267578 0.197266 0.267578 0.195312 0.265625 0.193359 0.265625 0.189453 0.261719 0.189453 0.259766 0.185547 0.255859 0.185547 0.253906 0.181641 0.250000 0.179688 0.250000 0.177734 0.248047 0.177734 0.244141 0.171875 0.238281 0.171875 0.234375 0.160156 0.222656 0.148438 0.222656 0.144531 0.226562 0.144531 0.228516 0.142578 0.230469 0.142578 0.232422 0.140625 0.234375 0.140625 0.238281 0.138672 0.240234 0.138672 0.251953 0.140625 0.253906 0.140625 0.265625 0.144531 0.269531 0.146484 0.269531 0.148438 0.271484 0.148438 0.277344 0.146484 0.279297 0.144531 0.277344 0.134766 0.277344 0.128906 0.283203 0.128906 0.294922 0.123047 0.300781 0.121094 0.300781 0.113281 0.292969 0.105469 0.292969 0.101562 0.296875 0.101562 0.304688 0.099609 0.306641 0.099609 0.322266 0.097656 0.324219 0.095703 0.322266 0.095703 0.314453 0.091797 0.310547 0.087891 0.310547 0.085938 0.308594 0.085938 0.285156 0.082031 0.281250 0.072266 0.281250 0.068359 0.285156 0.068359 0.289062 0.066406 0.291016 0.066406 0.296875 0.064453 0.298828 0.060547 0.294922 0.052734 0.294922 0.050781 0.292969 0.050781 0.287109 0.046875 0.283203 0.046875 0.281250 0.042969 0.277344 0.035156 0.277344 0.033203 0.275391 0.039062 0.269531 0.041016 0.269531 0.046875 0.263672 0.046875 0.250000 0.042969 0.246094 0.042969 0.242188 0.041016 0.240234 0.041016 0.238281 0.042969 0.236328 0.048828 0.236328 0.052734 0.232422 0.052734 0.230469 0.056641 0.226562 0.062500 0.232422 0.062500 0.234375 0.064453 0.236328 0.064453 0.238281 0.054688 0.248047 0.054688 0.257812 0.058594 0.261719 0.070312 0.261719 0.072266 0.259766 0.074219 0.259766 0.078125 0.255859 0.080078 0.255859 0.082031 0.253906 0.091797 0.253906 0.095703 0.250000 0.095703 0.242188 0.091797 0.238281 0.093750 0.236328 0.101562 0.236328 0.105469 0.232422 0.105469 0.222656 0.101562 0.218750 0.101562 0.214844 0.099609 0.212891 0.099609 0.208984 0.095703 0.205078 0.085938 0.205078 0.082031 0.208984 0.080078 0.207031 0.080078 0.205078 0.078125 0.203125 0.078125 0.201172 0.076172 0.199219 0.076172 0.197266 0.078125 0.195312 0.082031 0.195312 0.085938 0.191406 0.085938 0.183594 0.078125 0.175781 0.070312 0.175781 0.066406 0.179688 0.062500 0.175781 0.062500 0.171875 0.060547 0.169922 0.060547 0.167969 0.062500 0.166016 0.064453 0.166016 0.066406 0.164062 0.068359 0.164062 0.072266 0.160156 0.072266 0.152344 0.070312 0.150391 0.070312 0.148438 0.074219 0.144531 0.080078 0.150391 0.082031 0.150391 0.083984 0.152344 0.087891 0.152344 0.089844 0.154297 0.097656 0.154297 0.099609 0.156250 0.099609 0.162109 0.089844 0.171875 0.089844 0.185547 0.093750 0.189453 0.099609 0.189453 0.101562 0.191406 0.101562 0.195312 0.107422 0.201172 0.107422 0.205078 0.113281 0.210938 0.113281 0.212891 0.115234 0.214844 0.115234 0.216797 0.117188 0.218750 0.117188 0.224609 0.121094 0.228516 0.128906 0.228516 0.132812 0.224609 0.132812 0.212891 0.130859 0.210938 0.130859 0.208984 0.128906 0.207031 0.128906 0.205078 0.126953 0.203125 0.126953 0.201172 0.125000 0.199219 0.125000 0.197266 0.121094 0.193359 0.119141 0.193359 0.117188 0.191406 0.117188 0.171875 0.119141 0.169922 0.119141 0.154297 0.121094 0.152344 0.121094 0.144531 0.123047 0.142578 0.125000 0.142578 0.134766 0.132812 0.134766 0.123047 0.130859 0.119141 0.123047 0.119141 0.115234 0.126953 0.113281 0.126953 0.109375 0.130859 0.107422 0.128906 0.107422 0.126953 0.103516 0.123047 0.095703 0.123047 0.089844 0.128906 0.082031 0.128906 0.078125 0.125000 0.068359 0.125000 0.058594 0.134766 0.058594 0.144531 0.060547 0.146484 0.058594 0.148438 0.056641 0.148438 0.048828 0.156250 0.048828 0.158203 0.046875 0.160156 0.039062 0.160156 0.037109 0.162109 0.035156 0.162109 0.033203 0.160156 0.033203 0.152344 0.029297 0.148438 0.015625 0.148438 0.011719 0.152344 0.011719 0.154297 0.009766 0.156250 0.009766 0.169922 0.015625 0.175781 0.021484 0.175781 0.023438 0.177734 0.023438 0.179688 0.015625 0.187500 0.013672 0.187500 0.009766 0.191406 0.009766 0.199219 0.013672 0.203125 0.019531 0.203125 0.021484 0.205078 0.017578 0.208984 0.015625 0.208984 0.013672 0.210938 0.011719 0.210938 0.007812 0.214844 0.000000 0.214844 0.000000 0.230469 0.001953 0.230469 0.003906 0.232422 0.003906 0.240234 0.001953 0.242188 0.000000 0.242188 0.000000 0.277344 0.011719 0.277344 0.013672 0.279297 0.021484 0.279297 0.023438 0.277344 0.029297 0.277344 0.031250 0.279297 0.029297 0.281250 0.029297 0.289062 0.031250 0.291016 0.031250 0.292969 0.039062 0.300781 0.044922 0.300781 0.046875 0.302734 0.044922 0.304688 0.042969 0.304688 0.041016 0.306641 0.033203 0.306641 0.031250 0.308594 0.023438 0.308594 0.017578 0.314453 0.015625 0.314453 0.013672 0.312500 0.013672 0.304688 0.009766 0.300781 0.001953 0.300781 0.000000 0.302734 0.000000 0.400391 0.011719 0.400391 0.013672 0.398438 0.015625 0.398438 0.017578 0.400391 0.015625 0.402344 0.015625 0.404297 0.013672 0.406250 0.011719 0.406250 0.007812 0.410156 0.000000 0.410156 0.000000 0.437500 0.001953 0.437500 0.003906 0.439453 0.001953 0.441406 0.001953 0.443359 0.000000 0.445312 0.000000 0.462891 0.007812 0.462891 0.017578 0.453125 0.017578 0.451172 0.019531 0.449219 0.019531 0.443359 0.023438 0.439453 0.023438 0.437500 0.029297 0.431641 0.031250 0.431641 0.035156 0.427734 0.037109 0.427734 0.046875 0.417969 0.046875 0.416016 0.048828 0.414062 0.050781 0.414062 0.058594 0.406250 0.068359 0.406250 0.072266 0.402344 0.072266 0.400391 0.076172 0.396484 0.078125 0.396484 0.083984 0.390625 0.085938 0.390625 0.089844 0.386719 0.091797 0.386719 0.093750 0.384766 0.095703 0.384766 0.105469 0.375000 0.107422 0.375000 0.109375 0.373047 0.111328 0.373047 0.113281 0.371094 0.115234 0.371094 0.115234 0.369141 0.117188 0.367188 0.119141 0.367188 0.136719 0.349609 0.138672 0.349609 0.142578 0.345703 0.144531 0.345703 0.148438 0.341797 0.148438 0.339844 0.152344 0.335938 0.152344 0.333984 0.166016 0.320312 0.171875 0.320312 0.177734 0.314453 0.177734 0.310547 0.187500 0.300781 0.189453 0.300781 0.201172 0.289062 0.201172 0.287109 0.205078 0.283203 0.207031 0.283203 0.208984 0.281250 0.210938 0.281250 0.212891 0.279297 0.214844 0.279297 0.220703 0.273438 0.220703 0.271484 0.224609 0.267578 0.238281 0.267578 0.242188 0.263672 0.244141 0.263672 0.248047 0.259766 0.248047 0.257812 0.255859 0.250000 0.265625 0.250000 0.275391 0.240234 0.277344 0.240234 0.283203 0.234375 0.287109 0.234375 0.294922 0.226562 0.294922 0.224609 0.296875 0.222656 0.296875 0.220703 0.302734 0.214844 0.304688 0.214844 0.306641 0.212891 0.308594 0.212891 0.310547 0.210938 0.312500 0.210938 0.318359 0.205078 0.318359 0.199219 0.322266 0.195312 0.326172 0.195312 0.332031 0.189453 0.333984 0.189453 0.337891 0.185547 0.341797 0.185547 0.351562 0.175781 0.351562 0.173828 0.353516 0.171875 0.353516 0.167969 0.355469 0.166016 0.361328 0.166016 0.365234 0.162109 0.365234 0.154297 0.367188 0.152344 0.371094 0.152344 0.375000 0.148438 0.376953 0.148438 0.382812 0.142578 0.382812 0.140625 0.384766 0.138672 0.390625 0.138672 0.398438 0.130859 0.398438 0.128906 0.404297 0.123047 0.406250 0.123047 0.419922 0.109375 0.421875 0.109375 0.429688 0.101562 0.431641 0.101562 0.439453 0.093750 0.439453 0.091797 0.443359 0.087891 0.445312 0.087891 0.453125 0.080078 0.453125 0.074219 0.458984 0.068359 0.460938 0.068359 0.468750 0.060547 0.468750 0.058594 0.470703 0.056641 0.470703 0.052734 0.472656 0.050781 0.472656 0.046875 0.474609 0.044922 0.478516 0.044922 0.480469 0.042969 0.482422 0.042969 0.484375 0.041016 0.486328 0.041016 0.488281 0.039062 0.490234 0.039062 0.494141 0.035156 0.494141 0.029297 0.500000 0.023438 0.503906 0.023438 0.511719 0.015625 0.511719 0.005859 0.507812 0.001953 0.482422 0.001953 0.478516 0.005859 0.478516 0.011719 0.476562 0.013672 0.476562 0.015625 0.474609 0.017578 0.474609 0.025391 0.470703 0.029297 0.468750 0.027344 0.468750 0.019531 0.464844 0.015625 0.458984 0.015625 0.457031 0.013672 0.457031 0.009766 0.455078 0.007812 0.455078 0.000000 0.425781 0.000000 0.423828 0.001953 0.419922 0.001953 0.417969 0.003906 0.416016 0.003906 0.414062 0.005859 0.412109 0.005859 0.410156 0.007812 0.406250 0.007812 0.404297 0.005859 0.404297 0.000000
0 0.218750 0.000000 0.216797 0.001953 0.216797 0.009766 0.220703 0.013672 0.228516 0.013672 0.232422 0.009766 0.232422 0.001953 0.230469 0.000000
0 0.128906 0.000000 0.126953 0.001953 0.126953 0.009766 0.130859 0.013672 0.138672 0.013672 0.142578 0.009766 0.144531 0.011719 0.144531 0.015625 0.148438 0.019531 0.146484 0.021484 0.144531 0.021484 0.142578 0.019531 0.132812 0.019531 0.128906 0.023438 0.123047 0.023438 0.119141 0.027344 0.119141 0.035156 0.123047 0.039062 0.130859 0.039062 0.134766 0.035156 0.142578 0.035156 0.144531 0.033203 0.146484 0.033203 0.148438 0.035156 0.156250 0.035156 0.160156 0.031250 0.160156 0.023438 0.156250 0.019531 0.160156 0.015625 0.160156 0.007812 0.156250 0.003906 0.148438 0.003906 0.144531 0.007812 0.142578 0.005859 0.142578 0.001953 0.140625 0.000000