0 0.384766 0.988281 0.380859 0.992188 0.369141 0.992188 0.365234 0.996094 0.365234 0.998047 0.406250 0.998047 0.406250 0.994141 0.402344 0.990234 0.400391 0.990234 0.398438 0.988281
0 0.326172 0.988281 0.322266 0.992188 0.322266 0.998047 0.359375 0.998047 0.359375 0.994141 0.355469 0.990234 0.351562 0.990234 0.349609 0.988281
0 0.593750 0.972656 0.589844 0.976562 0.589844 0.986328 0.585938 0.990234 0.583984 0.990234 0.580078 0.994141 0.580078 0.998047 0.615234 0.998047 0.615234 0.984375 0.605469 0.974609 0.603516 0.974609 0.601562 0.972656
0 0.539062 0.964844 0.537109 0.966797 0.531250 0.966797 0.525391 0.972656 0.525391 0.988281 0.529297 0.992188 0.529297 0.998047 0.568359 0.998047 0.568359 0.986328 0.566406 0.984375 0.566406 0.982422 0.564453 0.980469 0.564453 0.970703 0.560547 0.966797 0.556641 0.966797 0.554688 0.964844
0 0.667969 0.912109 0.660156 0.919922 0.658203 0.919922 0.652344 0.925781 0.652344 0.927734 0.650391 0.929688 0.650391 0.931641 0.648438 0.933594 0.648438 0.935547 0.646484 0.937500 0.644531 0.937500 0.642578 0.939453 0.640625 0.939453 0.636719 0.943359 0.634766 0.943359 0.630859 0.947266 0.630859 0.949219 0.628906 0.951172 0.628906 0.957031 0.626953 0.958984 0.626953 0.968750 0.630859 0.972656 0.638672 0.972656 0.642578 0.968750 0.642578 0.966797 0.644531 0.964844 0.644531 0.960938 0.646484 0.958984 0.646484 0.957031 0.648438 0.955078 0.650391 0.955078 0.652344 0.953125 0.654297 0.953125 0.656250 0.951172 0.658203 0.951172 0.679688 0.929688 0.681641 0.929688 0.687500 0.923828 0.687500 0.916016 0.683594 0.912109
0 0.882812 0.902344 0.878906 0.906250 0.878906 0.914062 0.880859 0.916016 0.880859 0.919922 0.878906 0.921875 0.878906 0.935547 0.875000 0.939453 0.875000 0.947266 0.878906 0.951172 0.880859 0.951172 0.882812 0.953125 0.882812 0.958984 0.884766 0.960938 0.884766 0.990234 0.888672 0.994141 0.888672 0.996094 0.890625 0.998047 0.933594 0.998047 0.935547 0.996094 0.935547 0.970703 0.931641 0.966797 0.929688 0.966797 0.923828 0.960938 0.921875 0.960938 0.919922 0.958984 0.919922 0.939453 0.916016 0.935547 0.916016 0.931641 0.912109 0.927734 0.912109 0.923828 0.910156 0.921875 0.910156 0.919922 0.906250 0.916016 0.906250 0.914062 0.902344 0.910156 0.902344 0.908203 0.898438 0.904297 0.892578 0.904297 0.890625 0.902344
0 0.330078 0.857422 0.326172 0.861328 0.326172 0.867188 0.324219 0.869141 0.320312 0.865234 0.296875 0.865234 0.292969 0.869141 0.292969 0.876953 0.296875 0.880859 0.298828 0.880859 0.300781 0.882812 0.302734 0.882812 0.304688 0.884766 0.316406 0.884766 0.318359 0.886719 0.318359 0.892578 0.316406 0.894531 0.314453 0.894531 0.312500 0.896484 0.298828 0.896484 0.294922 0.900391 0.294922 0.914062 0.298828 0.917969 0.298828 0.919922 0.302734 0.923828 0.302734 0.925781 0.304688 0.927734 0.304688 0.933594 0.310547 0.939453 0.310547 0.941406 0.312500 0.943359 0.312500 0.945312 0.318359 0.951172 0.320312 0.951172 0.322266 0.953125 0.324219 0.953125 0.326172 0.955078 0.363281 0.955078 0.367188 0.951172 0.367188 0.949219 0.371094 0.945312 0.371094 0.933594 0.369141 0.931641 0.369141 0.929688 0.365234 0.925781 0.365234 0.923828 0.363281 0.921875 0.363281 0.919922 0.355469 0.912109 0.355469 0.900391 0.353516 0.898438 0.353516 0.896484 0.345703 0.888672 0.345703 0.865234 0.337891 0.857422
0 0.744141 0.855469 0.734375 0.865234 0.732422 0.865234 0.726562 0.871094 0.724609 0.871094 0.720703 0.875000 0.718750 0.875000 0.712891 0.880859 0.712891 0.888672 0.716797 0.892578 0.726562 0.892578 0.732422 0.886719 0.736328 0.886719 0.744141 0.878906 0.748047 0.878906 0.751953 0.875000 0.751953 0.873047 0.755859 0.869141 0.755859 0.859375 0.751953 0.855469
0 0.000000 0.851562 0.000000 0.873047 0.009766 0.873047 0.019531 0.863281 0.019531 0.855469 0.015625 0.851562
0 0.037109 0.808594 0.035156 0.810547 0.033203 0.810547 0.029297 0.814453 0.029297 0.816406 0.027344 0.818359 0.027344 0.828125 0.035156 0.835938 0.044922 0.835938 0.048828 0.832031 0.048828 0.824219 0.052734 0.820312 0.052734 0.812500 0.048828 0.808594
0 0.072266 0.800781 0.064453 0.808594 0.064453 0.814453 0.062500 0.816406 0.062500 0.820312 0.058594 0.824219 0.058594 0.832031 0.062500 0.835938 0.072266 0.835938 0.076172 0.839844 0.083984 0.839844 0.087891 0.835938 0.087891 0.820312 0.089844 0.818359 0.095703 0.818359 0.099609 0.822266 0.091797 0.830078 0.091797 0.837891 0.095703 0.841797 0.105469 0.841797 0.121094 0.826172 0.121094 0.822266 0.123047 0.820312 0.123047 0.810547 0.119141 0.806641 0.111328 0.806641 0.109375 0.808594 0.107422 0.808594 0.101562 0.802734 0.097656 0.802734 0.095703 0.800781
0 0.500000 0.785156 0.494141 0.791016 0.492188 0.791016 0.484375 0.798828 0.484375 0.800781 0.482422 0.802734 0.468750 0.802734 0.466797 0.804688 0.457031 0.804688 0.453125 0.808594 0.451172 0.808594 0.447266 0.812500 0.447266 0.814453 0.445312 0.816406 0.445312 0.818359 0.441406 0.822266 0.437500 0.822266 0.435547 0.824219 0.423828 0.824219 0.419922 0.828125 0.419922 0.835938 0.423828 0.839844 0.443359 0.839844 0.445312 0.837891 0.449219 0.837891 0.451172 0.835938 0.453125 0.835938 0.455078 0.833984 0.457031 0.835938 0.457031 0.837891 0.458984 0.839844 0.453125 0.845703 0.453125 0.853516 0.457031 0.857422 0.462891 0.857422 0.464844 0.859375 0.474609 0.859375 0.478516 0.863281 0.478516 0.865234 0.476562 0.867188 0.476562 0.878906 0.480469 0.882812 0.482422 0.882812 0.484375 0.884766 0.500000 0.884766 0.501953 0.886719 0.498047 0.890625 0.498047 0.906250 0.503906 0.912109 0.503906 0.914062 0.500000 0.917969 0.500000 0.927734 0.503906 0.931641 0.503906 0.935547 0.505859 0.937500 0.505859 0.945312 0.507812 0.947266 0.507812 0.951172 0.509766 0.953125 0.509766 0.955078 0.513672 0.958984 0.515625 0.958984 0.517578 0.960938 0.529297 0.960938 0.533203 0.957031 0.533203 0.949219 0.531250 0.947266 0.531250 0.931641 0.529297 0.929688 0.529297 0.927734 0.527344 0.925781 0.527344 0.923828 0.523438 0.919922 0.519531 0.919922 0.517578 0.917969 0.519531 0.916016 0.519531 0.908203 0.527344 0.900391 0.527344 0.884766 0.523438 0.880859 0.513672 0.880859 0.511719 0.878906 0.511719 0.873047 0.503906 0.865234 0.503906 0.859375 0.498047 0.853516 0.496094 0.853516 0.494141 0.851562 0.492188 0.851562 0.490234 0.849609 0.490234 0.845703 0.486328 0.841797 0.476562 0.841797 0.474609 0.843750 0.470703 0.843750 0.468750 0.841797 0.472656 0.837891 0.472656 0.822266 0.474609 0.820312 0.482422 0.820312 0.488281 0.814453 0.496094 0.814453 0.500000 0.810547 0.500000 0.808594 0.501953 0.806641 0.503906 0.806641 0.505859 0.804688 0.507812 0.804688 0.511719 0.800781 0.511719 0.789062 0.507812 0.785156
0 0.988281 0.755859 0.984375 0.759766 0.980469 0.759766 0.976562 0.763672 0.976562 0.765625 0.970703 0.771484 0.970703 0.773438 0.968750 0.775391 0.966797 0.775391 0.962891 0.779297 0.958984 0.779297 0.953125 0.785156 0.953125 0.789062 0.951172 0.791016 0.951172 0.792969 0.947266 0.796875 0.945312 0.796875 0.941406 0.800781 0.937500 0.800781 0.921875 0.816406 0.919922 0.816406 0.917969 0.818359 0.916016 0.818359 0.912109 0.822266 0.912109 0.824219 0.902344 0.833984 0.902344 0.835938 0.896484 0.841797 0.894531 0.841797 0.892578 0.843750 0.886719 0.843750 0.880859 0.849609 0.878906 0.849609 0.867188 0.861328 0.867188 0.863281 0.865234 0.865234 0.865234 0.867188 0.863281 0.869141 0.861328 0.869141 0.857422 0.873047 0.855469 0.873047 0.853516 0.875000 0.851562 0.875000 0.849609 0.876953 0.847656 0.876953 0.845703 0.878906 0.843750 0.878906 0.841797 0.880859 0.839844 0.880859 0.835938 0.884766 0.835938 0.888672 0.833984 0.890625 0.828125 0.890625 0.826172 0.892578 0.824219 0.892578 0.820312 0.896484 0.820312 0.898438 0.818359 0.900391 0.808594 0.900391 0.804688 0.904297 0.804688 0.921875 0.802734 0.923828 0.798828 0.923828 0.796875 0.925781 0.792969 0.925781 0.785156 0.933594 0.785156 0.939453 0.783203 0.941406 0.783203 0.945312 0.781250 0.947266 0.773438 0.947266 0.769531 0.951172 0.767578 0.951172 0.763672 0.955078 0.761719 0.955078 0.753906 0.962891 0.753906 0.964844 0.751953 0.966797 0.750000 0.966797 0.744141 0.972656 0.742188 0.972656 0.730469 0.984375 0.728516 0.984375 0.724609 0.988281 0.724609 0.996094 0.726562 0.998047 0.740234 0.998047 0.742188 0.996094 0.744141 0.996094 0.751953 0.988281 0.753906 0.988281 0.761719 0.980469 0.763672 0.980469 0.769531 0.974609 0.769531 0.972656 0.771484 0.970703 0.773438 0.970703 0.777344 0.966797 0.779297 0.966797 0.785156 0.960938 0.785156 0.955078 0.787109 0.953125 0.798828 0.953125 0.802734 0.949219 0.804688 0.951172 0.812500 0.951172 0.816406 0.947266 0.816406 0.939453 0.820312 0.935547 0.820312 0.931641 0.822266 0.929688 0.822266 0.925781 0.824219 0.923828 0.824219 0.917969 0.826172 0.916016 0.826172 0.914062 0.828125 0.912109 0.833984 0.912109 0.839844 0.906250 0.841797 0.906250 0.843750 0.908203 0.841797 0.910156 0.841797 0.919922 0.851562 0.929688 0.861328 0.929688 0.865234 0.925781 0.867188 0.925781 0.871094 0.921875 0.871094 0.910156 0.869141 0.908203 0.869141 0.906250 0.865234 0.902344 0.865234 0.898438 0.867188 0.896484 0.873047 0.896484 0.875000 0.894531 0.876953 0.894531 0.886719 0.884766 0.886719 0.880859 0.892578 0.875000 0.892578 0.873047 0.900391 0.865234 0.900391 0.861328 0.906250 0.855469 0.908203 0.855469 0.914062 0.849609 0.914062 0.847656 0.919922 0.841797 0.921875 0.841797 0.925781 0.837891 0.925781 0.833984 0.931641 0.828125 0.933594 0.828125 0.935547 0.826172 0.939453 0.826172 0.943359 0.822266 0.943359 0.820312 0.947266 0.816406 0.949219 0.816406 0.951172 0.818359 0.958984 0.818359 0.960938 0.816406 0.962891 0.818359 0.964844 0.818359 0.970703 0.824219 0.992188 0.824219 0.998047 0.818359 0.998047 0.792969 0.996094 0.792969 0.994141 0.791016 0.994141 0.783203 0.996094 0.781250 0.998047 0.781250 0.998047 0.755859
0 0.843750 0.750000 0.839844 0.753906 0.839844 0.755859 0.837891 0.757812 0.837891 0.759766 0.833984 0.763672 0.833984 0.765625 0.820312 0.779297 0.818359 0.779297 0.816406 0.781250 0.814453 0.781250 0.806641 0.789062 0.806641 0.796875 0.810547 0.800781 0.820312 0.800781 0.824219 0.796875 0.826172 0.796875 0.839844 0.783203 0.841797 0.783203 0.849609 0.775391 0.849609 0.773438 0.851562 0.771484 0.851562 0.769531 0.853516 0.767578 0.853516 0.765625 0.857422 0.761719 0.857422 0.753906 0.853516 0.750000
0 0.177734 0.718750 0.171875 0.724609 0.171875 0.734375 0.164062 0.742188 0.164062 0.744141 0.162109 0.746094 0.156250 0.740234 0.154297 0.740234 0.152344 0.738281 0.150391 0.738281 0.148438 0.736328 0.128906 0.736328 0.123047 0.742188 0.123047 0.746094 0.119141 0.750000 0.119141 0.759766 0.117188 0.761719 0.117188 0.771484 0.123047 0.777344 0.140625 0.777344 0.142578 0.775391 0.150391 0.775391 0.152344 0.773438 0.164062 0.773438 0.166016 0.775391 0.166016 0.777344 0.167969 0.779297 0.167969 0.783203 0.169922 0.785156 0.169922 0.787109 0.173828 0.791016 0.191406 0.791016 0.193359 0.789062 0.197266 0.789062 0.199219 0.787109 0.205078 0.787109 0.212891 0.779297 0.212891 0.773438 0.214844 0.771484 0.214844 0.761719 0.210938 0.757812 0.193359 0.757812 0.189453 0.761719 0.185547 0.761719 0.183594 0.759766 0.191406 0.751953 0.191406 0.748047 0.193359 0.746094 0.199219 0.746094 0.203125 0.742188 0.203125 0.732422 0.199219 0.728516 0.199219 0.726562 0.191406 0.718750
0 0.695312 0.708984 0.691406 0.712891 0.689453 0.712891 0.687500 0.714844 0.685547 0.714844 0.675781 0.724609 0.671875 0.724609 0.666016 0.730469 0.658203 0.730469 0.654297 0.734375 0.644531 0.734375 0.640625 0.738281 0.634766 0.738281 0.630859 0.742188 0.628906 0.742188 0.626953 0.744141 0.623047 0.744141 0.621094 0.746094 0.617188 0.746094 0.613281 0.742188 0.597656 0.742188 0.595703 0.744141 0.589844 0.744141 0.587891 0.746094 0.583984 0.746094 0.580078 0.750000 0.580078 0.757812 0.578125 0.759766 0.572266 0.759766 0.570312 0.761719 0.568359 0.761719 0.566406 0.763672 0.564453 0.763672 0.562500 0.765625 0.556641 0.765625 0.552734 0.769531 0.552734 0.775391 0.548828 0.779297 0.542969 0.779297 0.541016 0.781250 0.539062 0.781250 0.535156 0.785156 0.531250 0.785156 0.529297 0.787109 0.525391 0.787109 0.521484 0.791016 0.521484 0.798828 0.525391 0.802734 0.537109 0.802734 0.539062 0.800781 0.544922 0.800781 0.550781 0.794922 0.554688 0.794922 0.556641 0.792969 0.560547 0.792969 0.562500 0.791016 0.564453 0.791016 0.566406 0.789062 0.572266 0.789062 0.582031 0.779297 0.599609 0.779297 0.603516 0.775391 0.607422 0.775391 0.611328 0.771484 0.615234 0.771484 0.619141 0.767578 0.619141 0.765625 0.621094 0.763672 0.625000 0.763672 0.628906 0.759766 0.634766 0.759766 0.636719 0.757812 0.638672 0.757812 0.642578 0.753906 0.644531 0.753906 0.648438 0.750000 0.664062 0.750000 0.669922 0.744141 0.677734 0.744141 0.687500 0.734375 0.689453 0.734375 0.691406 0.732422 0.693359 0.732422 0.697266 0.728516 0.701172 0.728516 0.707031 0.722656 0.707031 0.712891 0.703125 0.708984
0 0.337891 0.705078 0.335938 0.707031 0.332031 0.707031 0.328125 0.710938 0.328125 0.716797 0.324219 0.720703 0.320312 0.720703 0.318359 0.722656 0.310547 0.722656 0.306641 0.726562 0.306641 0.732422 0.300781 0.738281 0.300781 0.744141 0.298828 0.746094 0.298828 0.750000 0.296875 0.751953 0.294922 0.751953 0.291016 0.755859 0.291016 0.757812 0.289062 0.759766 0.285156 0.759766 0.281250 0.763672 0.281250 0.771484 0.279297 0.773438 0.279297 0.777344 0.275391 0.781250 0.265625 0.781250 0.261719 0.785156 0.261719 0.792969 0.259766 0.794922 0.259766 0.804688 0.263672 0.808594 0.277344 0.808594 0.279297 0.806641 0.283203 0.806641 0.285156 0.804688 0.289062 0.804688 0.291016 0.802734 0.296875 0.802734 0.298828 0.800781 0.318359 0.800781 0.322266 0.796875 0.322266 0.789062 0.318359 0.785156 0.320312 0.783203 0.324219 0.783203 0.326172 0.781250 0.328125 0.781250 0.330078 0.779297 0.332031 0.781250 0.332031 0.787109 0.337891 0.792969 0.355469 0.792969 0.359375 0.789062 0.367188 0.789062 0.376953 0.779297 0.378906 0.779297 0.382812 0.775391 0.382812 0.767578 0.384766 0.765625 0.384766 0.753906 0.380859 0.750000 0.378906 0.750000 0.376953 0.748047 0.375000 0.748047 0.373047 0.746094 0.369141 0.746094 0.365234 0.742188 0.363281 0.742188 0.361328 0.740234 0.339844 0.740234 0.335938 0.744141 0.333984 0.744141 0.332031 0.742188 0.332031 0.740234 0.333984 0.738281 0.333984 0.736328 0.343750 0.726562 0.345703 0.726562 0.347656 0.724609 0.349609 0.724609 0.353516 0.720703 0.353516 0.712891 0.351562 0.710938 0.351562 0.708984 0.347656 0.705078
0 0.837891 0.664062 0.832031 0.669922 0.830078 0.667969 0.818359 0.667969 0.814453 0.671875 0.810547 0.671875 0.806641 0.675781 0.806641 0.691406 0.810547 0.695312 0.828125 0.695312 0.832031 0.691406 0.833984 0.691406 0.837891 0.687500 0.837891 0.681641 0.839844 0.679688 0.845703 0.679688 0.849609 0.675781 0.849609 0.667969 0.845703 0.664062
0 0.792969 0.660156 0.789062 0.664062 0.787109 0.664062 0.783203 0.667969 0.783203 0.677734 0.787109 0.681641 0.794922 0.681641 0.796875 0.679688 0.798828 0.679688 0.802734 0.675781 0.802734 0.673828 0.804688 0.671875 0.804688 0.664062 0.800781 0.660156
0 0.494141 0.656250 0.490234 0.660156 0.490234 0.671875 0.488281 0.673828 0.486328 0.671875 0.486328 0.669922 0.482422 0.666016 0.472656 0.666016 0.470703 0.667969 0.466797 0.667969 0.460938 0.673828 0.451172 0.673828 0.447266 0.669922 0.439453 0.669922 0.425781 0.683594 0.423828 0.683594 0.419922 0.687500 0.414062 0.687500 0.410156 0.691406 0.410156 0.705078 0.412109 0.707031 0.412109 0.708984 0.410156 0.710938 0.408203 0.708984 0.406250 0.708984 0.404297 0.707031 0.406250 0.705078 0.406250 0.695312 0.402344 0.691406 0.394531 0.691406 0.390625 0.695312 0.386719 0.695312 0.382812 0.699219 0.382812 0.710938 0.386719 0.714844 0.394531 0.714844 0.396484 0.716797 0.392578 0.720703 0.392578 0.722656 0.386719 0.728516 0.386719 0.740234 0.388672 0.742188 0.388672 0.751953 0.392578 0.755859 0.402344 0.755859 0.404297 0.757812 0.425781 0.757812 0.431641 0.751953 0.439453 0.751953 0.441406 0.750000 0.443359 0.750000 0.447266 0.746094 0.447266 0.744141 0.451172 0.740234 0.451172 0.738281 0.453125 0.736328 0.453125 0.726562 0.455078 0.724609 0.455078 0.722656 0.457031 0.720703 0.457031 0.716797 0.458984 0.714844 0.468750 0.714844 0.476562 0.707031 0.478516 0.707031 0.484375 0.701172 0.486328 0.701172 0.488281 0.699219 0.490234 0.699219 0.503906 0.685547 0.503906 0.683594 0.505859 0.681641 0.505859 0.679688 0.507812 0.677734 0.507812 0.660156 0.503906 0.656250
0 0.261719 0.589844 0.257812 0.593750 0.253906 0.593750 0.250000 0.597656 0.250000 0.605469 0.253906 0.609375 0.263672 0.609375 0.265625 0.611328 0.265625 0.617188 0.269531 0.621094 0.271484 0.621094 0.277344 0.626953 0.279297 0.626953 0.281250 0.628906 0.291016 0.628906 0.294922 0.625000 0.304688 0.625000 0.308594 0.621094 0.310547 0.621094 0.312500 0.619141 0.322266 0.619141 0.326172 0.615234 0.326172 0.603516 0.322266 0.599609 0.320312 0.599609 0.318359 0.597656 0.292969 0.597656 0.289062 0.601562 0.289062 0.603516 0.287109 0.605469 0.285156 0.605469 0.283203 0.603516 0.283203 0.593750 0.279297 0.589844
0 0.748047 0.552734 0.746094 0.554688 0.742188 0.554688 0.734375 0.562500 0.734375 0.576172 0.738281 0.580078 0.763672 0.580078 0.765625 0.578125 0.767578 0.578125 0.771484 0.574219 0.771484 0.564453 0.759766 0.552734
0 0.421875 0.544922 0.417969 0.548828 0.417969 0.550781 0.416016 0.552734 0.398438 0.552734 0.394531 0.556641 0.394531 0.564453 0.396484 0.566406 0.396484 0.568359 0.400391 0.572266 0.402344 0.572266 0.404297 0.574219 0.404297 0.591797 0.412109 0.599609 0.441406 0.599609 0.443359 0.601562 0.451172 0.601562 0.455078 0.597656 0.457031 0.597656 0.458984 0.599609 0.470703 0.599609 0.474609 0.595703 0.474609 0.585938 0.478516 0.582031 0.488281 0.582031 0.490234 0.580078 0.494141 0.580078 0.496094 0.578125 0.498047 0.578125 0.500000 0.576172 0.511719 0.576172 0.513672 0.574219 0.523438 0.574219 0.525391 0.576172 0.519531 0.582031 0.513672 0.582031 0.509766 0.585938 0.507812 0.585938 0.505859 0.587891 0.503906 0.587891 0.501953 0.589844 0.496094 0.589844 0.494141 0.591797 0.492188 0.591797 0.488281 0.595703 0.488281 0.597656 0.486328 0.599609 0.480469 0.599609 0.476562 0.603516 0.474609 0.603516 0.472656 0.605469 0.464844 0.605469 0.460938 0.609375 0.460938 0.617188 0.464844 0.621094 0.482422 0.621094 0.486328 0.617188 0.488281 0.617188 0.492188 0.613281 0.498047 0.613281 0.501953 0.609375 0.501953 0.607422 0.503906 0.605469 0.509766 0.605469 0.511719 0.603516 0.513672 0.603516 0.515625 0.601562 0.517578 0.601562 0.519531 0.599609 0.521484 0.599609 0.523438 0.597656 0.529297 0.597656 0.535156 0.591797 0.548828 0.591797 0.556641 0.583984 0.560547 0.587891 0.570312 0.587891 0.585938 0.572266 0.585938 0.564453 0.582031 0.560547 0.574219 0.560547 0.570312 0.564453 0.568359 0.564453 0.556641 0.576172 0.550781 0.570312 0.542969 0.570312 0.541016 0.568359 0.541016 0.560547 0.537109 0.556641 0.529297 0.556641 0.527344 0.558594 0.505859 0.558594 0.503906 0.560547 0.494141 0.560547 0.492188 0.562500 0.488281 0.562500 0.486328 0.564453 0.482422 0.564453 0.480469 0.566406 0.466797 0.566406 0.462891 0.570312 0.462891 0.572266 0.460938 0.574219 0.458984 0.574219 0.457031 0.576172 0.455078 0.576172 0.453125 0.578125 0.451172 0.576172 0.433594 0.576172 0.431641 0.574219 0.433594 0.572266 0.437500 0.572266 0.441406 0.568359 0.441406 0.560547 0.439453 0.558594 0.439453 0.550781 0.433594 0.544922
0 0.982422 0.533203 0.978516 0.537109 0.976562 0.537109 0.974609 0.539062 0.964844 0.539062 0.955078 0.548828 0.955078 0.550781 0.953125 0.552734 0.951172 0.552734 0.949219 0.554688 0.943359 0.554688 0.919922 0.578125 0.904297 0.578125 0.900391 0.582031 0.898438 0.582031 0.888672 0.591797 0.888672 0.593750 0.882812 0.599609 0.882812 0.607422 0.886719 0.611328 0.894531 0.611328 0.896484 0.609375 0.906250 0.609375 0.910156 0.605469 0.916016 0.605469 0.919922 0.601562 0.919922 0.597656 0.923828 0.593750 0.931641 0.593750 0.933594 0.595703 0.943359 0.595703 0.945312 0.593750 0.953125 0.593750 0.958984 0.587891 0.962891 0.587891 0.964844 0.585938 0.966797 0.585938 0.970703 0.582031 0.972656 0.582031 0.974609 0.580078 0.976562 0.582031 0.976562 0.583984 0.966797 0.593750 0.966797 0.595703 0.960938 0.601562 0.960938 0.603516 0.958984 0.605469 0.957031 0.605469 0.955078 0.603516 0.943359 0.603516 0.937500 0.609375 0.937500 0.625000 0.939453 0.626953 0.939453 0.630859 0.943359 0.634766 0.945312 0.634766 0.947266 0.636719 0.947266 0.638672 0.953125 0.644531 0.949219 0.648438 0.947266 0.648438 0.943359 0.652344 0.943359 0.654297 0.941406 0.656250 0.939453 0.656250 0.935547 0.660156 0.935547 0.662109 0.931641 0.666016 0.929688 0.666016 0.927734 0.667969 0.923828 0.667969 0.919922 0.671875 0.919922 0.673828 0.917969 0.675781 0.916016 0.675781 0.910156 0.681641 0.906250 0.681641 0.890625 0.697266 0.884766 0.697266 0.880859 0.701172 0.880859 0.708984 0.884766 0.712891 0.892578 0.712891 0.894531 0.714844 0.902344 0.714844 0.906250 0.710938 0.906250 0.705078 0.908203 0.703125 0.910156 0.703125 0.916016 0.697266 0.917969 0.697266 0.923828 0.691406 0.927734 0.691406 0.937500 0.681641 0.941406 0.681641 0.945312 0.677734 0.945312 0.675781 0.949219 0.671875 0.951172 0.671875 0.955078 0.667969 0.955078 0.666016 0.957031 0.664062 0.958984 0.664062 0.972656 0.650391 0.974609 0.650391 0.980469 0.644531 0.980469 0.640625 0.982422 0.638672 0.984375 0.638672 0.988281 0.634766 0.988281 0.632812 0.990234 0.630859 0.998047 0.630859 0.998047 0.572266 0.996094 0.572266 0.994141 0.570312 0.996094 0.568359 0.996094 0.560547 0.998047 0.558594 0.998047 0.533203
0 0.382812 0.523438 0.378906 0.527344 0.378906 0.535156 0.382812 0.539062 0.398438 0.539062 0.402344 0.535156 0.402344 0.527344 0.398438 0.523438
0 0.664062 0.500000 0.660156 0.503906 0.660156 0.511719 0.664062 0.515625 0.677734 0.515625 0.681641 0.511719 0.681641 0.503906 0.677734 0.500000
0 0.708984 0.482422 0.705078 0.486328 0.705078 0.494141 0.707031 0.496094 0.707031 0.501953 0.705078 0.503906 0.703125 0.503906 0.699219 0.507812 0.697266 0.507812 0.693359 0.511719 0.691406 0.511719 0.681641 0.521484 0.681641 0.525391 0.679688 0.527344 0.677734 0.525391 0.667969 0.525391 0.666016 0.527344 0.664062 0.527344 0.662109 0.529297 0.652344 0.529297 0.650391 0.531250 0.648438 0.531250 0.646484 0.533203 0.644531 0.533203 0.642578 0.535156 0.638672 0.535156 0.634766 0.539062 0.628906 0.539062 0.625000 0.535156 0.617188 0.535156 0.609375 0.542969 0.607422 0.542969 0.603516 0.539062 0.593750 0.539062 0.587891 0.544922 0.587891 0.552734 0.591797 0.556641 0.593750 0.556641 0.595703 0.558594 0.595703 0.562500 0.599609 0.566406 0.611328 0.566406 0.613281 0.564453 0.621094 0.564453 0.623047 0.562500 0.625000 0.562500 0.626953 0.560547 0.628906 0.560547 0.632812 0.556641 0.634766 0.556641 0.636719 0.558594 0.650391 0.558594 0.652344 0.556641 0.654297 0.556641 0.658203 0.552734 0.658203 0.548828 0.662109 0.544922 0.667969 0.544922 0.669922 0.542969 0.675781 0.542969 0.683594 0.535156 0.685547 0.537109 0.693359 0.537109 0.697266 0.533203 0.697266 0.531250 0.705078 0.523438 0.707031 0.523438 0.710938 0.519531 0.716797 0.519531 0.720703 0.515625 0.720703 0.513672 0.726562 0.507812 0.726562 0.494141 0.722656 0.490234 0.722656 0.488281 0.716797 0.482422
0 0.064453 0.476562 0.060547 0.480469 0.060547 0.490234 0.066406 0.496094 0.066406 0.500000 0.070312 0.503906 0.070312 0.513672 0.072266 0.515625 0.066406 0.521484 0.064453 0.519531 0.064453 0.513672 0.060547 0.509766 0.052734 0.509766 0.048828 0.513672 0.048828 0.519531 0.044922 0.523438 0.042969 0.523438 0.041016 0.525391 0.039062 0.523438 0.031250 0.523438 0.029297 0.525391 0.019531 0.525391 0.011719 0.533203 0.000000 0.533203 0.000000 0.576172 0.013672 0.576172 0.017578 0.572266 0.029297 0.572266 0.033203 0.568359 0.033203 0.566406 0.035156 0.564453 0.042969 0.564453 0.044922 0.562500 0.050781 0.562500 0.052734 0.564453 0.062500 0.564453 0.064453 0.566406 0.066406 0.566406 0.068359 0.568359 0.068359 0.570312 0.070312 0.572266 0.070312 0.576172 0.072266 0.578125 0.072266 0.582031 0.074219 0.583984 0.074219 0.585938 0.076172 0.587891 0.076172 0.591797 0.078125 0.593750 0.078125 0.603516 0.080078 0.605469 0.080078 0.607422 0.082031 0.609375 0.082031 0.615234 0.083984 0.617188 0.083984 0.621094 0.085938 0.623047 0.085938 0.630859 0.083984 0.632812 0.080078 0.632812 0.078125 0.634766 0.052734 0.634766 0.050781 0.636719 0.021484 0.636719 0.019531 0.638672 0.017578 0.638672 0.015625 0.640625 0.009766 0.640625 0.001953 0.648438 0.001953 0.652344 0.000000 0.654297 0.000000 0.716797 0.005859 0.716797 0.009766 0.712891 0.015625 0.712891 0.017578 0.710938 0.021484 0.710938 0.025391 0.707031 0.027344 0.707031 0.029297 0.705078 0.042969 0.705078 0.044922 0.703125 0.068359 0.703125 0.072266 0.699219 0.076172 0.699219 0.078125 0.697266 0.080078 0.697266 0.082031 0.695312 0.083984 0.695312 0.087891 0.691406 0.087891 0.689453 0.089844 0.687500 0.091797 0.687500 0.093750 0.685547 0.095703 0.685547 0.097656 0.687500 0.103516 0.687500 0.105469 0.689453 0.109375 0.689453 0.111328 0.691406 0.134766 0.691406 0.136719 0.689453 0.138672 0.689453 0.142578 0.685547 0.144531 0.687500 0.154297 0.687500 0.160156 0.693359 0.160156 0.701172 0.156250 0.705078 0.156250 0.712891 0.160156 0.716797 0.167969 0.716797 0.171875 0.712891 0.171875 0.707031 0.173828 0.705078 0.179688 0.705078 0.183594 0.708984 0.183594 0.710938 0.187500 0.714844 0.195312 0.714844 0.199219 0.710938 0.199219 0.703125 0.197266 0.701172 0.197266 0.699219 0.195312 0.697266 0.195312 0.695312 0.189453 0.689453 0.189453 0.677734 0.191406 0.675781 0.191406 0.664062 0.193359 0.662109 0.197266 0.662109 0.201172 0.658203 0.208984 0.658203 0.212891 0.654297 0.216797 0.654297 0.218750 0.652344 0.220703 0.652344 0.226562 0.646484 0.226562 0.644531 0.230469 0.640625 0.244141 0.640625 0.251953 0.632812 0.251953 0.630859 0.253906 0.628906 0.253906 0.621094 0.250000 0.617188 0.238281 0.617188 0.232422 0.623047 0.230469 0.623047 0.226562 0.626953 0.208984 0.626953 0.203125 0.632812 0.201172 0.632812 0.199219 0.634766 0.197266 0.634766 0.193359 0.638672 0.191406 0.638672 0.187500 0.642578 0.179688 0.642578 0.175781 0.646484 0.173828 0.646484 0.171875 0.644531 0.171875 0.642578 0.167969 0.638672 0.160156 0.638672 0.156250 0.642578 0.156250 0.646484 0.154297 0.648438 0.152344 0.648438 0.150391 0.650391 0.148438 0.650391 0.146484 0.648438 0.152344 0.642578 0.152344 0.640625 0.164062 0.628906 0.164062 0.621094 0.160156 0.617188 0.148438 0.617188 0.142578 0.623047 0.136719 0.623047 0.130859 0.617188 0.130859 0.607422 0.128906 0.605469 0.128906 0.603516 0.125000 0.599609 0.125000 0.595703 0.123047 0.593750 0.123047 0.591797 0.121094 0.589844 0.121094 0.587891 0.119141 0.585938 0.119141 0.578125 0.117188 0.576172 0.117188 0.572266 0.113281 0.568359 0.117188 0.564453 0.119141 0.564453 0.121094 0.562500 0.126953 0.562500 0.128906 0.560547 0.132812 0.560547 0.136719 0.556641 0.150391 0.556641 0.154297 0.552734 0.162109 0.552734 0.164062 0.550781 0.169922 0.550781 0.173828 0.554688 0.175781 0.554688 0.177734 0.552734 0.179688 0.552734 0.181641 0.550781 0.185547 0.550781 0.187500 0.548828 0.191406 0.548828 0.193359 0.546875 0.197266 0.546875 0.199219 0.544922 0.205078 0.544922 0.207031 0.542969 0.216797 0.542969 0.220703 0.539062 0.244141 0.539062 0.246094 0.537109 0.250000 0.537109 0.251953 0.535156 0.263672 0.535156 0.265625 0.533203 0.269531 0.533203 0.271484 0.531250 0.277344 0.531250 0.279297 0.529297 0.283203 0.529297 0.285156 0.527344 0.287109 0.527344 0.289062 0.525391 0.292969 0.525391 0.294922 0.523438 0.296875 0.523438 0.298828 0.521484 0.308594 0.521484 0.312500 0.517578 0.314453 0.517578 0.318359 0.513672 0.318359 0.511719 0.322266 0.507812 0.332031 0.507812 0.335938 0.503906 0.335938 0.494141 0.332031 0.490234 0.324219 0.490234 0.318359 0.484375 0.283203 0.484375 0.277344 0.490234 0.273438 0.490234 0.267578 0.484375 0.259766 0.484375 0.255859 0.488281 0.246094 0.488281 0.242188 0.492188 0.240234 0.492188 0.238281 0.494141 0.234375 0.494141 0.232422 0.496094 0.228516 0.496094 0.224609 0.492188 0.214844 0.492188 0.210938 0.496094 0.210938 0.500000 0.205078 0.505859 0.201172 0.505859 0.197266 0.501953 0.189453 0.501953 0.185547 0.505859 0.177734 0.505859 0.173828 0.509766 0.173828 0.515625 0.171875 0.517578 0.166016 0.517578 0.160156 0.511719 0.152344 0.511719 0.148438 0.515625 0.148438 0.519531 0.144531 0.523438 0.142578 0.523438 0.138672 0.527344 0.134766 0.527344 0.130859 0.531250 0.121094 0.531250 0.119141 0.529297 0.107422 0.529297 0.105469 0.531250 0.103516 0.531250 0.101562 0.533203 0.099609 0.533203 0.097656 0.531250 0.097656 0.527344 0.095703 0.525391 0.095703 0.523438 0.091797 0.519531 0.087891 0.519531 0.083984 0.515625 0.085938 0.513672 0.085938 0.505859 0.083984 0.503906 0.083984 0.492188 0.080078 0.488281 0.080078 0.480469 0.076172 0.476562
0 0.501953 0.429688 0.498047 0.433594 0.496094 0.433594 0.486328 0.443359 0.486328 0.447266 0.484375 0.449219 0.484375 0.451172 0.482422 0.453125 0.482422 0.466797 0.486328 0.470703 0.488281 0.470703 0.490234 0.472656 0.492188 0.472656 0.498047 0.478516 0.503906 0.478516 0.505859 0.480469 0.515625 0.480469 0.521484 0.474609 0.521484 0.466797 0.523438 0.464844 0.523438 0.462891 0.527344 0.458984 0.527344 0.445312 0.525391 0.443359 0.525391 0.439453 0.521484 0.435547 0.519531 0.435547 0.513672 0.429688
0 0.646484 0.404297 0.644531 0.406250 0.642578 0.406250 0.640625 0.408203 0.638672 0.408203 0.634766 0.412109 0.634766 0.419922 0.636719 0.421875 0.636719 0.423828 0.630859 0.429688 0.628906 0.429688 0.626953 0.427734 0.626953 0.416016 0.621094 0.410156 0.619141 0.410156 0.615234 0.406250 0.607422 0.406250 0.601562 0.412109 0.597656 0.412109 0.591797 0.417969 0.589844 0.417969 0.587891 0.419922 0.585938 0.419922 0.583984 0.421875 0.582031 0.421875 0.580078 0.423828 0.576172 0.423828 0.574219 0.421875 0.578125 0.417969 0.578125 0.410156 0.574219 0.406250 0.560547 0.406250 0.558594 0.408203 0.548828 0.408203 0.544922 0.412109 0.544922 0.423828 0.546875 0.425781 0.546875 0.427734 0.548828 0.429688 0.548828 0.431641 0.552734 0.435547 0.558594 0.435547 0.560547 0.437500 0.564453 0.437500 0.566406 0.439453 0.566406 0.447266 0.572266 0.453125 0.574219 0.453125 0.576172 0.455078 0.601562 0.455078 0.603516 0.453125 0.611328 0.453125 0.613281 0.451172 0.621094 0.451172 0.623047 0.449219 0.632812 0.449219 0.636719 0.445312 0.638672 0.445312 0.642578 0.441406 0.644531 0.441406 0.660156 0.425781 0.660156 0.408203 0.656250 0.404297
0 0.728516 0.359375 0.712891 0.375000 0.712891 0.402344 0.705078 0.410156 0.705078 0.443359 0.708984 0.447266 0.716797 0.447266 0.720703 0.443359 0.720703 0.441406 0.722656 0.439453 0.724609 0.441406 0.726562 0.441406 0.730469 0.445312 0.730469 0.457031 0.732422 0.458984 0.730469 0.460938 0.728516 0.460938 0.724609 0.464844 0.724609 0.474609 0.728516 0.478516 0.736328 0.478516 0.751953 0.462891 0.751953 0.458984 0.757812 0.453125 0.757812 0.449219 0.763672 0.443359 0.763672 0.441406 0.769531 0.435547 0.769531 0.423828 0.765625 0.419922 0.757812 0.419922 0.751953 0.414062 0.740234 0.414062 0.732422 0.421875 0.732422 0.423828 0.730469 0.425781 0.724609 0.425781 0.722656 0.427734 0.720703 0.425781 0.720703 0.421875 0.726562 0.416016 0.726562 0.412109 0.728516 0.410156 0.730469 0.410156 0.734375 0.406250 0.734375 0.398438 0.732422 0.396484 0.732422 0.394531 0.728516 0.390625 0.728516 0.384766 0.740234 0.373047 0.740234 0.363281 0.736328 0.359375
0 0.179688 0.347656 0.175781 0.351562 0.175781 0.359375 0.179688 0.363281 0.191406 0.363281 0.195312 0.367188 0.193359 0.369141 0.193359 0.388672 0.195312 0.390625 0.195312 0.392578 0.197266 0.394531 0.197266 0.417969 0.201172 0.421875 0.201172 0.439453 0.205078 0.443359 0.205078 0.445312 0.207031 0.447266 0.207031 0.449219 0.208984 0.451172 0.208984 0.458984 0.210938 0.460938 0.210938 0.470703 0.214844 0.474609 0.222656 0.474609 0.226562 0.470703 0.226562 0.451172 0.224609 0.449219 0.224609 0.443359 0.222656 0.441406 0.222656 0.437500 0.220703 0.435547 0.220703 0.433594 0.216797 0.429688 0.216797 0.414062 0.214844 0.412109 0.214844 0.410156 0.212891 0.408203 0.212891 0.400391 0.210938 0.398438 0.210938 0.392578 0.208984 0.390625 0.208984 0.386719 0.210938 0.384766 0.210938 0.365234 0.208984 0.363281 0.208984 0.361328 0.207031 0.359375 0.207031 0.357422 0.203125 0.353516 0.203125 0.349609 0.201172 0.349609 0.199219 0.347656
0 0.378906 0.345703 0.375000 0.349609 0.375000 0.359375 0.382812 0.367188 0.382812 0.373047 0.380859 0.375000 0.380859 0.384766 0.384766 0.388672 0.392578 0.388672 0.394531 0.386719 0.398438 0.386719 0.406250 0.378906 0.406250 0.355469 0.402344 0.351562 0.400391 0.351562 0.394531 0.345703
0 0.669922 0.324219 0.667969 0.326172 0.666016 0.326172 0.664062 0.328125 0.650391 0.328125 0.646484 0.332031 0.642578 0.332031 0.640625 0.333984 0.626953 0.333984 0.625000 0.335938 0.617188 0.335938 0.615234 0.337891 0.613281 0.337891 0.609375 0.341797 0.607422 0.341797 0.605469 0.343750 0.597656 0.343750 0.593750 0.347656 0.593750 0.355469 0.597656 0.359375 0.611328 0.359375 0.613281 0.357422 0.615234 0.359375 0.642578 0.359375 0.650391 0.351562 0.664062 0.351562 0.667969 0.347656 0.681641 0.347656 0.685547 0.343750 0.685547 0.330078 0.679688 0.324219
0 0.287109 0.296875 0.283203 0.300781 0.283203 0.304688 0.281250 0.306641 0.281250 0.318359 0.285156 0.322266 0.287109 0.322266 0.289062 0.324219 0.285156 0.328125 0.285156 0.335938 0.289062 0.339844 0.294922 0.339844 0.304688 0.349609 0.302734 0.351562 0.300781 0.351562 0.298828 0.353516 0.291016 0.353516 0.289062 0.355469 0.289062 0.361328 0.285156 0.365234 0.285156 0.369141 0.287109 0.371094 0.291016 0.371094 0.296875 0.376953 0.296875 0.378906 0.298828 0.378906 0.300781 0.380859 0.306641 0.380859 0.308594 0.382812 0.304688 0.386719 0.304688 0.394531 0.310547 0.400391 0.310547 0.402344 0.314453 0.406250 0.314453 0.408203 0.312500 0.410156 0.312500 0.423828 0.314453 0.425781 0.314453 0.433594 0.316406 0.435547 0.316406 0.437500 0.318359 0.439453 0.318359 0.441406 0.320312 0.443359 0.320312 0.464844 0.324219 0.468750 0.339844 0.468750 0.341797 0.466797 0.343750 0.466797 0.345703 0.464844 0.347656 0.464844 0.349609 0.462891 0.351562 0.462891 0.353516 0.460938 0.355469 0.460938 0.359375 0.457031 0.359375 0.455078 0.361328 0.453125 0.361328 0.447266 0.365234 0.443359 0.365234 0.427734 0.363281 0.425781 0.363281 0.421875 0.359375 0.417969 0.349609 0.417969 0.343750 0.423828 0.341797 0.421875 0.339844 0.421875 0.337891 0.419922 0.332031 0.419922 0.330078 0.417969 0.330078 0.410156 0.333984 0.406250 0.337891 0.406250 0.341797 0.402344 0.341797 0.390625 0.335938 0.384766 0.332031 0.384766 0.330078 0.382812 0.332031 0.380859 0.332031 0.371094 0.328125 0.367188 0.316406 0.367188 0.314453 0.365234 0.316406 0.363281 0.318359 0.363281 0.320312 0.361328 0.320312 0.359375 0.318359 0.357422 0.318359 0.351562 0.320312 0.349609 0.320312 0.347656 0.318359 0.345703 0.318359 0.341797 0.312500 0.335938 0.312500 0.332031 0.310547 0.330078 0.308594 0.330078 0.306641 0.328125 0.300781 0.328125 0.296875 0.324219 0.294922 0.324219 0.292969 0.322266 0.296875 0.318359 0.296875 0.312500 0.300781 0.308594 0.300781 0.300781 0.296875 0.296875
0 0.791016 0.292969 0.787109 0.296875 0.783203 0.296875 0.779297 0.300781 0.779297 0.302734 0.777344 0.304688 0.775391 0.304688 0.771484 0.308594 0.771484 0.312500 0.769531 0.314453 0.769531 0.316406 0.765625 0.320312 0.765625 0.322266 0.759766 0.328125 0.759766 0.333984 0.757812 0.335938 0.757812 0.347656 0.753906 0.351562 0.753906 0.353516 0.751953 0.355469 0.751953 0.361328 0.750000 0.363281 0.750000 0.376953 0.753906 0.380859 0.761719 0.380859 0.765625 0.376953 0.765625 0.375000 0.773438 0.367188 0.775391 0.367188 0.777344 0.365234 0.781250 0.365234 0.785156 0.361328 0.789062 0.361328 0.792969 0.357422 0.792969 0.353516 0.794922 0.351562 0.794922 0.347656 0.798828 0.343750 0.798828 0.337891 0.800781 0.335938 0.800781 0.333984 0.802734 0.332031 0.802734 0.330078 0.806641 0.326172 0.806641 0.296875 0.802734 0.292969
0 0.933594 0.251953 0.927734 0.257812 0.927734 0.275391 0.931641 0.279297 0.939453 0.279297 0.943359 0.275391 0.943359 0.267578 0.945312 0.265625 0.945312 0.255859 0.941406 0.251953
0 0.980469 0.232422 0.976562 0.236328 0.976562 0.244141 0.974609 0.246094 0.970703 0.242188 0.962891 0.242188 0.957031 0.248047 0.957031 0.257812 0.955078 0.259766 0.953125 0.259766 0.949219 0.263672 0.949219 0.271484 0.955078 0.277344 0.957031 0.277344 0.958984 0.279297 0.958984 0.283203 0.953125 0.289062 0.949219 0.289062 0.947266 0.291016 0.945312 0.291016 0.941406 0.294922 0.937500 0.291016 0.937500 0.289062 0.933594 0.285156 0.921875 0.285156 0.917969 0.289062 0.917969 0.298828 0.916016 0.300781 0.894531 0.300781 0.886719 0.308594 0.880859 0.308594 0.876953 0.312500 0.876953 0.320312 0.873047 0.324219 0.873047 0.337891 0.876953 0.341797 0.886719 0.341797 0.890625 0.337891 0.890625 0.335938 0.892578 0.333984 0.894531 0.333984 0.896484 0.332031 0.898438 0.332031 0.902344 0.328125 0.902344 0.326172 0.906250 0.322266 0.914062 0.322266 0.916016 0.324219 0.914062 0.326172 0.912109 0.326172 0.906250 0.332031 0.906250 0.333984 0.902344 0.337891 0.900391 0.337891 0.896484 0.341797 0.896484 0.355469 0.890625 0.361328 0.890625 0.371094 0.896484 0.376953 0.896484 0.382812 0.894531 0.384766 0.878906 0.384766 0.875000 0.388672 0.875000 0.400391 0.873047 0.402344 0.859375 0.402344 0.857422 0.400391 0.857422 0.394531 0.859375 0.392578 0.867188 0.392578 0.871094 0.388672 0.871094 0.375000 0.867188 0.371094 0.859375 0.371094 0.855469 0.375000 0.855469 0.388672 0.853516 0.390625 0.849609 0.386719 0.841797 0.386719 0.837891 0.390625 0.837891 0.392578 0.835938 0.394531 0.835938 0.396484 0.832031 0.400391 0.820312 0.400391 0.812500 0.408203 0.812500 0.416016 0.816406 0.419922 0.818359 0.419922 0.820312 0.421875 0.833984 0.421875 0.835938 0.419922 0.843750 0.419922 0.847656 0.416016 0.847656 0.414062 0.849609 0.412109 0.849609 0.408203 0.851562 0.406250 0.853516 0.406250 0.855469 0.408203 0.855469 0.414062 0.859375 0.417969 0.857422 0.419922 0.855469 0.419922 0.853516 0.421875 0.851562 0.421875 0.839844 0.433594 0.839844 0.439453 0.837891 0.441406 0.835938 0.439453 0.828125 0.439453 0.822266 0.445312 0.822266 0.447266 0.814453 0.455078 0.814453 0.464844 0.818359 0.468750 0.828125 0.468750 0.830078 0.466797 0.833984 0.466797 0.835938 0.468750 0.839844 0.468750 0.841797 0.470703 0.843750 0.470703 0.845703 0.472656 0.847656 0.472656 0.849609 0.474609 0.847656 0.476562 0.843750 0.476562 0.841797 0.478516 0.839844 0.478516 0.837891 0.480469 0.835938 0.480469 0.833984 0.482422 0.832031 0.482422 0.830078 0.484375 0.828125 0.484375 0.826172 0.486328 0.824219 0.486328 0.822266 0.488281 0.820312 0.488281 0.816406 0.492188 0.814453 0.490234 0.802734 0.490234 0.800781 0.492188 0.798828 0.492188 0.796875 0.490234 0.794922 0.490234 0.792969 0.488281 0.781250 0.488281 0.777344 0.492188 0.775391 0.492188 0.769531 0.498047 0.769531 0.509766 0.771484 0.511719 0.771484 0.525391 0.777344 0.531250 0.791016 0.531250 0.792969 0.533203 0.792969 0.535156 0.791016 0.537109 0.791016 0.539062 0.789062 0.541016 0.789062 0.542969 0.787109 0.544922 0.787109 0.552734 0.791016 0.556641 0.794922 0.556641 0.796875 0.558594 0.792969 0.562500 0.792969 0.568359 0.789062 0.572266 0.789062 0.574219 0.791016 0.574219 0.794922 0.578125 0.796875 0.578125 0.798828 0.580078 0.800781 0.580078 0.802734 0.582031 0.804688 0.580078 0.808594 0.580078 0.810547 0.578125 0.820312 0.578125 0.822266 0.576172 0.824219 0.576172 0.826172 0.574219 0.830078 0.574219 0.841797 0.562500 0.847656 0.562500 0.857422 0.552734 0.857422 0.550781 0.859375 0.548828 0.859375 0.546875 0.861328 0.544922 0.865234 0.544922 0.869141 0.541016 0.875000 0.541016 0.875000 0.539062 0.880859 0.533203 0.882812 0.533203 0.888672 0.527344 0.896484 0.527344 0.906250 0.517578 0.908203 0.517578 0.910156 0.515625 0.912109 0.515625 0.919922 0.507812 0.921875 0.507812 0.923828 0.505859 0.929688 0.505859 0.935547 0.500000 0.939453 0.500000 0.947266 0.492188 0.951172 0.492188 0.953125 0.490234 0.957031 0.490234 0.958984 0.488281 0.960938 0.488281 0.966797 0.482422 0.968750 0.482422 0.976562 0.474609 0.978516 0.474609 0.980469 0.472656 0.982422 0.472656 0.982422 0.470703 0.988281 0.464844 0.992188 0.464844 0.996094 0.460938 0.998047 0.460938 0.998047 0.449219 0.996094 0.447266 0.988281 0.447266 0.982422 0.453125 0.980469 0.451172 0.972656 0.451172 0.966797 0.457031 0.964844 0.457031 0.962891 0.458984 0.960938 0.457031 0.960938 0.453125 0.964844 0.449219 0.968750 0.449219 0.970703 0.447266 0.972656 0.447266 0.978516 0.441406 0.978516 0.437500 0.980469 0.435547 0.990234 0.435547 0.992188 0.437500 0.998047 0.437500 0.998047 0.306641 0.996094 0.304688 0.996094 0.302734 0.992188 0.298828 0.990234 0.298828 0.988281 0.296875 0.992188 0.292969 0.992188 0.285156 0.994141 0.283203 0.996094 0.283203 0.998047 0.281250 0.998047 0.242188 0.988281 0.232422
0 0.787109 0.224609 0.783203 0.228516 0.783203 0.236328 0.789062 0.242188 0.789062 0.250000 0.792969 0.253906 0.802734 0.253906 0.804688 0.255859 0.802734 0.257812 0.802734 0.267578 0.806641 0.271484 0.814453 0.271484 0.816406 0.273438 0.824219 0.273438 0.828125 0.269531 0.828125 0.261719 0.830078 0.259766 0.830078 0.251953 0.828125 0.250000 0.828125 0.244141 0.824219 0.240234 0.816406 0.240234 0.814453 0.238281 0.814453 0.232422 0.810547 0.228516 0.802734 0.228516 0.800781 0.230469 0.794922 0.224609
0 0.994141 0.205078 0.990234 0.208984 0.990234 0.210938 0.988281 0.212891 0.988281 0.224609 0.992188 0.228516 0.998047 0.228516 0.998047 0.205078
0 0.144531 0.201172 0.140625 0.205078 0.140625 0.212891 0.144531 0.216797 0.144531 0.222656 0.142578 0.224609 0.142578 0.232422 0.146484 0.236328 0.150391 0.236328 0.152344 0.238281 0.152344 0.246094 0.150391 0.248047 0.150391 0.250000 0.148438 0.251953 0.148438 0.259766 0.152344 0.263672 0.158203 0.263672 0.160156 0.265625 0.160156 0.273438 0.158203 0.275391 0.158203 0.283203 0.162109 0.287109 0.166016 0.287109 0.167969 0.289062 0.166016 0.291016 0.166016 0.314453 0.169922 0.318359 0.173828 0.318359 0.175781 0.320312 0.175781 0.324219 0.179688 0.328125 0.187500 0.328125 0.191406 0.324219 0.191406 0.314453 0.187500 0.310547 0.183594 0.310547 0.181641 0.308594 0.181641 0.291016 0.177734 0.287109 0.175781 0.287109 0.173828 0.285156 0.175781 0.283203 0.175781 0.259766 0.179688 0.255859 0.179688 0.250000 0.181641 0.248047 0.179688 0.246094 0.179688 0.232422 0.173828 0.232422 0.171875 0.230469 0.171875 0.224609 0.166016 0.218750 0.166016 0.210938 0.160156 0.205078 0.158203 0.205078 0.154297 0.201172
0 0.822266 0.179688 0.818359 0.183594 0.818359 0.191406 0.822266 0.195312 0.824219 0.195312 0.828125 0.199219 0.818359 0.208984 0.818359 0.216797 0.822266 0.220703 0.832031 0.220703 0.837891 0.214844 0.839844 0.214844 0.845703 0.208984 0.845703 0.195312 0.841797 0.191406 0.841797 0.187500 0.835938 0.181641 0.833984 0.181641 0.832031 0.179688
0 0.794922 0.166016 0.783203 0.177734 0.783203 0.187500 0.787109 0.191406 0.794922 0.191406 0.796875 0.189453 0.798828 0.189453 0.802734 0.185547 0.802734 0.183594 0.804688 0.181641 0.804688 0.179688 0.806641 0.177734 0.806641 0.169922 0.802734 0.166016
0 0.673828 0.164062 0.667969 0.169922 0.666016 0.169922 0.664062 0.171875 0.662109 0.171875 0.660156 0.173828 0.656250 0.173828 0.654297 0.171875 0.638672 0.171875 0.634766 0.175781 0.634766 0.187500 0.638672 0.191406 0.642578 0.191406 0.644531 0.193359 0.667969 0.193359 0.675781 0.185547 0.677734 0.185547 0.681641 0.181641 0.683594 0.181641 0.685547 0.179688 0.687500 0.179688 0.691406 0.175781 0.691406 0.167969 0.687500 0.164062
0 0.873047 0.138672 0.867188 0.144531 0.863281 0.144531 0.859375 0.148438 0.859375 0.158203 0.863281 0.162109 0.875000 0.162109 0.882812 0.154297 0.882812 0.152344 0.884766 0.150391 0.884766 0.142578 0.880859 0.138672
0 0.910156 0.130859 0.906250 0.134766 0.906250 0.142578 0.910156 0.146484 0.917969 0.146484 0.921875 0.142578 0.921875 0.134766 0.917969 0.130859
0 0.740234 0.130859 0.738281 0.132812 0.728516 0.132812 0.726562 0.134766 0.724609 0.134766 0.712891 0.146484 0.712891 0.148438 0.710938 0.150391 0.710938 0.158203 0.707031 0.162109 0.703125 0.162109 0.699219 0.166016 0.699219 0.173828 0.703125 0.177734 0.703125 0.179688 0.707031 0.183594 0.707031 0.191406 0.710938 0.195312 0.712891 0.195312 0.714844 0.197266 0.712891 0.199219 0.707031 0.199219 0.703125 0.203125 0.697266 0.203125 0.695312 0.205078 0.693359 0.205078 0.687500 0.210938 0.687500 0.212891 0.685547 0.214844 0.685547 0.226562 0.689453 0.230469 0.691406 0.230469 0.693359 0.232422 0.705078 0.232422 0.707031 0.234375 0.705078 0.236328 0.701172 0.236328 0.695312 0.242188 0.695312 0.244141 0.689453 0.250000 0.689453 0.259766 0.693359 0.263672 0.697266 0.263672 0.699219 0.265625 0.724609 0.265625 0.734375 0.255859 0.734375 0.246094 0.740234 0.240234 0.740234 0.238281 0.742188 0.236328 0.746094 0.236328 0.748047 0.238281 0.748047 0.244141 0.744141 0.248047 0.744141 0.271484 0.748047 0.275391 0.757812 0.275391 0.763672 0.269531 0.763672 0.263672 0.765625 0.261719 0.765625 0.257812 0.767578 0.255859 0.767578 0.236328 0.763672 0.232422 0.763672 0.230469 0.761719 0.228516 0.761719 0.226562 0.757812 0.222656 0.757812 0.214844 0.753906 0.210938 0.746094 0.210938 0.744141 0.212891 0.742188 0.210938 0.742188 0.207031 0.738281 0.203125 0.736328 0.203125 0.734375 0.201172 0.736328 0.199219 0.744141 0.199219 0.748047 0.195312 0.748047 0.191406 0.751953 0.187500 0.751953 0.183594 0.755859 0.179688 0.755859 0.177734 0.759766 0.173828 0.759766 0.162109 0.763672 0.158203 0.763672 0.150391 0.765625 0.148438 0.771484 0.148438 0.777344 0.154297 0.792969 0.154297 0.794922 0.152344 0.796875 0.152344 0.804688 0.144531 0.804688 0.136719 0.800781 0.132812 0.792969 0.132812 0.791016 0.134766 0.787109 0.134766 0.785156 0.132812 0.759766 0.132812 0.757812 0.134766 0.751953 0.134766 0.748047 0.130859
0 0.000000 0.130859 0.000000 0.187500 0.007812 0.187500 0.011719 0.191406 0.011719 0.193359 0.015625 0.197266 0.017578 0.197266 0.021484 0.201172 0.023438 0.201172 0.025391 0.203125 0.025391 0.205078 0.029297 0.208984 0.039062 0.208984 0.041016 0.207031 0.044922 0.207031 0.046875 0.205078 0.060547 0.205078 0.064453 0.201172 0.076172 0.201172 0.078125 0.199219 0.080078 0.199219 0.082031 0.197266 0.083984 0.197266 0.095703 0.185547 0.111328 0.185547 0.113281 0.183594 0.115234 0.183594 0.119141 0.179688 0.119141 0.175781 0.123047 0.171875 0.123047 0.160156 0.119141 0.156250 0.115234 0.156250 0.111328 0.152344 0.097656 0.152344 0.093750 0.156250 0.085938 0.156250 0.082031 0.160156 0.078125 0.160156 0.074219 0.156250 0.056641 0.156250 0.052734 0.152344 0.050781 0.152344 0.048828 0.150391 0.033203 0.150391 0.031250 0.148438 0.035156 0.144531 0.035156 0.136719 0.031250 0.132812 0.029297 0.132812 0.027344 0.130859
0 0.925781 0.103516 0.921875 0.107422 0.921875 0.115234 0.925781 0.119141 0.929688 0.119141 0.931641 0.121094 0.931641 0.126953 0.935547 0.130859 0.943359 0.130859 0.947266 0.126953 0.947266 0.119141 0.943359 0.115234 0.939453 0.115234 0.937500 0.113281 0.937500 0.107422 0.933594 0.103516
0 0.863281 0.087891 0.855469 0.095703 0.855469 0.097656 0.853516 0.099609 0.853516 0.111328 0.851562 0.113281 0.851562 0.117188 0.847656 0.121094 0.847656 0.128906 0.851562 0.132812 0.863281 0.132812 0.865234 0.130859 0.867188 0.130859 0.869141 0.128906 0.871094 0.130859 0.878906 0.130859 0.880859 0.128906 0.888672 0.128906 0.892578 0.125000 0.896484 0.125000 0.902344 0.119141 0.902344 0.109375 0.898438 0.105469 0.896484 0.105469 0.894531 0.103516 0.894531 0.101562 0.888672 0.095703 0.876953 0.095703 0.875000 0.093750 0.875000 0.091797 0.871094 0.087891
0 0.033203 0.076172 0.029297 0.080078 0.029297 0.087891 0.033203 0.091797 0.042969 0.091797 0.046875 0.087891 0.046875 0.080078 0.042969 0.076172
0 0.910156 0.042969 0.906250 0.046875 0.904297 0.046875 0.900391 0.050781 0.900391 0.070312 0.898438 0.072266 0.898438 0.080078 0.902344 0.083984 0.908203 0.083984 0.912109 0.087891 0.919922 0.087891 0.927734 0.080078 0.929688 0.080078 0.939453 0.070312 0.939453 0.054688 0.937500 0.052734 0.937500 0.050781 0.933594 0.046875 0.931641 0.046875 0.927734 0.042969
0 0.869141 0.039062 0.865234 0.042969 0.865234 0.046875 0.859375 0.052734 0.859375 0.060547 0.863281 0.064453 0.869141 0.064453 0.873047 0.068359 0.880859 0.068359 0.884766 0.064453 0.884766 0.054688 0.880859 0.050781 0.880859 0.042969 0.876953 0.039062
0 0.812500 0.027344 0.808594 0.031250 0.804688 0.031250 0.800781 0.035156 0.800781 0.037109 0.794922 0.042969 0.794922 0.044922 0.792969 0.046875 0.792969 0.054688 0.791016 0.056641 0.789062 0.056641 0.785156 0.060547 0.783203 0.060547 0.777344 0.066406 0.777344 0.074219 0.779297 0.076172 0.779297 0.085938 0.783203 0.089844 0.800781 0.089844 0.802734 0.087891 0.804688 0.087891 0.808594 0.083984 0.814453 0.083984 0.816406 0.082031 0.822266 0.082031 0.824219 0.080078 0.826172 0.080078 0.828125 0.078125 0.832031 0.078125 0.833984 0.080078 0.841797 0.080078 0.845703 0.076172 0.845703 0.060547 0.849609 0.056641 0.849609 0.052734 0.851562 0.050781 0.851562 0.041016 0.847656 0.037109 0.839844 0.037109 0.833984 0.042969 0.833984 0.046875 0.830078 0.050781 0.830078 0.054688 0.826172 0.058594 0.824219 0.056641 0.824219 0.046875 0.822266 0.044922 0.824219 0.042969 0.826172 0.042969 0.830078 0.039062 0.830078 0.031250 0.826172 0.027344
0 0.150391 0.000000 0.150391 0.001953 0.148438 0.003906 0.148438 0.005859 0.146484 0.007812 0.146484 0.011719 0.144531 0.013672 0.144531 0.019531 0.142578 0.021484 0.142578 0.037109 0.144531 0.039062 0.144531 0.041016 0.146484 0.042969 0.146484 0.044922 0.148438 0.046875 0.150391 0.046875 0.158203 0.054688 0.158203 0.056641 0.156250 0.058594 0.154297 0.058594 0.148438 0.052734 0.132812 0.052734 0.126953 0.058594 0.126953 0.060547 0.125000 0.062500 0.123047 0.060547 0.113281 0.060547 0.109375 0.064453 0.109375 0.072266 0.111328 0.074219 0.111328 0.076172 0.109375 0.078125 0.107422 0.078125 0.105469 0.076172 0.105469 0.074219 0.099609 0.068359 0.095703 0.068359 0.093750 0.066406 0.085938 0.066406 0.082031 0.070312 0.082031 0.076172 0.080078 0.078125 0.070312 0.078125 0.064453 0.083984 0.060547 0.083984 0.056641 0.087891 0.054688 0.087891 0.048828 0.093750 0.048828 0.101562 0.052734 0.105469 0.052734 0.111328 0.056641 0.115234 0.080078 0.115234 0.083984 0.111328 0.111328 0.111328 0.113281 0.113281 0.121094 0.113281 0.123047 0.111328 0.125000 0.111328 0.128906 0.107422 0.132812 0.107422 0.134766 0.105469 0.136719 0.105469 0.138672 0.103516 0.140625 0.103516 0.140625 0.099609 0.148438 0.091797 0.150391 0.091797 0.152344 0.089844 0.154297 0.089844 0.154297 0.087891 0.156250 0.085938 0.158203 0.087891 0.160156 0.087891 0.162109 0.089844 0.164062 0.089844 0.166016 0.091797 0.177734 0.091797 0.179688 0.089844 0.181641 0.089844 0.183594 0.087891 0.185547 0.087891 0.189453 0.083984 0.191406 0.083984 0.193359 0.082031 0.193359 0.080078 0.197266 0.076172 0.199219 0.076172 0.201172 0.074219 0.203125 0.074219 0.207031 0.070312 0.208984 0.072266 0.208984 0.082031 0.210938 0.083984 0.210938 0.085938 0.212891 0.087891 0.212891 0.089844 0.210938 0.091797 0.197266 0.091797 0.195312 0.093750 0.193359 0.093750 0.189453 0.097656 0.189453 0.107422 0.185547 0.111328 0.185547 0.113281 0.179688 0.119141 0.169922 0.119141 0.166016 0.123047 0.166016 0.130859 0.169922 0.134766 0.179688 0.134766 0.185547 0.140625 0.189453 0.140625 0.191406 0.142578 0.187500 0.146484 0.183594 0.146484 0.181641 0.148438 0.167969 0.148438 0.166016 0.150391 0.162109 0.150391 0.160156 0.152344 0.158203 0.152344 0.156250 0.154297 0.152344 0.154297 0.146484 0.160156 0.134766 0.160156 0.130859 0.164062 0.130859 0.166016 0.126953 0.169922 0.126953 0.177734 0.130859 0.181641 0.142578 0.181641 0.144531 0.179688 0.146484 0.179688 0.148438 0.177734 0.152344 0.181641 0.169922 0.181641 0.171875 0.179688 0.183594 0.179688 0.187500 0.175781 0.191406 0.175781 0.193359 0.173828 0.197266 0.173828 0.199219 0.171875 0.201172 0.171875 0.203125 0.169922 0.207031 0.169922 0.208984 0.167969 0.210938 0.167969 0.214844 0.171875 0.224609 0.171875 0.228516 0.167969 0.228516 0.166016 0.230469 0.164062 0.230469 0.150391 0.232422 0.148438 0.263672 0.148438 0.267578 0.144531 0.267578 0.134766 0.269531 0.132812 0.271484 0.134766 0.271484 0.136719 0.273438 0.138672 0.275391 0.138672 0.277344 0.140625 0.279297 0.140625 0.281250 0.142578 0.292969 0.142578 0.294922 0.140625 0.296875 0.140625 0.298828 0.138672 0.300781 0.138672 0.302734 0.136719 0.304688 0.138672 0.304688 0.140625 0.298828 0.146484 0.291016 0.146484 0.287109 0.150391 0.283203 0.150391 0.281250 0.152344 0.279297 0.152344 0.277344 0.150391 0.267578 0.150391 0.263672 0.154297 0.261719 0.154297 0.259766 0.156250 0.255859 0.156250 0.248047 0.164062 0.246094 0.164062 0.240234 0.169922 0.240234 0.177734 0.242188 0.179688 0.242188 0.187500 0.246094 0.191406 0.251953 0.191406 0.253906 0.193359 0.253906 0.197266 0.251953 0.199219 0.250000 0.199219 0.246094 0.203125 0.246094 0.210938 0.250000 0.214844 0.259766 0.214844 0.261719 0.216797 0.261719 0.218750 0.259766 0.220703 0.250000 0.220703 0.246094 0.224609 0.246094 0.234375 0.250000 0.238281 0.261719 0.238281 0.263672 0.240234 0.263672 0.253906 0.269531 0.259766 0.283203 0.259766 0.285156 0.257812 0.287109 0.259766 0.287109 0.267578 0.291016 0.271484 0.298828 0.271484 0.302734 0.267578 0.302734 0.265625 0.310547 0.257812 0.310547 0.253906 0.316406 0.248047 0.316406 0.244141 0.318359 0.242188 0.318359 0.234375 0.320312 0.232422 0.322266 0.232422 0.324219 0.230469 0.328125 0.230469 0.330078 0.228516 0.333984 0.228516 0.337891 0.224609 0.337891 0.222656 0.341797 0.218750 0.343750 0.218750 0.347656 0.214844 0.347656 0.212891 0.349609 0.210938 0.349609 0.207031 0.351562 0.205078 0.351562 0.201172 0.353516 0.199219 0.355469 0.199219 0.359375 0.203125 0.361328 0.203125 0.363281 0.205078 0.365234 0.205078 0.375000 0.214844 0.375000 0.234375 0.376953 0.236328 0.376953 0.238281 0.378906 0.240234 0.378906 0.242188 0.380859 0.244141 0.382812 0.244141 0.384766 0.246094 0.386719 0.246094 0.388672 0.248047 0.408203 0.248047 0.410156 0.246094 0.412109 0.246094 0.414062 0.244141 0.416016 0.244141 0.421875 0.238281 0.421875 0.236328 0.423828 0.234375 0.423828 0.232422 0.425781 0.230469 0.437500 0.230469 0.439453 0.232422 0.443359 0.232422 0.445312 0.234375 0.453125 0.234375 0.455078 0.236328 0.462891 0.236328 0.466797 0.240234 0.466797 0.242188 0.468750 0.244141 0.468750 0.246094 0.470703 0.248047 0.472656 0.248047 0.474609 0.250000 0.476562 0.250000 0.478516 0.251953 0.490234 0.251953 0.492188 0.250000 0.494141 0.250000 0.496094 0.248047 0.507812 0.248047 0.511719 0.244141 0.511719 0.226562 0.507812 0.222656 0.507812 0.220703 0.509766 0.218750 0.511719 0.220703 0.531250 0.220703 0.533203 0.222656 0.533203 0.224609 0.535156 0.226562 0.537109 0.226562 0.539062 0.228516 0.537109 0.230469 0.537109 0.232422 0.535156 0.234375 0.535156 0.236328 0.533203 0.238281 0.533203 0.240234 0.531250 0.242188 0.531250 0.244141 0.529297 0.246094 0.523438 0.246094 0.519531 0.250000 0.519531 0.259766 0.531250 0.271484 0.539062 0.271484 0.541016 0.269531 0.542969 0.271484 0.554688 0.271484 0.556641 0.269531 0.558594 0.269531 0.560547 0.267578 0.562500 0.267578 0.564453 0.265625 0.572266 0.273438 0.580078 0.273438 0.582031 0.271484 0.587891 0.271484 0.589844 0.269531 0.595703 0.269531 0.597656 0.267578 0.599609 0.267578 0.601562 0.265625 0.607422 0.265625 0.609375 0.263672 0.611328 0.263672 0.613281 0.265625 0.626953 0.265625 0.630859 0.261719 0.640625 0.261719 0.642578 0.259766 0.646484 0.259766 0.648438 0.261719 0.662109 0.261719 0.667969 0.255859 0.669922 0.255859 0.671875 0.253906 0.675781 0.253906 0.681641 0.248047 0.681641 0.230469 0.677734 0.226562 0.675781 0.226562 0.673828 0.224609 0.673828 0.222656 0.675781 0.220703 0.675781 0.212891 0.671875 0.208984 0.664062 0.208984 0.656250 0.216797 0.654297 0.216797 0.646484 0.224609 0.646484 0.236328 0.644531 0.238281 0.640625 0.234375 0.630859 0.234375 0.626953 0.238281 0.625000 0.238281 0.617188 0.246094 0.599609 0.246094 0.597656 0.244141 0.601562 0.240234 0.601562 0.238281 0.607422 0.232422 0.607422 0.230469 0.609375 0.228516 0.609375 0.216797 0.607422 0.214844 0.607422 0.212891 0.611328 0.208984 0.611328 0.207031 0.613281 0.205078 0.613281 0.203125 0.615234 0.201172 0.615234 0.195312 0.617188 0.193359 0.619141 0.193359 0.621094 0.191406 0.623047 0.191406 0.626953 0.187500 0.626953 0.185547 0.628906 0.183594 0.628906 0.166016 0.625000 0.162109 0.623047 0.162109 0.621094 0.160156 0.623047 0.158203 0.628906 0.158203 0.630859 0.156250 0.636719 0.162109 0.636719 0.164062 0.640625 0.167969 0.648438 0.167969 0.652344 0.164062 0.654297 0.164062 0.656250 0.162109 0.660156 0.162109 0.664062 0.158203 0.667969 0.158203 0.673828 0.152344 0.677734 0.152344 0.679688 0.150391 0.681641 0.150391 0.683594 0.148438 0.685547 0.148438 0.691406 0.142578 0.693359 0.142578 0.697266 0.138672 0.697266 0.136719 0.701172 0.132812 0.703125 0.132812 0.712891 0.123047 0.712891 0.121094 0.724609 0.109375 0.726562 0.109375 0.732422 0.103516 0.742188 0.103516 0.746094 0.099609 0.746094 0.097656 0.750000 0.093750 0.750000 0.087891 0.751953 0.085938 0.751953 0.074219 0.755859 0.070312 0.755859 0.056641 0.751953 0.052734 0.751953 0.035156 0.748047 0.031250 0.748047 0.029297 0.746094 0.027344 0.748047 0.025391 0.753906 0.025391 0.757812 0.021484 0.763672 0.021484 0.767578 0.017578 0.771484 0.017578 0.779297 0.009766 0.781250 0.009766 0.785156 0.005859 0.785156 0.000000 0.734375 0.000000 0.732422 0.001953 0.722656 0.001953 0.720703 0.000000 0.703125 0.000000 0.703125 0.009766 0.707031 0.013672 0.708984 0.013672 0.712891 0.017578 0.714844 0.017578 0.718750 0.021484 0.718750 0.025391 0.734375 0.041016 0.734375 0.042969 0.736328 0.044922 0.736328 0.050781 0.734375 0.052734 0.732422 0.052734 0.730469 0.054688 0.724609 0.054688 0.718750 0.060547 0.718750 0.078125 0.716797 0.080078 0.712891 0.080078 0.708984 0.083984 0.707031 0.083984 0.705078 0.082031 0.697266 0.082031 0.693359 0.085938 0.693359 0.093750 0.697266 0.097656 0.695312 0.099609 0.693359 0.099609 0.691406 0.101562 0.689453 0.101562 0.683594 0.107422 0.675781 0.107422 0.671875 0.111328 0.669922 0.111328 0.666016 0.115234 0.660156 0.109375 0.652344 0.109375 0.646484 0.115234 0.638672 0.115234 0.634766 0.119141 0.630859 0.119141 0.628906 0.117188 0.615234 0.117188 0.613281 0.119141 0.611328 0.119141 0.609375 0.121094 0.599609 0.121094 0.597656 0.123047 0.587891 0.123047 0.585938 0.125000 0.570312 0.125000 0.568359 0.123047 0.566406 0.123047 0.562500 0.119141 0.554688 0.119141 0.552734 0.121094 0.550781 0.121094 0.548828 0.119141 0.542969 0.119141 0.541016 0.117188 0.537109 0.117188 0.535156 0.115234 0.531250 0.115234 0.529297 0.113281 0.523438 0.113281 0.521484 0.111328 0.511719 0.111328 0.509766 0.113281 0.507812 0.111328 0.507812 0.093750 0.505859 0.091797 0.505859 0.089844 0.501953 0.085938 0.490234 0.085938 0.484375 0.091797 0.482422 0.089844 0.482422 0.085938 0.484375 0.083984 0.484375 0.082031 0.486328 0.080078 0.486328 0.068359 0.484375 0.066406 0.484375 0.064453 0.482422 0.062500 0.482422 0.060547 0.480469 0.058594 0.478516 0.058594 0.476562 0.056641 0.474609 0.056641 0.472656 0.054688 0.470703 0.054688 0.468750 0.052734 0.470703 0.050781 0.470703 0.048828 0.472656 0.046875 0.472656 0.044922 0.476562 0.041016 0.480469 0.041016 0.482422 0.042969 0.498047 0.042969 0.501953 0.039062 0.513672 0.039062 0.517578 0.035156 0.517578 0.023438 0.515625 0.021484 0.515625 0.019531 0.513672 0.017578 0.513672 0.013672 0.507812 0.007812 0.507812 0.003906 0.503906 0.000000 0.494141 0.000000 0.490234 0.003906 0.488281 0.003906 0.484375 0.007812 0.484375 0.009766 0.482422 0.011719 0.482422 0.013672 0.476562 0.019531 0.476562 0.021484 0.472656 0.025391 0.470703 0.023438 0.470703 0.021484 0.466797 0.017578 0.464844 0.017578 0.460938 0.013672 0.460938 0.011719 0.457031 0.007812 0.457031 0.005859 0.455078 0.003906 0.455078 0.001953 0.453125 0.000000 0.341797 0.000000 0.339844 0.001953 0.335938 0.001953 0.333984 0.003906 0.332031 0.003906 0.330078 0.005859 0.328125 0.005859 0.326172 0.007812 0.322266 0.007812 0.318359 0.003906 0.318359 0.001953 0.316406 0.000000 0.218750 0.000000 0.216797 0.001953 0.216797 0.005859 0.214844 0.007812 0.214844 0.013672 0.212891 0.015625 0.210938 0.015625 0.208984 0.017578 0.207031 0.017578 0.205078 0.015625 0.205078 0.013672 0.203125 0.011719 0.203125 0.009766 0.199219 0.005859 0.199219 0.003906 0.195312 0.000000
0 0.009766 0.000000 0.000000 0.009766 0.000000 0.050781 0.003906 0.054688 0.003906 0.058594 0.007812 0.062500 0.017578 0.062500 0.021484 0.058594 0.025391 0.062500 0.027344 0.062500 0.031250 0.066406 0.033203 0.066406 0.037109 0.070312 0.044922 0.070312 0.048828 0.066406 0.048828 0.054688 0.044922 0.050781 0.042969 0.050781 0.039062 0.046875 0.035156 0.046875 0.033203 0.044922 0.037109 0.041016 0.037109 0.025391 0.041016 0.021484 0.041016 0.019531 0.042969 0.017578 0.046875 0.017578 0.060547 0.003906 0.060547 0.000000