0 0.296875 0.982422 0.292969 0.986328 0.292969 0.994141 0.296875 0.998047 0.304688 0.998047 0.308594 0.994141 0.308594 0.986328 0.304688 0.982422
0 0.203125 0.982422 0.199219 0.986328 0.199219 0.994141 0.203125 0.998047 0.220703 0.998047 0.220703 0.990234 0.212891 0.982422
0 0.242188 0.968750 0.238281 0.972656 0.238281 0.980469 0.242188 0.984375 0.244141 0.984375 0.246094 0.986328 0.246094 0.990234 0.244141 0.992188 0.242188 0.990234 0.234375 0.990234 0.230469 0.994141 0.230469 0.998047 0.246094 0.998047 0.246094 0.994141 0.248047 0.992188 0.250000 0.994141 0.257812 0.994141 0.261719 0.998047 0.273438 0.998047 0.275391 0.996094 0.275391 0.994141 0.281250 0.988281 0.281250 0.980469 0.277344 0.976562 0.269531 0.976562 0.265625 0.980469 0.265625 0.982422 0.263672 0.984375 0.257812 0.978516 0.255859 0.978516 0.253906 0.976562 0.253906 0.972656 0.250000 0.968750
0 0.267578 0.955078 0.263672 0.958984 0.263672 0.966797 0.267578 0.970703 0.275391 0.970703 0.279297 0.966797 0.279297 0.958984 0.275391 0.955078
0 0.187500 0.947266 0.177734 0.957031 0.173828 0.957031 0.169922 0.960938 0.169922 0.968750 0.171875 0.970703 0.171875 0.978516 0.173828 0.980469 0.173828 0.982422 0.177734 0.986328 0.187500 0.986328 0.191406 0.982422 0.191406 0.974609 0.189453 0.972656 0.189453 0.970703 0.193359 0.966797 0.201172 0.966797 0.205078 0.962891 0.205078 0.953125 0.199219 0.947266
0 0.994141 0.941406 0.990234 0.945312 0.982422 0.945312 0.978516 0.949219 0.978516 0.960938 0.980469 0.962891 0.980469 0.964844 0.982422 0.966797 0.982422 0.968750 0.984375 0.970703 0.984375 0.972656 0.986328 0.974609 0.986328 0.978516 0.988281 0.980469 0.988281 0.984375 0.992188 0.988281 0.994141 0.988281 0.998047 0.992188 0.998047 0.941406
0 0.048828 0.939453 0.044922 0.943359 0.044922 0.951172 0.048828 0.955078 0.056641 0.955078 0.060547 0.951172 0.060547 0.943359 0.056641 0.939453
0 0.148438 0.935547 0.144531 0.939453 0.144531 0.941406 0.140625 0.945312 0.140625 0.949219 0.134766 0.955078 0.134766 0.962891 0.138672 0.966797 0.138672 0.970703 0.142578 0.974609 0.152344 0.974609 0.154297 0.972656 0.160156 0.972656 0.164062 0.968750 0.164062 0.960938 0.160156 0.957031 0.158203 0.957031 0.156250 0.955078 0.158203 0.953125 0.158203 0.949219 0.160156 0.947266 0.160156 0.939453 0.156250 0.935547
0 0.261719 0.933594 0.257812 0.937500 0.257812 0.945312 0.261719 0.949219 0.269531 0.949219 0.273438 0.945312 0.273438 0.937500 0.269531 0.933594
0 0.093750 0.914062 0.089844 0.917969 0.089844 0.925781 0.091797 0.927734 0.089844 0.929688 0.083984 0.929688 0.080078 0.933594 0.080078 0.941406 0.083984 0.945312 0.091797 0.945312 0.095703 0.941406 0.097656 0.943359 0.097656 0.949219 0.095703 0.951172 0.091797 0.951172 0.085938 0.957031 0.085938 0.960938 0.083984 0.962891 0.083984 0.964844 0.082031 0.966797 0.080078 0.964844 0.078125 0.964844 0.076172 0.962891 0.062500 0.962891 0.058594 0.966797 0.058594 0.974609 0.054688 0.978516 0.054688 0.992188 0.058594 0.996094 0.070312 0.996094 0.076172 0.990234 0.078125 0.990234 0.083984 0.984375 0.083984 0.974609 0.085938 0.972656 0.087891 0.974609 0.095703 0.974609 0.099609 0.970703 0.099609 0.968750 0.103516 0.964844 0.103516 0.955078 0.105469 0.953125 0.109375 0.953125 0.113281 0.949219 0.113281 0.941406 0.109375 0.937500 0.101562 0.937500 0.097656 0.941406 0.095703 0.939453 0.095703 0.933594 0.093750 0.931641 0.095703 0.929688 0.101562 0.929688 0.105469 0.933594 0.113281 0.933594 0.117188 0.929688 0.117188 0.921875 0.113281 0.917969 0.105469 0.917969 0.101562 0.914062
0 0.929688 0.900391 0.923828 0.906250 0.923828 0.914062 0.921875 0.916016 0.921875 0.921875 0.916016 0.927734 0.914062 0.927734 0.904297 0.937500 0.892578 0.937500 0.888672 0.941406 0.888672 0.951172 0.890625 0.953125 0.890625 0.955078 0.888672 0.957031 0.886719 0.957031 0.882812 0.960938 0.882812 0.962891 0.867188 0.978516 0.865234 0.978516 0.863281 0.980469 0.861328 0.980469 0.859375 0.982422 0.855469 0.982422 0.853516 0.984375 0.851562 0.984375 0.845703 0.990234 0.845703 0.998047 0.869141 0.998047 0.873047 0.994141 0.875000 0.994141 0.876953 0.992188 0.880859 0.992188 0.884766 0.988281 0.884766 0.986328 0.886719 0.984375 0.888672 0.984375 0.892578 0.980469 0.892578 0.978516 0.906250 0.964844 0.906250 0.962891 0.908203 0.960938 0.908203 0.958984 0.919922 0.947266 0.921875 0.947266 0.925781 0.943359 0.925781 0.941406 0.929688 0.937500 0.931641 0.937500 0.941406 0.927734 0.943359 0.927734 0.947266 0.923828 0.947266 0.904297 0.943359 0.900391
0 0.119141 0.898438 0.115234 0.902344 0.115234 0.914062 0.119141 0.917969 0.121094 0.917969 0.125000 0.921875 0.126953 0.921875 0.128906 0.923828 0.136719 0.923828 0.140625 0.919922 0.140625 0.916016 0.142578 0.914062 0.142578 0.904297 0.136719 0.898438
0 0.210938 0.890625 0.207031 0.894531 0.207031 0.898438 0.205078 0.900391 0.201172 0.900391 0.197266 0.904297 0.197266 0.914062 0.201172 0.917969 0.208984 0.917969 0.212891 0.914062 0.214844 0.914062 0.218750 0.917969 0.226562 0.917969 0.230469 0.914062 0.230469 0.906250 0.226562 0.902344 0.224609 0.902344 0.222656 0.900391 0.222656 0.894531 0.218750 0.890625
0 0.701172 0.888672 0.697266 0.892578 0.697266 0.900391 0.699219 0.902344 0.693359 0.908203 0.693359 0.910156 0.691406 0.912109 0.691406 0.914062 0.689453 0.916016 0.687500 0.916016 0.685547 0.917969 0.683594 0.917969 0.681641 0.919922 0.679688 0.919922 0.677734 0.921875 0.675781 0.921875 0.671875 0.925781 0.667969 0.925781 0.664062 0.929688 0.662109 0.929688 0.652344 0.939453 0.652344 0.941406 0.646484 0.947266 0.646484 0.949219 0.638672 0.957031 0.638672 0.968750 0.634766 0.972656 0.634766 0.976562 0.632812 0.978516 0.625000 0.978516 0.621094 0.982422 0.621094 0.988281 0.617188 0.992188 0.617188 0.996094 0.615234 0.998047 0.662109 0.998047 0.662109 0.988281 0.664062 0.986328 0.666016 0.988281 0.666016 0.992188 0.669922 0.996094 0.669922 0.998047 0.695312 0.998047 0.697266 0.996094 0.697266 0.992188 0.705078 0.984375 0.705078 0.982422 0.708984 0.978516 0.710938 0.978516 0.720703 0.968750 0.720703 0.949219 0.718750 0.947266 0.718750 0.941406 0.716797 0.939453 0.716797 0.935547 0.714844 0.933594 0.714844 0.931641 0.710938 0.927734 0.710938 0.923828 0.716797 0.917969 0.716797 0.916016 0.718750 0.914062 0.718750 0.898438 0.714844 0.894531 0.714844 0.892578 0.710938 0.888672
0 0.171875 0.888672 0.167969 0.892578 0.167969 0.900391 0.169922 0.902344 0.167969 0.904297 0.164062 0.904297 0.160156 0.908203 0.160156 0.916016 0.164062 0.919922 0.167969 0.919922 0.169922 0.921875 0.169922 0.923828 0.173828 0.927734 0.181641 0.927734 0.185547 0.923828 0.185547 0.916016 0.183594 0.914062 0.185547 0.912109 0.187500 0.912109 0.191406 0.908203 0.191406 0.900391 0.187500 0.896484 0.185547 0.896484 0.183594 0.894531 0.183594 0.892578 0.179688 0.888672
0 0.068359 0.875000 0.064453 0.878906 0.064453 0.886719 0.068359 0.890625 0.076172 0.890625 0.080078 0.886719 0.080078 0.878906 0.076172 0.875000
0 0.865234 0.851562 0.857422 0.859375 0.857422 0.861328 0.855469 0.863281 0.853516 0.863281 0.843750 0.873047 0.841797 0.873047 0.832031 0.882812 0.832031 0.884766 0.824219 0.892578 0.824219 0.898438 0.820312 0.902344 0.814453 0.902344 0.808594 0.908203 0.808594 0.917969 0.806641 0.919922 0.804688 0.919922 0.796875 0.927734 0.794922 0.927734 0.787109 0.935547 0.787109 0.937500 0.779297 0.945312 0.779297 0.947266 0.775391 0.951172 0.775391 0.953125 0.771484 0.957031 0.771484 0.958984 0.769531 0.960938 0.765625 0.960938 0.761719 0.964844 0.761719 0.972656 0.765625 0.976562 0.773438 0.976562 0.777344 0.972656 0.777344 0.970703 0.779297 0.968750 0.781250 0.968750 0.781250 0.966797 0.787109 0.960938 0.789062 0.960938 0.791016 0.958984 0.791016 0.955078 0.798828 0.947266 0.800781 0.947266 0.800781 0.945312 0.804688 0.941406 0.804688 0.939453 0.814453 0.929688 0.816406 0.929688 0.822266 0.923828 0.824219 0.923828 0.833984 0.914062 0.833984 0.912109 0.837891 0.908203 0.837891 0.906250 0.847656 0.896484 0.849609 0.896484 0.849609 0.894531 0.851562 0.892578 0.853516 0.892578 0.853516 0.890625 0.861328 0.882812 0.861328 0.880859 0.863281 0.878906 0.863281 0.876953 0.865234 0.875000 0.865234 0.873047 0.871094 0.867188 0.873047 0.867188 0.876953 0.863281 0.876953 0.855469 0.873047 0.851562
0 0.103516 0.835938 0.099609 0.839844 0.099609 0.847656 0.103516 0.851562 0.109375 0.851562 0.111328 0.853516 0.111328 0.861328 0.119141 0.869141 0.126953 0.869141 0.130859 0.865234 0.130859 0.857422 0.126953 0.853516 0.126953 0.847656 0.123047 0.843750 0.117188 0.843750 0.115234 0.841797 0.115234 0.839844 0.111328 0.835938
0 0.992188 0.833984 0.988281 0.837891 0.988281 0.845703 0.986328 0.847656 0.984375 0.847656 0.972656 0.859375 0.972656 0.867188 0.976562 0.871094 0.982422 0.871094 0.984375 0.873047 0.984375 0.875000 0.988281 0.878906 0.998047 0.878906 0.998047 0.833984
0 0.080078 0.812500 0.076172 0.816406 0.076172 0.824219 0.080078 0.828125 0.087891 0.828125 0.091797 0.824219 0.091797 0.816406 0.087891 0.812500
0 0.136719 0.802734 0.132812 0.806641 0.132812 0.808594 0.130859 0.810547 0.130859 0.818359 0.134766 0.822266 0.136719 0.822266 0.140625 0.826172 0.144531 0.826172 0.148438 0.830078 0.162109 0.830078 0.166016 0.826172 0.166016 0.810547 0.160156 0.804688 0.156250 0.804688 0.154297 0.802734
0 0.177734 0.783203 0.173828 0.787109 0.173828 0.794922 0.177734 0.798828 0.185547 0.798828 0.189453 0.794922 0.189453 0.787109 0.185547 0.783203
0 0.238281 0.779297 0.234375 0.783203 0.234375 0.787109 0.228516 0.792969 0.224609 0.792969 0.220703 0.796875 0.216797 0.796875 0.212891 0.800781 0.210938 0.798828 0.210938 0.794922 0.207031 0.791016 0.199219 0.791016 0.195312 0.794922 0.195312 0.802734 0.199219 0.806641 0.207031 0.806641 0.208984 0.808594 0.207031 0.810547 0.212891 0.816406 0.218750 0.816406 0.220703 0.818359 0.222656 0.818359 0.228516 0.812500 0.232422 0.812500 0.234375 0.814453 0.234375 0.820312 0.224609 0.830078 0.222656 0.830078 0.218750 0.833984 0.218750 0.841797 0.222656 0.845703 0.224609 0.845703 0.228516 0.849609 0.228516 0.853516 0.222656 0.859375 0.222656 0.867188 0.226562 0.871094 0.226562 0.882812 0.230469 0.886719 0.230469 0.888672 0.228516 0.890625 0.228516 0.898438 0.232422 0.902344 0.242188 0.902344 0.246094 0.898438 0.248047 0.900391 0.248047 0.914062 0.250000 0.916016 0.248047 0.917969 0.240234 0.917969 0.236328 0.921875 0.236328 0.929688 0.234375 0.931641 0.232422 0.929688 0.224609 0.929688 0.222656 0.931641 0.220703 0.929688 0.210938 0.929688 0.207031 0.933594 0.207031 0.941406 0.208984 0.943359 0.208984 0.949219 0.212891 0.953125 0.212891 0.966797 0.216797 0.970703 0.228516 0.970703 0.232422 0.966797 0.232422 0.964844 0.234375 0.962891 0.234375 0.951172 0.236328 0.949219 0.236328 0.933594 0.238281 0.931641 0.240234 0.933594 0.251953 0.933594 0.255859 0.929688 0.255859 0.921875 0.253906 0.919922 0.255859 0.917969 0.265625 0.917969 0.273438 0.910156 0.281250 0.917969 0.283203 0.917969 0.285156 0.919922 0.285156 0.921875 0.279297 0.927734 0.279297 0.935547 0.283203 0.939453 0.283203 0.941406 0.279297 0.945312 0.279297 0.953125 0.285156 0.958984 0.287109 0.958984 0.289062 0.960938 0.289062 0.964844 0.291016 0.966797 0.291016 0.970703 0.292969 0.972656 0.292969 0.974609 0.296875 0.978516 0.308594 0.978516 0.310547 0.980469 0.316406 0.980469 0.318359 0.982422 0.318359 0.986328 0.312500 0.992188 0.312500 0.998047 0.390625 0.998047 0.390625 0.984375 0.386719 0.980469 0.386719 0.976562 0.388672 0.974609 0.388672 0.966797 0.384766 0.962891 0.382812 0.962891 0.380859 0.960938 0.380859 0.958984 0.371094 0.949219 0.371094 0.947266 0.367188 0.943359 0.365234 0.943359 0.361328 0.939453 0.357422 0.939453 0.355469 0.937500 0.355469 0.923828 0.351562 0.919922 0.351562 0.916016 0.345703 0.910156 0.343750 0.910156 0.339844 0.906250 0.339844 0.904297 0.337891 0.902344 0.337891 0.890625 0.333984 0.886719 0.328125 0.886719 0.326172 0.884766 0.318359 0.884766 0.316406 0.882812 0.316406 0.867188 0.312500 0.863281 0.306641 0.863281 0.304688 0.861328 0.304688 0.859375 0.300781 0.855469 0.292969 0.855469 0.291016 0.853516 0.294922 0.849609 0.294922 0.830078 0.289062 0.824219 0.289062 0.822266 0.285156 0.818359 0.281250 0.818359 0.279297 0.816406 0.277344 0.816406 0.275391 0.814453 0.275391 0.810547 0.273438 0.808594 0.273438 0.806641 0.267578 0.800781 0.267578 0.791016 0.263672 0.787109 0.263672 0.785156 0.259766 0.781250 0.255859 0.781250 0.253906 0.779297
0 0.181641 0.673828 0.177734 0.677734 0.177734 0.681641 0.175781 0.683594 0.167969 0.683594 0.166016 0.685547 0.164062 0.685547 0.162109 0.687500 0.160156 0.687500 0.156250 0.691406 0.156250 0.699219 0.160156 0.703125 0.166016 0.703125 0.167969 0.705078 0.167969 0.707031 0.169922 0.708984 0.169922 0.730469 0.171875 0.732422 0.171875 0.734375 0.167969 0.738281 0.156250 0.738281 0.152344 0.742188 0.152344 0.750000 0.154297 0.751953 0.154297 0.753906 0.148438 0.759766 0.142578 0.759766 0.138672 0.755859 0.130859 0.755859 0.126953 0.759766 0.126953 0.769531 0.130859 0.773438 0.128906 0.775391 0.117188 0.775391 0.109375 0.783203 0.109375 0.785156 0.103516 0.791016 0.103516 0.802734 0.107422 0.806641 0.119141 0.806641 0.125000 0.800781 0.130859 0.800781 0.134766 0.796875 0.134766 0.785156 0.132812 0.783203 0.132812 0.779297 0.130859 0.777344 0.132812 0.775391 0.138672 0.775391 0.142578 0.779297 0.164062 0.779297 0.166016 0.777344 0.173828 0.777344 0.175781 0.775391 0.181641 0.775391 0.185547 0.771484 0.191406 0.771484 0.195312 0.767578 0.195312 0.755859 0.197266 0.753906 0.199219 0.753906 0.201172 0.755859 0.205078 0.755859 0.207031 0.757812 0.207031 0.761719 0.201172 0.767578 0.201172 0.777344 0.203125 0.779297 0.203125 0.781250 0.208984 0.787109 0.218750 0.787109 0.222656 0.783203 0.224609 0.783203 0.226562 0.781250 0.230469 0.781250 0.236328 0.775391 0.238281 0.775391 0.242188 0.771484 0.242188 0.769531 0.244141 0.767578 0.246094 0.767578 0.253906 0.759766 0.253906 0.748047 0.250000 0.744141 0.250000 0.738281 0.248047 0.736328 0.248047 0.726562 0.244141 0.722656 0.242188 0.722656 0.236328 0.716797 0.234375 0.716797 0.228516 0.710938 0.224609 0.710938 0.222656 0.708984 0.222656 0.703125 0.218750 0.699219 0.208984 0.699219 0.207031 0.697266 0.207031 0.691406 0.205078 0.689453 0.205078 0.687500 0.203125 0.685547 0.203125 0.683594 0.197266 0.677734 0.195312 0.677734 0.191406 0.673828
0 0.123047 0.625000 0.121094 0.626953 0.119141 0.626953 0.117188 0.628906 0.113281 0.628906 0.109375 0.632812 0.109375 0.638672 0.107422 0.640625 0.099609 0.640625 0.095703 0.644531 0.095703 0.654297 0.101562 0.660156 0.125000 0.660156 0.130859 0.654297 0.130859 0.646484 0.128906 0.644531 0.130859 0.642578 0.132812 0.642578 0.138672 0.636719 0.138672 0.628906 0.134766 0.625000
0 0.070312 0.560547 0.066406 0.564453 0.066406 0.572266 0.070312 0.576172 0.076172 0.576172 0.078125 0.578125 0.087891 0.578125 0.091797 0.574219 0.091797 0.566406 0.085938 0.560547
0 0.734375 0.529297 0.726562 0.537109 0.726562 0.539062 0.724609 0.541016 0.724609 0.548828 0.720703 0.552734 0.720703 0.560547 0.724609 0.564453 0.732422 0.564453 0.734375 0.562500 0.736328 0.562500 0.740234 0.558594 0.740234 0.550781 0.742188 0.548828 0.742188 0.546875 0.744141 0.544922 0.744141 0.542969 0.746094 0.541016 0.746094 0.533203 0.742188 0.529297
0 0.986328 0.511719 0.976562 0.521484 0.976562 0.529297 0.980469 0.533203 0.982422 0.533203 0.986328 0.537109 0.986328 0.552734 0.984375 0.554688 0.982422 0.554688 0.980469 0.556641 0.978516 0.556641 0.974609 0.560547 0.972656 0.560547 0.966797 0.566406 0.964844 0.566406 0.960938 0.570312 0.957031 0.570312 0.953125 0.574219 0.949219 0.574219 0.947266 0.576172 0.943359 0.576172 0.929688 0.589844 0.929688 0.591797 0.925781 0.595703 0.925781 0.597656 0.921875 0.601562 0.921875 0.603516 0.912109 0.613281 0.912109 0.615234 0.910156 0.617188 0.910156 0.619141 0.904297 0.625000 0.904297 0.626953 0.894531 0.636719 0.892578 0.636719 0.882812 0.646484 0.882812 0.648438 0.878906 0.652344 0.878906 0.654297 0.873047 0.660156 0.873047 0.662109 0.871094 0.664062 0.871094 0.666016 0.859375 0.677734 0.859375 0.679688 0.857422 0.681641 0.857422 0.683594 0.855469 0.685547 0.855469 0.687500 0.851562 0.691406 0.851562 0.695312 0.845703 0.701172 0.845703 0.705078 0.843750 0.707031 0.841797 0.707031 0.839844 0.708984 0.833984 0.708984 0.832031 0.710938 0.826172 0.710938 0.824219 0.712891 0.822266 0.712891 0.818359 0.716797 0.818359 0.736328 0.812500 0.742188 0.812500 0.748047 0.810547 0.750000 0.810547 0.751953 0.806641 0.755859 0.806641 0.759766 0.800781 0.765625 0.800781 0.771484 0.781250 0.791016 0.781250 0.792969 0.777344 0.796875 0.775391 0.796875 0.771484 0.800781 0.771484 0.814453 0.746094 0.839844 0.744141 0.839844 0.728516 0.855469 0.728516 0.869141 0.730469 0.871094 0.730469 0.873047 0.736328 0.878906 0.736328 0.880859 0.740234 0.884766 0.759766 0.884766 0.763672 0.888672 0.763672 0.890625 0.751953 0.902344 0.751953 0.910156 0.755859 0.914062 0.755859 0.919922 0.759766 0.923828 0.781250 0.923828 0.783203 0.921875 0.785156 0.921875 0.789062 0.917969 0.789062 0.916016 0.791016 0.914062 0.791016 0.910156 0.792969 0.908203 0.792969 0.898438 0.789062 0.894531 0.791016 0.892578 0.791016 0.886719 0.794922 0.882812 0.810547 0.882812 0.816406 0.876953 0.816406 0.873047 0.822266 0.867188 0.822266 0.865234 0.828125 0.859375 0.828125 0.857422 0.832031 0.853516 0.835938 0.853516 0.841797 0.847656 0.841797 0.841797 0.847656 0.835938 0.849609 0.835938 0.851562 0.833984 0.853516 0.833984 0.857422 0.830078 0.859375 0.830078 0.865234 0.824219 0.867188 0.824219 0.869141 0.822266 0.871094 0.822266 0.873047 0.820312 0.886719 0.820312 0.890625 0.816406 0.892578 0.816406 0.898438 0.810547 0.898438 0.808594 0.902344 0.804688 0.914062 0.804688 0.917969 0.800781 0.917969 0.796875 0.921875 0.792969 0.921875 0.789062 0.925781 0.785156 0.925781 0.769531 0.921875 0.765625 0.914062 0.765625 0.912109 0.767578 0.910156 0.765625 0.910156 0.753906 0.906250 0.750000 0.906250 0.748047 0.902344 0.744141 0.892578 0.744141 0.884766 0.751953 0.882812 0.751953 0.876953 0.757812 0.871094 0.757812 0.869141 0.755859 0.871094 0.753906 0.873047 0.753906 0.876953 0.750000 0.876953 0.730469 0.878906 0.728516 0.878906 0.718750 0.875000 0.714844 0.865234 0.714844 0.863281 0.712891 0.863281 0.710938 0.861328 0.708984 0.865234 0.705078 0.865234 0.703125 0.871094 0.697266 0.871094 0.693359 0.875000 0.689453 0.875000 0.687500 0.884766 0.677734 0.884766 0.675781 0.888672 0.671875 0.888672 0.669922 0.894531 0.664062 0.894531 0.662109 0.914062 0.642578 0.914062 0.640625 0.921875 0.632812 0.921875 0.630859 0.925781 0.626953 0.925781 0.625000 0.937500 0.613281 0.937500 0.611328 0.939453 0.609375 0.939453 0.607422 0.943359 0.603516 0.943359 0.601562 0.953125 0.591797 0.955078 0.591797 0.957031 0.589844 0.960938 0.589844 0.962891 0.587891 0.964844 0.587891 0.966797 0.585938 0.968750 0.585938 0.972656 0.582031 0.974609 0.582031 0.978516 0.585938 0.992188 0.585938 0.996094 0.582031 0.996094 0.580078 0.998047 0.578125 0.998047 0.511719
0 0.738281 0.478516 0.734375 0.482422 0.734375 0.494141 0.732422 0.496094 0.724609 0.496094 0.720703 0.500000 0.720703 0.509766 0.724609 0.513672 0.724609 0.519531 0.730469 0.525391 0.748047 0.525391 0.751953 0.521484 0.751953 0.507812 0.750000 0.505859 0.750000 0.482422 0.746094 0.478516
0 0.212891 0.466797 0.208984 0.470703 0.208984 0.488281 0.210938 0.490234 0.210938 0.492188 0.214844 0.496094 0.228516 0.496094 0.232422 0.492188 0.232422 0.478516 0.228516 0.474609 0.228516 0.472656 0.224609 0.468750 0.222656 0.468750 0.220703 0.466797
0 0.703125 0.400391 0.699219 0.404297 0.699219 0.412109 0.703125 0.416016 0.710938 0.416016 0.714844 0.412109 0.714844 0.404297 0.710938 0.400391
0 0.652344 0.369141 0.646484 0.375000 0.646484 0.382812 0.650391 0.386719 0.658203 0.386719 0.664062 0.392578 0.687500 0.392578 0.691406 0.388672 0.691406 0.380859 0.687500 0.376953 0.681641 0.376953 0.673828 0.369141
0 0.619141 0.330078 0.615234 0.333984 0.603516 0.333984 0.599609 0.337891 0.599609 0.345703 0.603516 0.349609 0.607422 0.349609 0.611328 0.353516 0.626953 0.353516 0.630859 0.349609 0.630859 0.333984 0.626953 0.330078
0 0.605469 0.306641 0.601562 0.310547 0.601562 0.326172 0.605469 0.330078 0.613281 0.330078 0.617188 0.326172 0.617188 0.310547 0.613281 0.306641
0 0.753906 0.273438 0.750000 0.277344 0.740234 0.277344 0.736328 0.281250 0.736328 0.289062 0.738281 0.291016 0.738281 0.292969 0.740234 0.294922 0.740234 0.300781 0.744141 0.304688 0.753906 0.304688 0.757812 0.300781 0.757812 0.298828 0.759766 0.296875 0.765625 0.296875 0.769531 0.292969 0.769531 0.279297 0.763672 0.273438
0 0.810547 0.267578 0.802734 0.275391 0.800781 0.275391 0.798828 0.277344 0.794922 0.277344 0.789062 0.283203 0.789062 0.306641 0.787109 0.308594 0.787109 0.316406 0.791016 0.320312 0.798828 0.320312 0.800781 0.318359 0.802734 0.320312 0.802734 0.322266 0.800781 0.324219 0.796875 0.324219 0.791016 0.330078 0.791016 0.337891 0.794922 0.341797 0.802734 0.341797 0.804688 0.343750 0.804688 0.347656 0.802734 0.349609 0.800781 0.347656 0.794922 0.347656 0.792969 0.345703 0.775391 0.345703 0.771484 0.349609 0.765625 0.349609 0.761719 0.353516 0.761719 0.361328 0.763672 0.363281 0.763672 0.371094 0.767578 0.375000 0.791016 0.375000 0.792969 0.376953 0.791016 0.378906 0.765625 0.378906 0.761719 0.382812 0.761719 0.390625 0.763672 0.392578 0.761719 0.394531 0.755859 0.394531 0.751953 0.398438 0.751953 0.419922 0.750000 0.421875 0.748047 0.421875 0.744141 0.425781 0.730469 0.412109 0.720703 0.412109 0.716797 0.416016 0.716797 0.437500 0.720703 0.441406 0.720703 0.443359 0.728516 0.451172 0.736328 0.451172 0.738281 0.449219 0.744141 0.449219 0.746094 0.447266 0.761719 0.447266 0.763672 0.445312 0.767578 0.445312 0.773438 0.439453 0.775391 0.439453 0.781250 0.433594 0.783203 0.433594 0.792969 0.423828 0.796875 0.423828 0.798828 0.421875 0.800781 0.421875 0.802734 0.419922 0.804688 0.419922 0.806641 0.417969 0.810547 0.417969 0.814453 0.414062 0.814453 0.404297 0.810547 0.400391 0.808594 0.400391 0.806641 0.398438 0.806641 0.396484 0.804688 0.394531 0.808594 0.390625 0.810547 0.392578 0.810547 0.394531 0.814453 0.398438 0.824219 0.398438 0.828125 0.402344 0.837891 0.402344 0.845703 0.394531 0.847656 0.394531 0.851562 0.390625 0.857422 0.390625 0.861328 0.386719 0.861328 0.380859 0.863281 0.378906 0.863281 0.371094 0.859375 0.367188 0.851562 0.367188 0.847656 0.371094 0.845703 0.369141 0.845703 0.367188 0.839844 0.361328 0.832031 0.361328 0.830078 0.363281 0.826172 0.363281 0.824219 0.365234 0.822266 0.365234 0.820312 0.363281 0.841797 0.341797 0.841797 0.332031 0.837891 0.328125 0.832031 0.328125 0.828125 0.324219 0.828125 0.316406 0.826172 0.314453 0.826172 0.294922 0.818359 0.287109 0.818359 0.285156 0.820312 0.283203 0.820312 0.281250 0.822266 0.279297 0.822266 0.271484 0.818359 0.267578
0 0.695312 0.257812 0.691406 0.261719 0.691406 0.281250 0.695312 0.285156 0.703125 0.285156 0.705078 0.287109 0.705078 0.289062 0.708984 0.292969 0.716797 0.292969 0.720703 0.289062 0.720703 0.285156 0.724609 0.281250 0.724609 0.271484 0.718750 0.265625 0.714844 0.265625 0.712891 0.263672 0.710938 0.263672 0.705078 0.257812
0 0.839844 0.244141 0.835938 0.248047 0.835938 0.255859 0.839844 0.259766 0.845703 0.259766 0.847656 0.261719 0.847656 0.265625 0.851562 0.269531 0.859375 0.269531 0.861328 0.267578 0.863281 0.269531 0.863281 0.275391 0.867188 0.279297 0.863281 0.283203 0.863281 0.291016 0.865234 0.292969 0.863281 0.294922 0.859375 0.294922 0.855469 0.291016 0.841797 0.291016 0.839844 0.292969 0.835938 0.292969 0.832031 0.296875 0.832031 0.316406 0.835938 0.320312 0.859375 0.320312 0.871094 0.308594 0.871094 0.298828 0.869141 0.296875 0.871094 0.294922 0.875000 0.294922 0.878906 0.291016 0.880859 0.291016 0.886719 0.285156 0.886719 0.273438 0.882812 0.269531 0.882812 0.267578 0.878906 0.263672 0.876953 0.263672 0.875000 0.261719 0.867188 0.261719 0.865234 0.263672 0.863281 0.261719 0.863281 0.257812 0.859375 0.253906 0.853516 0.253906 0.851562 0.251953 0.851562 0.248047 0.847656 0.244141
0 0.591797 0.244141 0.587891 0.248047 0.587891 0.251953 0.583984 0.255859 0.583984 0.265625 0.589844 0.271484 0.605469 0.271484 0.609375 0.275391 0.617188 0.275391 0.621094 0.271484 0.621094 0.259766 0.625000 0.255859 0.625000 0.248047 0.621094 0.244141 0.613281 0.244141 0.611328 0.246094 0.607422 0.246094 0.605469 0.248047 0.601562 0.244141
0 0.755859 0.230469 0.751953 0.234375 0.751953 0.238281 0.750000 0.240234 0.748047 0.240234 0.744141 0.244141 0.744141 0.251953 0.748047 0.255859 0.753906 0.255859 0.755859 0.257812 0.755859 0.261719 0.759766 0.265625 0.767578 0.265625 0.771484 0.261719 0.771484 0.253906 0.773438 0.251953 0.777344 0.251953 0.781250 0.248047 0.781250 0.240234 0.777344 0.236328 0.771484 0.236328 0.765625 0.230469
0 0.843750 0.224609 0.839844 0.228516 0.839844 0.236328 0.843750 0.240234 0.851562 0.240234 0.855469 0.236328 0.855469 0.228516 0.851562 0.224609
0 0.677734 0.224609 0.673828 0.228516 0.673828 0.236328 0.677734 0.240234 0.681641 0.240234 0.683594 0.242188 0.683594 0.250000 0.687500 0.253906 0.695312 0.253906 0.699219 0.250000 0.699219 0.240234 0.703125 0.236328 0.703125 0.228516 0.699219 0.224609 0.691406 0.224609 0.689453 0.226562 0.687500 0.226562 0.685547 0.224609
0 0.685547 0.201172 0.681641 0.205078 0.681641 0.212891 0.685547 0.216797 0.693359 0.216797 0.697266 0.212891 0.697266 0.205078 0.693359 0.201172
0 0.523438 0.195312 0.519531 0.199219 0.519531 0.201172 0.515625 0.205078 0.515625 0.214844 0.513672 0.216797 0.509766 0.216797 0.505859 0.220703 0.505859 0.228516 0.509766 0.232422 0.511719 0.232422 0.513672 0.234375 0.525391 0.234375 0.529297 0.230469 0.531250 0.232422 0.531250 0.234375 0.533203 0.236328 0.533203 0.244141 0.531250 0.246094 0.519531 0.246094 0.515625 0.250000 0.515625 0.257812 0.519531 0.261719 0.525391 0.261719 0.527344 0.263672 0.558594 0.263672 0.566406 0.255859 0.566406 0.253906 0.568359 0.251953 0.568359 0.250000 0.574219 0.244141 0.574219 0.240234 0.582031 0.232422 0.582031 0.224609 0.578125 0.220703 0.570312 0.220703 0.566406 0.224609 0.560547 0.218750 0.552734 0.218750 0.550781 0.216797 0.550781 0.208984 0.548828 0.207031 0.548828 0.205078 0.544922 0.201172 0.539062 0.201172 0.533203 0.195312
0 0.498047 0.185547 0.488281 0.195312 0.488281 0.203125 0.492188 0.207031 0.505859 0.207031 0.509766 0.203125 0.509766 0.189453 0.505859 0.185547
0 0.197266 0.185547 0.193359 0.189453 0.193359 0.199219 0.197266 0.203125 0.205078 0.203125 0.210938 0.197266 0.210938 0.189453 0.207031 0.185547
0 0.810547 0.181641 0.802734 0.189453 0.798828 0.189453 0.796875 0.187500 0.787109 0.187500 0.783203 0.191406 0.783203 0.193359 0.781250 0.195312 0.781250 0.199219 0.779297 0.201172 0.779297 0.212891 0.781250 0.214844 0.781250 0.218750 0.779297 0.220703 0.779297 0.228516 0.783203 0.232422 0.792969 0.232422 0.796875 0.228516 0.798828 0.228516 0.802734 0.224609 0.802734 0.222656 0.804688 0.220703 0.806641 0.220703 0.808594 0.222656 0.808594 0.230469 0.806641 0.232422 0.806641 0.234375 0.804688 0.236328 0.804688 0.257812 0.808594 0.261719 0.822266 0.261719 0.832031 0.251953 0.832031 0.234375 0.830078 0.232422 0.830078 0.220703 0.832031 0.218750 0.843750 0.218750 0.849609 0.212891 0.849609 0.201172 0.845703 0.197266 0.841797 0.197266 0.839844 0.195312 0.839844 0.193359 0.835938 0.189453 0.826172 0.189453 0.824219 0.187500 0.824219 0.185547 0.820312 0.181641
0 0.669922 0.160156 0.664062 0.166016 0.660156 0.162109 0.652344 0.162109 0.648438 0.166016 0.648438 0.173828 0.652344 0.177734 0.660156 0.177734 0.666016 0.171875 0.669922 0.175781 0.664062 0.181641 0.664062 0.189453 0.667969 0.193359 0.679688 0.193359 0.683594 0.197266 0.691406 0.197266 0.695312 0.193359 0.695312 0.185547 0.691406 0.181641 0.687500 0.181641 0.683594 0.177734 0.679688 0.177734 0.677734 0.175781 0.681641 0.171875 0.681641 0.164062 0.677734 0.160156
0 0.218750 0.158203 0.214844 0.162109 0.214844 0.169922 0.218750 0.173828 0.226562 0.173828 0.230469 0.169922 0.230469 0.162109 0.226562 0.158203
0 0.494141 0.146484 0.492188 0.148438 0.488281 0.148438 0.484375 0.152344 0.484375 0.160156 0.492188 0.167969 0.501953 0.167969 0.505859 0.164062 0.505859 0.150391 0.501953 0.146484
0 0.222656 0.134766 0.218750 0.138672 0.218750 0.146484 0.222656 0.150391 0.232422 0.150391 0.236328 0.146484 0.236328 0.138672 0.232422 0.134766
0 0.462891 0.123047 0.460938 0.125000 0.455078 0.125000 0.451172 0.128906 0.451172 0.140625 0.455078 0.144531 0.462891 0.144531 0.466797 0.140625 0.470703 0.140625 0.474609 0.136719 0.474609 0.126953 0.470703 0.123047
0 0.587891 0.115234 0.583984 0.119141 0.583984 0.126953 0.587891 0.130859 0.591797 0.130859 0.593750 0.132812 0.593750 0.134766 0.597656 0.138672 0.609375 0.138672 0.611328 0.136719 0.613281 0.138672 0.613281 0.146484 0.617188 0.150391 0.625000 0.150391 0.628906 0.146484 0.628906 0.144531 0.630859 0.142578 0.638672 0.142578 0.642578 0.138672 0.642578 0.130859 0.638672 0.126953 0.630859 0.126953 0.626953 0.130859 0.625000 0.128906 0.625000 0.123047 0.621094 0.119141 0.613281 0.119141 0.609375 0.123047 0.601562 0.123047 0.599609 0.121094 0.599609 0.119141 0.595703 0.115234
0 0.607422 0.091797 0.603516 0.095703 0.603516 0.103516 0.607422 0.107422 0.615234 0.107422 0.619141 0.103516 0.619141 0.095703 0.615234 0.091797
0 0.414062 0.076172 0.410156 0.080078 0.408203 0.080078 0.400391 0.087891 0.400391 0.097656 0.404297 0.101562 0.412109 0.101562 0.414062 0.099609 0.421875 0.099609 0.427734 0.093750 0.427734 0.080078 0.423828 0.076172
0 0.984375 0.068359 0.980469 0.072266 0.980469 0.074219 0.976562 0.078125 0.976562 0.080078 0.968750 0.087891 0.968750 0.101562 0.972656 0.105469 0.980469 0.105469 0.984375 0.101562 0.984375 0.097656 0.990234 0.091797 0.992188 0.093750 0.992188 0.095703 0.990234 0.097656 0.990234 0.099609 0.988281 0.101562 0.988281 0.111328 0.986328 0.113281 0.986328 0.121094 0.990234 0.125000 0.992188 0.125000 0.996094 0.128906 0.998047 0.128906 0.998047 0.085938 0.996094 0.083984 0.996094 0.072266 0.992188 0.068359
0 0.080078 0.060547 0.076172 0.064453 0.076172 0.076172 0.080078 0.080078 0.080078 0.082031 0.082031 0.083984 0.082031 0.085938 0.083984 0.087891 0.083984 0.093750 0.087891 0.097656 0.087891 0.099609 0.089844 0.101562 0.089844 0.103516 0.091797 0.105469 0.091797 0.109375 0.095703 0.113281 0.095703 0.125000 0.097656 0.126953 0.097656 0.128906 0.099609 0.130859 0.099609 0.134766 0.095703 0.138672 0.089844 0.138672 0.087891 0.136719 0.083984 0.140625 0.080078 0.140625 0.078125 0.138672 0.076172 0.138672 0.074219 0.140625 0.072266 0.140625 0.070312 0.142578 0.068359 0.142578 0.068359 0.146484 0.066406 0.148438 0.064453 0.148438 0.060547 0.144531 0.039062 0.144531 0.033203 0.150391 0.033203 0.152344 0.025391 0.160156 0.021484 0.160156 0.017578 0.156250 0.013672 0.156250 0.011719 0.154297 0.011719 0.142578 0.013672 0.140625 0.013672 0.132812 0.017578 0.128906 0.017578 0.121094 0.013672 0.117188 0.005859 0.117188 0.001953 0.121094 0.001953 0.123047 0.000000 0.125000 0.000000 0.183594 0.003906 0.183594 0.011719 0.175781 0.021484 0.175781 0.023438 0.177734 0.023438 0.183594 0.021484 0.185547 0.021484 0.189453 0.009766 0.201172 0.009766 0.203125 0.007812 0.205078 0.007812 0.220703 0.009766 0.222656 0.009766 0.224609 0.013672 0.228516 0.013672 0.230469 0.017578 0.234375 0.017578 0.269531 0.033203 0.285156 0.033203 0.289062 0.035156 0.291016 0.035156 0.292969 0.029297 0.298828 0.029297 0.318359 0.033203 0.322266 0.041016 0.322266 0.042969 0.320312 0.044922 0.322266 0.054688 0.322266 0.058594 0.326172 0.058594 0.332031 0.056641 0.333984 0.054688 0.333984 0.050781 0.337891 0.050781 0.345703 0.054688 0.349609 0.060547 0.349609 0.062500 0.351562 0.058594 0.355469 0.048828 0.355469 0.044922 0.359375 0.044922 0.369141 0.048828 0.373047 0.056641 0.373047 0.058594 0.371094 0.060547 0.371094 0.064453 0.375000 0.074219 0.375000 0.076172 0.373047 0.078125 0.373047 0.082031 0.369141 0.083984 0.369141 0.085938 0.371094 0.085938 0.375000 0.083984 0.376953 0.082031 0.376953 0.076172 0.382812 0.076172 0.400391 0.080078 0.404297 0.083984 0.404297 0.085938 0.406250 0.099609 0.406250 0.101562 0.408203 0.101562 0.410156 0.099609 0.412109 0.099609 0.414062 0.097656 0.416016 0.097656 0.417969 0.095703 0.419922 0.093750 0.417969 0.093750 0.416016 0.089844 0.412109 0.082031 0.412109 0.076172 0.406250 0.074219 0.406250 0.070312 0.402344 0.050781 0.402344 0.044922 0.408203 0.044922 0.435547 0.048828 0.439453 0.056641 0.439453 0.058594 0.437500 0.064453 0.437500 0.066406 0.435547 0.072266 0.435547 0.076172 0.439453 0.080078 0.439453 0.083984 0.443359 0.083984 0.445312 0.078125 0.451172 0.078125 0.464844 0.076172 0.466797 0.064453 0.466797 0.060547 0.470703 0.060547 0.480469 0.064453 0.484375 0.068359 0.484375 0.070312 0.486328 0.068359 0.488281 0.068359 0.490234 0.066406 0.492188 0.064453 0.492188 0.062500 0.494141 0.060547 0.494141 0.056641 0.498047 0.056641 0.505859 0.060547 0.509766 0.060547 0.511719 0.064453 0.515625 0.072266 0.515625 0.074219 0.513672 0.076172 0.515625 0.076172 0.517578 0.080078 0.521484 0.083984 0.521484 0.085938 0.523438 0.085938 0.527344 0.089844 0.531250 0.097656 0.531250 0.099609 0.529297 0.103516 0.529297 0.105469 0.531250 0.105469 0.539062 0.109375 0.542969 0.109375 0.554688 0.111328 0.556641 0.109375 0.558594 0.101562 0.558594 0.097656 0.562500 0.097656 0.574219 0.099609 0.576172 0.097656 0.578125 0.093750 0.578125 0.089844 0.582031 0.089844 0.603516 0.093750 0.607422 0.099609 0.607422 0.101562 0.609375 0.103516 0.609375 0.105469 0.611328 0.107422 0.611328 0.109375 0.613281 0.111328 0.613281 0.113281 0.615234 0.119141 0.615234 0.121094 0.617188 0.162109 0.617188 0.164062 0.615234 0.179688 0.615234 0.181641 0.613281 0.183594 0.613281 0.187500 0.609375 0.187500 0.595703 0.185547 0.593750 0.185547 0.582031 0.183594 0.580078 0.183594 0.578125 0.173828 0.568359 0.171875 0.568359 0.169922 0.566406 0.169922 0.564453 0.171875 0.562500 0.171875 0.558594 0.173828 0.556641 0.173828 0.554688 0.183594 0.544922 0.183594 0.517578 0.179688 0.513672 0.179688 0.511719 0.181641 0.509766 0.181641 0.501953 0.179688 0.500000 0.181641 0.498047 0.181641 0.478516 0.177734 0.474609 0.167969 0.474609 0.166016 0.472656 0.166016 0.458984 0.160156 0.453125 0.156250 0.453125 0.154297 0.451172 0.154297 0.447266 0.158203 0.443359 0.162109 0.443359 0.164062 0.441406 0.166016 0.441406 0.169922 0.437500 0.169922 0.416016 0.166016 0.412109 0.164062 0.412109 0.158203 0.406250 0.158203 0.396484 0.154297 0.392578 0.152344 0.392578 0.150391 0.390625 0.150391 0.388672 0.146484 0.384766 0.146484 0.382812 0.144531 0.380859 0.146484 0.378906 0.160156 0.378906 0.164062 0.375000 0.166016 0.375000 0.169922 0.371094 0.169922 0.361328 0.160156 0.351562 0.160156 0.345703 0.158203 0.343750 0.167969 0.333984 0.169922 0.333984 0.173828 0.330078 0.173828 0.322266 0.171875 0.320312 0.171875 0.318359 0.169922 0.316406 0.169922 0.312500 0.167969 0.310547 0.167969 0.308594 0.169922 0.306641 0.169922 0.271484 0.166016 0.267578 0.166016 0.263672 0.158203 0.255859 0.156250 0.255859 0.152344 0.251953 0.152344 0.250000 0.144531 0.242188 0.144531 0.238281 0.146484 0.236328 0.148438 0.236328 0.152344 0.232422 0.152344 0.224609 0.148438 0.220703 0.136719 0.220703 0.134766 0.218750 0.132812 0.220703 0.128906 0.220703 0.123047 0.214844 0.123047 0.208984 0.128906 0.203125 0.132812 0.203125 0.130859 0.201172 0.130859 0.197266 0.134766 0.193359 0.130859 0.189453 0.130859 0.187500 0.128906 0.185547 0.128906 0.183594 0.126953 0.181641 0.126953 0.179688 0.125000 0.177734 0.125000 0.175781 0.121094 0.171875 0.121094 0.167969 0.119141 0.166016 0.119141 0.164062 0.109375 0.154297 0.115234 0.148438 0.115234 0.136719 0.121094 0.130859 0.121094 0.115234 0.115234 0.109375 0.115234 0.099609 0.109375 0.093750 0.109375 0.091797 0.107422 0.089844 0.107422 0.078125 0.095703 0.066406 0.093750 0.066406 0.087891 0.060547
0 0.179688 0.050781 0.175781 0.054688 0.175781 0.062500 0.179688 0.066406 0.187500 0.066406 0.191406 0.062500 0.191406 0.054688 0.187500 0.050781
0 0.156250 0.050781 0.152344 0.054688 0.152344 0.062500 0.156250 0.066406 0.164062 0.066406 0.167969 0.062500 0.167969 0.054688 0.164062 0.050781
0 0.628906 0.044922 0.625000 0.048828 0.625000 0.056641 0.628906 0.060547 0.636719 0.060547 0.640625 0.056641 0.640625 0.048828 0.636719 0.044922
0 0.685547 0.035156 0.681641 0.039062 0.681641 0.046875 0.685547 0.050781 0.693359 0.050781 0.695312 0.052734 0.695312 0.056641 0.699219 0.060547 0.699219 0.062500 0.707031 0.070312 0.705078 0.072266 0.705078 0.074219 0.699219 0.080078 0.695312 0.080078 0.691406 0.083984 0.689453 0.083984 0.687500 0.085938 0.685547 0.085938 0.681641 0.089844 0.681641 0.097656 0.683594 0.099609 0.683594 0.103516 0.681641 0.105469 0.681641 0.109375 0.679688 0.111328 0.673828 0.111328 0.671875 0.109375 0.671875 0.103516 0.667969 0.099609 0.660156 0.099609 0.656250 0.095703 0.654297 0.095703 0.652344 0.093750 0.658203 0.087891 0.660156 0.089844 0.660156 0.091797 0.664062 0.095703 0.673828 0.095703 0.677734 0.091797 0.677734 0.083984 0.673828 0.080078 0.669922 0.080078 0.667969 0.078125 0.667969 0.074219 0.662109 0.068359 0.662109 0.066406 0.666016 0.062500 0.666016 0.054688 0.667969 0.052734 0.673828 0.052734 0.677734 0.048828 0.677734 0.041016 0.673828 0.037109 0.666016 0.037109 0.662109 0.041016 0.662109 0.048828 0.660156 0.050781 0.654297 0.050781 0.650391 0.054688 0.650391 0.060547 0.648438 0.062500 0.640625 0.062500 0.636719 0.066406 0.636719 0.074219 0.638672 0.076172 0.636719 0.078125 0.632812 0.078125 0.630859 0.080078 0.628906 0.078125 0.628906 0.074219 0.625000 0.070312 0.617188 0.070312 0.613281 0.074219 0.613281 0.082031 0.617188 0.085938 0.625000 0.085938 0.626953 0.083984 0.628906 0.085938 0.628906 0.089844 0.626953 0.091797 0.626953 0.099609 0.630859 0.103516 0.630859 0.109375 0.634766 0.113281 0.642578 0.113281 0.646484 0.109375 0.650391 0.113281 0.650391 0.119141 0.654297 0.123047 0.656250 0.123047 0.658203 0.125000 0.658203 0.130859 0.662109 0.134766 0.669922 0.134766 0.671875 0.136719 0.671875 0.142578 0.675781 0.146484 0.683594 0.146484 0.687500 0.150391 0.695312 0.150391 0.699219 0.146484 0.699219 0.136719 0.705078 0.130859 0.710938 0.136719 0.716797 0.136719 0.718750 0.138672 0.716797 0.140625 0.714844 0.140625 0.712891 0.142578 0.708984 0.142578 0.705078 0.146484 0.705078 0.148438 0.703125 0.150391 0.703125 0.154297 0.701172 0.156250 0.699219 0.154297 0.691406 0.154297 0.687500 0.158203 0.687500 0.166016 0.691406 0.169922 0.697266 0.169922 0.699219 0.171875 0.699219 0.179688 0.703125 0.183594 0.710938 0.183594 0.716797 0.189453 0.720703 0.189453 0.722656 0.191406 0.722656 0.197266 0.726562 0.201172 0.730469 0.201172 0.732422 0.203125 0.732422 0.210938 0.736328 0.214844 0.744141 0.214844 0.748047 0.210938 0.748047 0.205078 0.753906 0.199219 0.753906 0.191406 0.748047 0.185547 0.750000 0.183594 0.751953 0.183594 0.753906 0.181641 0.755859 0.181641 0.757812 0.179688 0.759766 0.181641 0.759766 0.185547 0.763672 0.189453 0.771484 0.189453 0.775391 0.185547 0.775391 0.183594 0.779297 0.179688 0.779297 0.177734 0.781250 0.175781 0.781250 0.173828 0.783203 0.171875 0.783203 0.162109 0.779297 0.158203 0.771484 0.158203 0.765625 0.164062 0.763672 0.164062 0.761719 0.162109 0.769531 0.154297 0.771484 0.154297 0.775391 0.150391 0.775391 0.140625 0.771484 0.136719 0.765625 0.136719 0.763672 0.134766 0.765625 0.132812 0.771484 0.132812 0.775391 0.128906 0.775391 0.119141 0.771484 0.115234 0.775391 0.111328 0.775391 0.095703 0.777344 0.093750 0.777344 0.070312 0.773438 0.066406 0.765625 0.066406 0.763672 0.068359 0.744141 0.068359 0.740234 0.072266 0.740234 0.101562 0.742188 0.103516 0.742188 0.105469 0.744141 0.107422 0.744141 0.109375 0.738281 0.115234 0.736328 0.113281 0.736328 0.109375 0.732422 0.105469 0.716797 0.105469 0.710938 0.111328 0.703125 0.111328 0.701172 0.113281 0.699219 0.111328 0.699219 0.099609 0.701172 0.097656 0.703125 0.097656 0.705078 0.095703 0.708984 0.095703 0.724609 0.080078 0.724609 0.078125 0.726562 0.076172 0.726562 0.072266 0.730469 0.068359 0.730469 0.066406 0.732422 0.064453 0.732422 0.052734 0.728516 0.048828 0.720703 0.048828 0.716797 0.052734 0.707031 0.042969 0.699219 0.042969 0.697266 0.041016 0.697266 0.039062 0.693359 0.035156
0 0.996094 0.025391 0.984375 0.037109 0.984375 0.044922 0.988281 0.048828 0.998047 0.048828 0.998047 0.025391
0 0.958984 0.000000 0.958984 0.013672 0.962891 0.017578 0.974609 0.017578 0.978516 0.013672 0.978516 0.011719 0.982422 0.007812 0.982422 0.000000
0 0.863281 0.000000 0.863281 0.005859 0.867188 0.009766 0.869141 0.009766 0.875000 0.015625 0.876953 0.015625 0.878906 0.017578 0.902344 0.017578 0.904297 0.015625 0.906250 0.015625 0.910156 0.011719 0.910156 0.000000
0 0.781250 0.000000 0.781250 0.009766 0.785156 0.013672 0.787109 0.013672 0.789062 0.015625 0.789062 0.023438 0.791016 0.025391 0.791016 0.027344 0.792969 0.029297 0.792969 0.037109 0.796875 0.041016 0.798828 0.041016 0.800781 0.042969 0.800781 0.048828 0.798828 0.050781 0.798828 0.058594 0.802734 0.062500 0.802734 0.072266 0.806641 0.076172 0.814453 0.076172 0.822266 0.068359 0.824219 0.070312 0.824219 0.074219 0.818359 0.080078 0.816406 0.080078 0.808594 0.087891 0.808594 0.097656 0.812500 0.101562 0.822266 0.101562 0.828125 0.107422 0.822266 0.113281 0.822266 0.115234 0.816406 0.121094 0.816406 0.123047 0.812500 0.126953 0.812500 0.128906 0.808594 0.132812 0.796875 0.132812 0.792969 0.136719 0.792969 0.142578 0.791016 0.144531 0.791016 0.152344 0.794922 0.156250 0.804688 0.156250 0.806641 0.154297 0.808594 0.154297 0.810547 0.156250 0.810547 0.158203 0.814453 0.162109 0.814453 0.167969 0.824219 0.177734 0.835938 0.177734 0.839844 0.173828 0.839844 0.166016 0.837891 0.164062 0.837891 0.160156 0.843750 0.154297 0.843750 0.148438 0.845703 0.146484 0.845703 0.144531 0.849609 0.140625 0.859375 0.140625 0.863281 0.136719 0.863281 0.107422 0.867188 0.103516 0.867188 0.080078 0.873047 0.074219 0.875000 0.076172 0.875000 0.080078 0.876953 0.082031 0.875000 0.083984 0.875000 0.087891 0.873047 0.089844 0.873047 0.093750 0.871094 0.095703 0.871094 0.107422 0.873047 0.109375 0.873047 0.119141 0.871094 0.121094 0.871094 0.123047 0.869141 0.125000 0.869141 0.150391 0.873047 0.154297 0.880859 0.154297 0.882812 0.152344 0.884766 0.154297 0.904297 0.154297 0.906250 0.152344 0.910156 0.152344 0.912109 0.150391 0.916016 0.150391 0.917969 0.148438 0.919922 0.148438 0.921875 0.150391 0.921875 0.160156 0.923828 0.162109 0.921875 0.164062 0.916016 0.164062 0.912109 0.167969 0.912109 0.173828 0.910156 0.175781 0.906250 0.171875 0.892578 0.171875 0.890625 0.169922 0.880859 0.169922 0.878906 0.171875 0.876953 0.171875 0.873047 0.175781 0.873047 0.183594 0.871094 0.185547 0.869141 0.183594 0.869141 0.181641 0.867188 0.179688 0.869141 0.177734 0.869141 0.166016 0.865234 0.162109 0.857422 0.162109 0.853516 0.166016 0.853516 0.169922 0.849609 0.173828 0.849609 0.175781 0.845703 0.179688 0.845703 0.187500 0.857422 0.199219 0.867188 0.199219 0.871094 0.195312 0.871094 0.185547 0.873047 0.183594 0.875000 0.185547 0.875000 0.187500 0.876953 0.189453 0.876953 0.199219 0.871094 0.205078 0.869141 0.203125 0.859375 0.203125 0.855469 0.207031 0.855469 0.214844 0.859375 0.218750 0.869141 0.218750 0.871094 0.216797 0.878906 0.224609 0.878906 0.230469 0.882812 0.234375 0.884766 0.234375 0.886719 0.236328 0.886719 0.240234 0.890625 0.244141 0.904297 0.244141 0.910156 0.238281 0.912109 0.238281 0.916016 0.242188 0.919922 0.242188 0.921875 0.244141 0.921875 0.246094 0.929688 0.253906 0.927734 0.255859 0.919922 0.255859 0.916016 0.259766 0.916016 0.269531 0.914062 0.271484 0.914062 0.289062 0.916016 0.291016 0.916016 0.292969 0.917969 0.294922 0.916016 0.296875 0.908203 0.296875 0.906250 0.298828 0.900391 0.298828 0.894531 0.304688 0.894531 0.310547 0.890625 0.314453 0.890625 0.322266 0.894531 0.326172 0.908203 0.326172 0.910156 0.328125 0.906250 0.332031 0.906250 0.339844 0.910156 0.343750 0.919922 0.343750 0.921875 0.345703 0.921875 0.347656 0.919922 0.349609 0.916016 0.349609 0.912109 0.353516 0.912109 0.361328 0.917969 0.367188 0.916016 0.369141 0.910156 0.369141 0.908203 0.371094 0.896484 0.371094 0.894531 0.373047 0.886719 0.373047 0.882812 0.376953 0.882812 0.386719 0.886719 0.390625 0.902344 0.390625 0.904297 0.392578 0.904297 0.404297 0.902344 0.406250 0.902344 0.412109 0.900391 0.414062 0.900391 0.416016 0.898438 0.417969 0.898438 0.419922 0.896484 0.421875 0.896484 0.423828 0.892578 0.427734 0.890625 0.425781 0.890625 0.417969 0.882812 0.410156 0.875000 0.410156 0.871094 0.414062 0.865234 0.414062 0.859375 0.419922 0.843750 0.419922 0.839844 0.423828 0.839844 0.427734 0.837891 0.429688 0.837891 0.437500 0.841797 0.441406 0.855469 0.441406 0.857422 0.443359 0.849609 0.451172 0.849609 0.453125 0.847656 0.455078 0.847656 0.462891 0.851562 0.466797 0.853516 0.466797 0.855469 0.468750 0.847656 0.476562 0.847656 0.482422 0.845703 0.484375 0.845703 0.490234 0.830078 0.505859 0.830078 0.509766 0.826172 0.513672 0.818359 0.513672 0.816406 0.515625 0.814453 0.515625 0.810547 0.511719 0.802734 0.511719 0.798828 0.515625 0.798828 0.523438 0.796875 0.525391 0.792969 0.525391 0.791016 0.527344 0.787109 0.527344 0.785156 0.529297 0.783203 0.529297 0.779297 0.533203 0.779297 0.541016 0.783203 0.544922 0.783203 0.560547 0.787109 0.564453 0.791016 0.564453 0.794922 0.568359 0.794922 0.570312 0.796875 0.572266 0.791016 0.578125 0.791016 0.580078 0.787109 0.583984 0.787109 0.585938 0.781250 0.591797 0.781250 0.597656 0.779297 0.599609 0.777344 0.599609 0.775391 0.601562 0.773438 0.601562 0.767578 0.607422 0.767578 0.636719 0.773438 0.642578 0.773438 0.646484 0.777344 0.650391 0.773438 0.654297 0.773438 0.662109 0.771484 0.664062 0.771484 0.666016 0.769531 0.667969 0.769531 0.669922 0.761719 0.677734 0.761719 0.679688 0.759766 0.681641 0.759766 0.685547 0.750000 0.695312 0.750000 0.697266 0.748047 0.699219 0.744141 0.699219 0.742188 0.701172 0.740234 0.701172 0.736328 0.705078 0.736328 0.707031 0.734375 0.708984 0.732422 0.708984 0.730469 0.707031 0.730469 0.703125 0.726562 0.699219 0.722656 0.699219 0.720703 0.697266 0.718750 0.697266 0.712891 0.691406 0.685547 0.691406 0.683594 0.693359 0.681641 0.693359 0.677734 0.697266 0.677734 0.705078 0.675781 0.707031 0.669922 0.707031 0.662109 0.714844 0.662109 0.730469 0.652344 0.740234 0.652344 0.742188 0.648438 0.746094 0.648438 0.748047 0.644531 0.751953 0.644531 0.759766 0.654297 0.769531 0.656250 0.769531 0.658203 0.771484 0.667969 0.771484 0.669922 0.773438 0.681641 0.773438 0.683594 0.775391 0.679688 0.779297 0.677734 0.779297 0.671875 0.785156 0.669922 0.785156 0.667969 0.787109 0.666016 0.787109 0.662109 0.783203 0.652344 0.783203 0.650391 0.785156 0.642578 0.785156 0.640625 0.787109 0.636719 0.787109 0.634766 0.789062 0.630859 0.789062 0.623047 0.796875 0.623047 0.802734 0.619141 0.806641 0.619141 0.810547 0.617188 0.812500 0.617188 0.820312 0.619141 0.822266 0.617188 0.824219 0.617188 0.828125 0.615234 0.830078 0.615234 0.832031 0.613281 0.833984 0.613281 0.837891 0.611328 0.839844 0.611328 0.841797 0.609375 0.843750 0.607422 0.843750 0.601562 0.849609 0.597656 0.849609 0.595703 0.851562 0.589844 0.851562 0.587891 0.853516 0.585938 0.853516 0.582031 0.857422 0.582031 0.859375 0.580078 0.861328 0.580078 0.869141 0.583984 0.873047 0.593750 0.873047 0.595703 0.875000 0.589844 0.880859 0.589844 0.882812 0.585938 0.886719 0.585938 0.888672 0.583984 0.890625 0.574219 0.890625 0.572266 0.892578 0.570312 0.892578 0.566406 0.896484 0.556641 0.896484 0.552734 0.900391 0.552734 0.910156 0.544922 0.917969 0.544922 0.919922 0.542969 0.921875 0.535156 0.921875 0.531250 0.925781 0.531250 0.931641 0.529297 0.933594 0.523438 0.933594 0.517578 0.939453 0.517578 0.941406 0.496094 0.962891 0.496094 0.964844 0.490234 0.970703 0.488281 0.970703 0.484375 0.974609 0.482422 0.974609 0.476562 0.980469 0.474609 0.980469 0.470703 0.984375 0.470703 0.992188 0.474609 0.996094 0.476562 0.996094 0.478516 0.998047 0.511719 0.998047 0.513672 0.996094 0.515625 0.996094 0.517578 0.994141 0.523438 0.994141 0.527344 0.990234 0.529297 0.990234 0.544922 0.974609 0.546875 0.974609 0.550781 0.970703 0.550781 0.968750 0.560547 0.958984 0.560547 0.957031 0.576172 0.941406 0.576172 0.939453 0.585938 0.929688 0.587891 0.929688 0.607422 0.910156 0.607422 0.908203 0.613281 0.902344 0.613281 0.894531 0.615234 0.892578 0.617188 0.892578 0.628906 0.880859 0.628906 0.878906 0.638672 0.869141 0.638672 0.867188 0.642578 0.863281 0.642578 0.861328 0.648438 0.855469 0.650391 0.855469 0.654297 0.851562 0.654297 0.839844 0.656250 0.837891 0.658203 0.839844 0.666016 0.839844 0.669922 0.835938 0.669922 0.828125 0.685547 0.812500 0.685547 0.796875 0.689453 0.792969 0.691406 0.792969 0.697266 0.787109 0.697266 0.785156 0.699219 0.783203 0.699219 0.781250 0.701172 0.779297 0.708984 0.779297 0.712891 0.775391 0.712891 0.769531 0.716797 0.765625 0.716797 0.763672 0.718750 0.761719 0.718750 0.759766 0.722656 0.755859 0.722656 0.753906 0.728516 0.748047 0.728516 0.746094 0.734375 0.740234 0.734375 0.738281 0.738281 0.734375 0.738281 0.732422 0.740234 0.730469 0.740234 0.726562 0.742188 0.724609 0.744141 0.724609 0.750000 0.718750 0.750000 0.716797 0.751953 0.714844 0.751953 0.712891 0.757812 0.707031 0.761719 0.707031 0.761719 0.705078 0.769531 0.697266 0.769531 0.695312 0.775391 0.689453 0.775391 0.687500 0.781250 0.681641 0.781250 0.679688 0.789062 0.671875 0.789062 0.669922 0.792969 0.666016 0.792969 0.662109 0.794922 0.660156 0.796875 0.660156 0.796875 0.658203 0.806641 0.648438 0.806641 0.646484 0.812500 0.640625 0.812500 0.638672 0.820312 0.630859 0.820312 0.628906 0.826172 0.623047 0.826172 0.619141 0.833984 0.611328 0.833984 0.605469 0.839844 0.599609 0.841797 0.599609 0.857422 0.583984 0.857422 0.582031 0.861328 0.578125 0.861328 0.576172 0.867188 0.570312 0.867188 0.568359 0.873047 0.562500 0.873047 0.560547 0.875000 0.558594 0.875000 0.548828 0.884766 0.539062 0.884766 0.537109 0.890625 0.531250 0.890625 0.525391 0.892578 0.523438 0.892578 0.521484 0.894531 0.519531 0.894531 0.517578 0.896484 0.515625 0.896484 0.513672 0.902344 0.507812 0.902344 0.503906 0.904297 0.501953 0.908203 0.501953 0.912109 0.498047 0.912109 0.484375 0.908203 0.480469 0.878906 0.480469 0.875000 0.484375 0.873047 0.484375 0.871094 0.482422 0.871094 0.472656 0.873047 0.470703 0.876953 0.470703 0.880859 0.466797 0.888672 0.466797 0.890625 0.468750 0.890625 0.470703 0.894531 0.474609 0.902344 0.474609 0.906250 0.470703 0.908203 0.470703 0.912109 0.474609 0.919922 0.474609 0.923828 0.470703 0.923828 0.468750 0.925781 0.466797 0.927734 0.466797 0.931641 0.462891 0.931641 0.460938 0.935547 0.457031 0.935547 0.455078 0.937500 0.453125 0.937500 0.449219 0.943359 0.443359 0.943359 0.441406 0.949219 0.435547 0.949219 0.433594 0.953125 0.429688 0.953125 0.427734 0.958984 0.421875 0.958984 0.419922 0.966797 0.412109 0.966797 0.410156 0.968750 0.408203 0.968750 0.406250 0.976562 0.398438 0.976562 0.396484 0.978516 0.394531 0.978516 0.392578 0.982422 0.388672 0.982422 0.384766 0.984375 0.382812 0.984375 0.376953 0.986328 0.375000 0.986328 0.369141 0.990234 0.365234 0.990234 0.359375 0.992188 0.357422 0.992188 0.355469 0.996094 0.351562 0.996094 0.349609 0.998047 0.347656 0.998047 0.306641 0.994141 0.306641 0.992188 0.304688 0.992188 0.283203 0.990234 0.281250 0.990234 0.275391 0.984375 0.269531 0.986328 0.267578 0.988281 0.267578 0.992188 0.263672 0.992188 0.261719 0.994141 0.259766 0.996094 0.259766 0.998047 0.257812 0.998047 0.220703 0.992188 0.220703 0.984375 0.228516 0.978516 0.228516 0.974609 0.232422 0.974609 0.236328 0.972656 0.238281 0.970703 0.236328 0.970703 0.224609 0.966797 0.220703 0.966797 0.207031 0.968750 0.205078 0.970703 0.207031 0.978516 0.207031 0.980469 0.205078 0.996094 0.205078 0.998047 0.203125 0.998047 0.156250 0.996094 0.154297 0.996094 0.152344 0.994141 0.150391 0.994141 0.148438 0.990234 0.144531 0.982422 0.144531 0.978516 0.148438 0.978516 0.158203 0.982422 0.162109 0.982422 0.167969 0.984375 0.169922 0.984375 0.171875 0.990234 0.177734 0.984375 0.183594 0.982422 0.181641 0.982422 0.179688 0.978516 0.175781 0.978516 0.173828 0.970703 0.166016 0.964844 0.166016 0.960938 0.162109 0.960938 0.160156 0.957031 0.156250 0.957031 0.154297 0.951172 0.148438 0.939453 0.148438 0.933594 0.142578 0.935547 0.140625 0.935547 0.132812 0.939453 0.128906 0.939453 0.123047 0.943359 0.119141 0.943359 0.101562 0.939453 0.097656 0.929688 0.097656 0.927734 0.095703 0.919922 0.095703 0.914062 0.101562 0.914062 0.103516 0.912109 0.105469 0.912109 0.113281 0.910156 0.115234 0.910156 0.117188 0.908203 0.119141 0.908203 0.123047 0.906250 0.125000 0.904297 0.123047 0.904297 0.099609 0.906250 0.097656 0.906250 0.080078 0.902344 0.076172 0.900391 0.076172 0.898438 0.074219 0.898438 0.072266 0.900391 0.070312 0.900391 0.062500 0.904297 0.058594 0.904297 0.037109 0.900391 0.033203 0.898438 0.033203 0.894531 0.029297 0.886719 0.029297 0.882812 0.033203 0.882812 0.042969 0.880859 0.044922 0.878906 0.042969 0.878906 0.033203 0.875000 0.029297 0.867188 0.029297 0.865234 0.031250 0.863281 0.029297 0.845703 0.029297 0.841797 0.033203 0.839844 0.031250 0.839844 0.025391 0.837891 0.023438 0.837891 0.021484 0.839844 0.019531 0.839844 0.009766 0.832031 0.001953 0.828125 0.001953 0.826172 0.000000
0 0.710938 0.000000 0.710938 0.003906 0.708984 0.005859 0.707031 0.005859 0.705078 0.007812 0.695312 0.007812 0.693359 0.009766 0.685547 0.009766 0.681641 0.013672 0.681641 0.021484 0.685547 0.025391 0.693359 0.025391 0.695312 0.023438 0.697266 0.023438 0.699219 0.025391 0.710938 0.025391 0.712891 0.023438 0.714844 0.025391 0.714844 0.027344 0.718750 0.031250 0.726562 0.031250 0.730469 0.027344 0.730469 0.017578 0.732422 0.015625 0.732422 0.009766 0.734375 0.007812 0.734375 0.000000
0 0.626953 0.000000 0.626953 0.007812 0.628906 0.009766 0.628906 0.011719 0.626953 0.013672 0.626953 0.017578 0.621094 0.023438 0.621094 0.031250 0.625000 0.035156 0.628906 0.035156 0.634766 0.041016 0.644531 0.041016 0.648438 0.037109 0.648438 0.033203 0.654297 0.027344 0.656250 0.027344 0.658203 0.029297 0.666016 0.029297 0.669922 0.025391 0.669922 0.017578 0.666016 0.013672 0.658203 0.013672 0.656250 0.011719 0.656250 0.005859 0.652344 0.001953 0.644531 0.001953 0.642578 0.000000
0 0.388672 0.000000 0.386719 0.001953 0.386719 0.005859 0.384766 0.007812 0.384766 0.009766 0.380859 0.013672 0.380859 0.017578 0.378906 0.019531 0.371094 0.019531 0.367188 0.023438 0.367188 0.031250 0.373047 0.037109 0.380859 0.037109 0.384766 0.033203 0.384766 0.027344 0.386719 0.025391 0.392578 0.025391 0.394531 0.023438 0.396484 0.023438 0.404297 0.015625 0.404297 0.000000
0 0.148438 0.000000 0.144531 0.003906 0.144531 0.011719 0.142578 0.013672 0.142578 0.021484 0.146484 0.025391 0.167969 0.025391 0.171875 0.021484 0.171875 0.017578 0.173828 0.015625 0.173828 0.005859 0.169922 0.001953 0.167969 0.001953 0.166016 0.000000