0 0.025391 0.968750 0.023438 0.970703 0.019531 0.970703 0.015625 0.974609 0.011719 0.974609 0.007812 0.978516 0.007812 0.986328 0.011719 0.990234 0.025391 0.990234 0.029297 0.986328 0.033203 0.986328 0.039062 0.980469 0.039062 0.972656 0.035156 0.968750
0 0.285156 0.937500 0.281250 0.941406 0.281250 0.949219 0.285156 0.953125 0.292969 0.953125 0.296875 0.949219 0.296875 0.941406 0.292969 0.937500
0 0.388672 0.929688 0.386719 0.931641 0.380859 0.931641 0.375000 0.937500 0.365234 0.937500 0.361328 0.941406 0.361328 0.949219 0.365234 0.953125 0.375000 0.953125 0.376953 0.955078 0.388672 0.955078 0.390625 0.957031 0.404297 0.957031 0.412109 0.949219 0.416016 0.949219 0.419922 0.945312 0.419922 0.937500 0.412109 0.929688
0 0.498047 0.923828 0.492188 0.929688 0.492188 0.945312 0.496094 0.949219 0.503906 0.949219 0.507812 0.945312 0.507812 0.937500 0.509766 0.935547 0.509766 0.927734 0.505859 0.923828
0 0.333984 0.919922 0.332031 0.921875 0.330078 0.921875 0.328125 0.923828 0.326172 0.923828 0.322266 0.927734 0.320312 0.927734 0.318359 0.929688 0.310547 0.929688 0.306641 0.933594 0.306641 0.941406 0.310547 0.945312 0.326172 0.945312 0.328125 0.943359 0.330078 0.943359 0.332031 0.941406 0.333984 0.941406 0.337891 0.937500 0.339844 0.937500 0.341797 0.935547 0.343750 0.935547 0.347656 0.931641 0.347656 0.923828 0.343750 0.919922
0 0.847656 0.916016 0.845703 0.917969 0.839844 0.917969 0.837891 0.919922 0.832031 0.919922 0.828125 0.923828 0.828125 0.925781 0.826172 0.927734 0.824219 0.927734 0.814453 0.937500 0.814453 0.945312 0.812500 0.947266 0.812500 0.951172 0.810547 0.953125 0.810547 0.955078 0.808594 0.957031 0.808594 0.978516 0.810547 0.980469 0.810547 0.982422 0.812500 0.984375 0.812500 0.996094 0.814453 0.998047 0.876953 0.998047 0.876953 0.958984 0.875000 0.957031 0.875000 0.953125 0.873047 0.951172 0.873047 0.949219 0.871094 0.947266 0.873047 0.945312 0.873047 0.943359 0.878906 0.937500 0.878906 0.935547 0.880859 0.933594 0.880859 0.921875 0.878906 0.919922 0.878906 0.917969 0.876953 0.917969 0.875000 0.916016
0 0.910156 0.914062 0.906250 0.917969 0.906250 0.925781 0.910156 0.929688 0.916016 0.929688 0.917969 0.931641 0.929688 0.931641 0.931641 0.933594 0.927734 0.937500 0.925781 0.935547 0.916016 0.935547 0.912109 0.939453 0.910156 0.939453 0.904297 0.945312 0.904297 0.968750 0.906250 0.970703 0.906250 0.974609 0.908203 0.976562 0.908203 0.978516 0.910156 0.980469 0.910156 0.988281 0.912109 0.990234 0.912109 0.996094 0.914062 0.998047 0.949219 0.998047 0.949219 0.990234 0.951172 0.988281 0.951172 0.966797 0.953125 0.964844 0.953125 0.960938 0.955078 0.958984 0.955078 0.947266 0.953125 0.945312 0.953125 0.937500 0.949219 0.933594 0.935547 0.933594 0.933594 0.931641 0.937500 0.927734 0.937500 0.919922 0.933594 0.916016 0.927734 0.916016 0.925781 0.914062
0 0.912109 0.863281 0.908203 0.867188 0.908203 0.875000 0.904297 0.878906 0.904297 0.890625 0.902344 0.892578 0.902344 0.904297 0.906250 0.908203 0.914062 0.908203 0.917969 0.904297 0.917969 0.902344 0.919922 0.900391 0.921875 0.900391 0.925781 0.896484 0.929688 0.896484 0.937500 0.888672 0.937500 0.876953 0.931641 0.871094 0.925781 0.871094 0.923828 0.869141 0.923828 0.867188 0.919922 0.863281
0 0.009766 0.839844 0.005859 0.843750 0.005859 0.851562 0.009766 0.855469 0.017578 0.855469 0.021484 0.851562 0.021484 0.843750 0.017578 0.839844
0 0.564453 0.794922 0.562500 0.796875 0.558594 0.796875 0.556641 0.798828 0.554688 0.798828 0.552734 0.800781 0.550781 0.800781 0.544922 0.806641 0.544922 0.808594 0.542969 0.810547 0.542969 0.820312 0.546875 0.824219 0.554688 0.824219 0.558594 0.820312 0.558594 0.818359 0.560547 0.816406 0.562500 0.816406 0.564453 0.814453 0.566406 0.814453 0.568359 0.812500 0.570312 0.812500 0.574219 0.816406 0.583984 0.816406 0.587891 0.812500 0.587891 0.804688 0.578125 0.794922
0 0.419922 0.791016 0.412109 0.798828 0.412109 0.802734 0.408203 0.806641 0.406250 0.806641 0.402344 0.810547 0.400391 0.810547 0.396484 0.814453 0.396484 0.824219 0.398438 0.826172 0.398438 0.828125 0.400391 0.830078 0.402344 0.830078 0.404297 0.832031 0.410156 0.832031 0.412109 0.833984 0.417969 0.833984 0.421875 0.837891 0.421875 0.843750 0.423828 0.845703 0.423828 0.847656 0.435547 0.859375 0.437500 0.859375 0.439453 0.861328 0.449219 0.861328 0.451172 0.859375 0.453125 0.859375 0.455078 0.857422 0.457031 0.859375 0.458984 0.859375 0.460938 0.861328 0.464844 0.861328 0.468750 0.865234 0.468750 0.867188 0.470703 0.867188 0.476562 0.873047 0.476562 0.875000 0.478516 0.876953 0.480469 0.876953 0.482422 0.878906 0.486328 0.878906 0.488281 0.880859 0.490234 0.880859 0.492188 0.882812 0.503906 0.882812 0.505859 0.884766 0.505859 0.888672 0.507812 0.890625 0.507812 0.892578 0.509766 0.894531 0.511719 0.894531 0.513672 0.896484 0.521484 0.896484 0.523438 0.894531 0.525391 0.894531 0.525391 0.892578 0.527344 0.890625 0.527344 0.878906 0.529297 0.876953 0.529297 0.869141 0.527344 0.867188 0.527344 0.865234 0.521484 0.859375 0.521484 0.849609 0.519531 0.847656 0.519531 0.845703 0.517578 0.845703 0.515625 0.843750 0.505859 0.843750 0.503906 0.845703 0.498047 0.845703 0.494141 0.841797 0.494141 0.835938 0.492188 0.833984 0.492188 0.832031 0.490234 0.832031 0.488281 0.830078 0.462891 0.830078 0.460938 0.828125 0.460938 0.826172 0.458984 0.824219 0.458984 0.822266 0.457031 0.820312 0.455078 0.820312 0.453125 0.818359 0.447266 0.818359 0.445312 0.816406 0.445312 0.806641 0.443359 0.804688 0.443359 0.802734 0.437500 0.796875 0.437500 0.794922 0.435547 0.792969 0.433594 0.792969 0.431641 0.791016
0 0.857422 0.775391 0.849609 0.783203 0.849609 0.800781 0.845703 0.804688 0.833984 0.804688 0.830078 0.808594 0.830078 0.814453 0.828125 0.816406 0.826172 0.816406 0.824219 0.818359 0.822266 0.818359 0.820312 0.820312 0.810547 0.820312 0.808594 0.818359 0.796875 0.818359 0.794922 0.816406 0.792969 0.816406 0.791016 0.814453 0.783203 0.814453 0.781250 0.812500 0.771484 0.812500 0.767578 0.816406 0.767578 0.820312 0.765625 0.822266 0.761719 0.822266 0.759766 0.820312 0.744141 0.820312 0.734375 0.830078 0.734375 0.835938 0.732422 0.837891 0.732422 0.839844 0.730469 0.841797 0.726562 0.841797 0.724609 0.839844 0.724609 0.837891 0.726562 0.835938 0.726562 0.824219 0.724609 0.822266 0.724609 0.820312 0.722656 0.818359 0.722656 0.816406 0.720703 0.814453 0.718750 0.814453 0.716797 0.812500 0.701172 0.812500 0.697266 0.816406 0.695312 0.816406 0.691406 0.820312 0.691406 0.832031 0.693359 0.833984 0.693359 0.837891 0.695312 0.839844 0.695312 0.841797 0.697266 0.841797 0.699219 0.843750 0.701172 0.843750 0.703125 0.845703 0.712891 0.845703 0.714844 0.843750 0.716797 0.845703 0.716797 0.849609 0.714844 0.851562 0.691406 0.851562 0.689453 0.853516 0.679688 0.853516 0.675781 0.857422 0.675781 0.859375 0.671875 0.863281 0.662109 0.863281 0.658203 0.867188 0.656250 0.867188 0.654297 0.865234 0.652344 0.865234 0.650391 0.863281 0.636719 0.863281 0.632812 0.867188 0.630859 0.865234 0.630859 0.855469 0.625000 0.849609 0.625000 0.847656 0.619141 0.841797 0.611328 0.841797 0.609375 0.839844 0.601562 0.839844 0.599609 0.837891 0.591797 0.837891 0.587891 0.841797 0.587891 0.851562 0.591797 0.855469 0.599609 0.855469 0.601562 0.857422 0.607422 0.857422 0.615234 0.865234 0.615234 0.869141 0.619141 0.873047 0.626953 0.873047 0.628906 0.871094 0.630859 0.873047 0.630859 0.880859 0.632812 0.882812 0.632812 0.884766 0.634766 0.886719 0.636719 0.886719 0.638672 0.888672 0.644531 0.888672 0.646484 0.890625 0.650391 0.890625 0.652344 0.892578 0.658203 0.892578 0.660156 0.894531 0.666016 0.894531 0.667969 0.896484 0.689453 0.896484 0.691406 0.894531 0.695312 0.894531 0.697266 0.892578 0.699219 0.892578 0.703125 0.888672 0.705078 0.888672 0.707031 0.886719 0.708984 0.886719 0.710938 0.884766 0.716797 0.884766 0.718750 0.882812 0.724609 0.882812 0.726562 0.880859 0.728516 0.880859 0.730469 0.878906 0.732422 0.878906 0.736328 0.882812 0.736328 0.884766 0.738281 0.884766 0.740234 0.886719 0.750000 0.886719 0.751953 0.888672 0.753906 0.888672 0.755859 0.890625 0.791016 0.890625 0.792969 0.888672 0.794922 0.888672 0.796875 0.886719 0.808594 0.886719 0.810547 0.884766 0.812500 0.884766 0.814453 0.882812 0.816406 0.882812 0.824219 0.875000 0.824219 0.873047 0.826172 0.871094 0.826172 0.869141 0.833984 0.861328 0.841797 0.861328 0.843750 0.859375 0.845703 0.859375 0.849609 0.855469 0.851562 0.855469 0.855469 0.851562 0.857422 0.851562 0.859375 0.849609 0.861328 0.849609 0.863281 0.847656 0.865234 0.847656 0.869141 0.843750 0.871094 0.843750 0.871094 0.841797 0.873047 0.839844 0.875000 0.839844 0.884766 0.830078 0.892578 0.830078 0.894531 0.828125 0.896484 0.828125 0.898438 0.826172 0.900391 0.826172 0.906250 0.820312 0.906250 0.818359 0.908203 0.816406 0.908203 0.806641 0.906250 0.804688 0.906250 0.802734 0.904297 0.802734 0.902344 0.800781 0.888672 0.800781 0.886719 0.802734 0.884766 0.802734 0.882812 0.804688 0.880859 0.804688 0.878906 0.806641 0.876953 0.806641 0.875000 0.804688 0.871094 0.804688 0.869141 0.802734 0.869141 0.794922 0.871094 0.792969 0.871094 0.791016 0.873047 0.789062 0.873047 0.781250 0.871094 0.779297 0.871094 0.777344 0.869141 0.777344 0.867188 0.775391
0 0.951172 0.753906 0.947266 0.757812 0.947266 0.767578 0.949219 0.769531 0.949219 0.771484 0.951172 0.773438 0.951172 0.775391 0.947266 0.779297 0.947266 0.787109 0.941406 0.792969 0.941406 0.800781 0.945312 0.804688 0.945312 0.816406 0.947266 0.818359 0.941406 0.824219 0.941406 0.832031 0.943359 0.833984 0.941406 0.835938 0.941406 0.851562 0.947266 0.857422 0.958984 0.857422 0.964844 0.851562 0.964844 0.849609 0.968750 0.845703 0.968750 0.830078 0.966797 0.828125 0.966797 0.812500 0.968750 0.810547 0.968750 0.806641 0.970703 0.804688 0.970703 0.757812 0.966797 0.753906
0 0.062500 0.753906 0.058594 0.757812 0.050781 0.757812 0.046875 0.761719 0.035156 0.761719 0.031250 0.765625 0.029297 0.765625 0.027344 0.763672 0.019531 0.763672 0.015625 0.767578 0.013672 0.765625 0.005859 0.765625 0.001953 0.769531 0.001953 0.777344 0.005859 0.781250 0.013672 0.781250 0.017578 0.777344 0.019531 0.779297 0.027344 0.779297 0.031250 0.775391 0.033203 0.775391 0.035156 0.777344 0.044922 0.777344 0.048828 0.773438 0.060547 0.773438 0.064453 0.769531 0.070312 0.769531 0.074219 0.765625 0.074219 0.757812 0.070312 0.753906
0 0.322266 0.734375 0.316406 0.740234 0.316406 0.750000 0.320312 0.753906 0.330078 0.753906 0.332031 0.751953 0.333984 0.751953 0.337891 0.748047 0.337891 0.738281 0.333984 0.734375
0 0.130859 0.712891 0.126953 0.716797 0.126953 0.724609 0.130859 0.728516 0.138672 0.728516 0.142578 0.724609 0.142578 0.716797 0.138672 0.712891
0 0.517578 0.687500 0.513672 0.691406 0.513672 0.699219 0.517578 0.703125 0.523438 0.703125 0.531250 0.710938 0.539062 0.710938 0.542969 0.707031 0.542969 0.697266 0.539062 0.693359 0.531250 0.693359 0.525391 0.687500
0 0.539062 0.671875 0.535156 0.675781 0.535156 0.683594 0.539062 0.687500 0.546875 0.687500 0.550781 0.683594 0.550781 0.675781 0.546875 0.671875
0 0.492188 0.654297 0.488281 0.658203 0.488281 0.666016 0.492188 0.669922 0.492188 0.671875 0.496094 0.675781 0.498047 0.675781 0.500000 0.677734 0.500000 0.681641 0.503906 0.685547 0.511719 0.685547 0.515625 0.681641 0.515625 0.671875 0.511719 0.667969 0.509766 0.667969 0.507812 0.666016 0.507812 0.664062 0.503906 0.660156 0.503906 0.658203 0.500000 0.654297
0 0.955078 0.634766 0.951172 0.638672 0.951172 0.646484 0.957031 0.652344 0.957031 0.675781 0.955078 0.677734 0.955078 0.679688 0.953125 0.681641 0.953125 0.683594 0.951172 0.685547 0.951172 0.703125 0.947266 0.707031 0.947266 0.732422 0.955078 0.740234 0.957031 0.740234 0.958984 0.742188 0.972656 0.742188 0.976562 0.738281 0.976562 0.730469 0.980469 0.726562 0.976562 0.722656 0.976562 0.703125 0.978516 0.701172 0.978516 0.697266 0.980469 0.695312 0.980469 0.691406 0.978516 0.689453 0.978516 0.667969 0.982422 0.664062 0.982422 0.656250 0.980469 0.654297 0.980469 0.642578 0.978516 0.640625 0.978516 0.638672 0.974609 0.634766
0 0.660156 0.585938 0.656250 0.589844 0.656250 0.597656 0.660156 0.601562 0.664062 0.601562 0.666016 0.603516 0.667969 0.603516 0.669922 0.605469 0.671875 0.605469 0.673828 0.607422 0.675781 0.607422 0.677734 0.609375 0.675781 0.611328 0.675781 0.613281 0.673828 0.615234 0.666016 0.615234 0.662109 0.619141 0.660156 0.619141 0.654297 0.625000 0.650391 0.625000 0.648438 0.626953 0.646484 0.626953 0.640625 0.632812 0.640625 0.642578 0.646484 0.648438 0.652344 0.648438 0.654297 0.650391 0.669922 0.650391 0.673828 0.654297 0.671875 0.656250 0.669922 0.656250 0.666016 0.660156 0.666016 0.667969 0.669922 0.671875 0.671875 0.671875 0.673828 0.673828 0.673828 0.679688 0.675781 0.681641 0.675781 0.685547 0.679688 0.689453 0.691406 0.689453 0.693359 0.687500 0.697266 0.687500 0.701172 0.683594 0.701172 0.673828 0.703125 0.671875 0.703125 0.660156 0.701172 0.658203 0.701172 0.656250 0.707031 0.650391 0.707031 0.623047 0.701172 0.617188 0.701172 0.615234 0.699219 0.613281 0.699219 0.611328 0.695312 0.607422 0.693359 0.607422 0.691406 0.605469 0.693359 0.603516 0.693359 0.595703 0.689453 0.591797 0.681641 0.591797 0.679688 0.589844 0.677734 0.589844 0.673828 0.585938
0 0.103516 0.480469 0.099609 0.484375 0.099609 0.494141 0.101562 0.496094 0.101562 0.498047 0.103516 0.498047 0.107422 0.501953 0.107422 0.507812 0.109375 0.509766 0.109375 0.511719 0.111328 0.511719 0.113281 0.513672 0.121094 0.513672 0.123047 0.511719 0.125000 0.511719 0.125000 0.509766 0.126953 0.507812 0.126953 0.500000 0.125000 0.498047 0.125000 0.496094 0.123047 0.496094 0.119141 0.492188 0.119141 0.486328 0.117188 0.484375 0.117188 0.482422 0.115234 0.482422 0.113281 0.480469
0 0.908203 0.466797 0.902344 0.472656 0.900391 0.472656 0.898438 0.474609 0.876953 0.474609 0.875000 0.476562 0.873047 0.476562 0.871094 0.478516 0.869141 0.478516 0.867188 0.480469 0.859375 0.480469 0.857422 0.482422 0.847656 0.482422 0.845703 0.484375 0.837891 0.484375 0.835938 0.486328 0.832031 0.486328 0.828125 0.490234 0.820312 0.490234 0.818359 0.492188 0.810547 0.492188 0.806641 0.496094 0.804688 0.496094 0.802734 0.498047 0.798828 0.498047 0.796875 0.500000 0.791016 0.500000 0.783203 0.507812 0.783203 0.509766 0.781250 0.511719 0.781250 0.521484 0.783203 0.523438 0.783203 0.525391 0.781250 0.527344 0.775391 0.527344 0.771484 0.531250 0.771484 0.539062 0.775391 0.542969 0.783203 0.542969 0.787109 0.539062 0.787109 0.531250 0.789062 0.529297 0.794922 0.529297 0.796875 0.527344 0.798828 0.529297 0.798828 0.533203 0.802734 0.537109 0.810547 0.537109 0.812500 0.535156 0.818359 0.535156 0.822266 0.531250 0.835938 0.531250 0.837891 0.529297 0.841797 0.529297 0.843750 0.527344 0.847656 0.527344 0.849609 0.525391 0.853516 0.525391 0.855469 0.523438 0.859375 0.523438 0.861328 0.521484 0.865234 0.521484 0.867188 0.519531 0.869141 0.519531 0.873047 0.515625 0.878906 0.515625 0.880859 0.513672 0.884766 0.513672 0.886719 0.511719 0.898438 0.511719 0.900391 0.509766 0.904297 0.509766 0.906250 0.507812 0.912109 0.507812 0.914062 0.505859 0.927734 0.505859 0.931641 0.501953 0.931641 0.494141 0.925781 0.488281 0.929688 0.484375 0.929688 0.476562 0.925781 0.472656 0.923828 0.472656 0.917969 0.466797
0 0.960938 0.369141 0.957031 0.373047 0.957031 0.382812 0.958984 0.384766 0.957031 0.386719 0.957031 0.388672 0.955078 0.390625 0.955078 0.410156 0.953125 0.412109 0.953125 0.414062 0.951172 0.416016 0.951172 0.462891 0.949219 0.464844 0.949219 0.466797 0.947266 0.468750 0.947266 0.472656 0.945312 0.474609 0.945312 0.482422 0.951172 0.488281 0.958984 0.488281 0.962891 0.484375 0.962891 0.476562 0.964844 0.474609 0.964844 0.472656 0.966797 0.470703 0.966797 0.423828 0.968750 0.421875 0.968750 0.419922 0.970703 0.417969 0.970703 0.398438 0.972656 0.396484 0.972656 0.394531 0.974609 0.392578 0.974609 0.380859 0.972656 0.378906 0.972656 0.373047 0.968750 0.369141
0 0.082031 0.345703 0.078125 0.349609 0.078125 0.367188 0.080078 0.369141 0.080078 0.371094 0.082031 0.371094 0.085938 0.375000 0.085938 0.376953 0.087891 0.376953 0.089844 0.378906 0.097656 0.378906 0.099609 0.376953 0.101562 0.376953 0.101562 0.375000 0.103516 0.373047 0.103516 0.363281 0.101562 0.361328 0.101562 0.351562 0.099609 0.349609 0.099609 0.347656 0.097656 0.347656 0.095703 0.345703
0 0.996094 0.320312 0.992188 0.324219 0.992188 0.332031 0.994141 0.333984 0.994141 0.339844 0.992188 0.341797 0.992188 0.343750 0.990234 0.345703 0.988281 0.345703 0.984375 0.349609 0.984375 0.363281 0.988281 0.367188 0.986328 0.369141 0.986328 0.371094 0.984375 0.373047 0.984375 0.406250 0.986328 0.408203 0.986328 0.414062 0.988281 0.416016 0.988281 0.433594 0.992188 0.437500 0.998047 0.437500 0.998047 0.320312
0 0.798828 0.255859 0.789062 0.265625 0.781250 0.265625 0.777344 0.269531 0.777344 0.277344 0.781250 0.281250 0.781250 0.291016 0.785156 0.294922 0.792969 0.294922 0.796875 0.291016 0.796875 0.289062 0.798828 0.287109 0.804688 0.287109 0.806641 0.285156 0.810547 0.285156 0.816406 0.279297 0.816406 0.271484 0.810547 0.265625 0.810547 0.259766 0.806641 0.255859
0 0.697266 0.232422 0.693359 0.236328 0.693359 0.244141 0.697266 0.248047 0.705078 0.248047 0.708984 0.244141 0.708984 0.236328 0.705078 0.232422
0 0.322266 0.181641 0.316406 0.187500 0.316406 0.207031 0.318359 0.208984 0.318359 0.210938 0.322266 0.214844 0.322266 0.216797 0.324219 0.216797 0.326172 0.218750 0.333984 0.218750 0.335938 0.216797 0.343750 0.216797 0.345703 0.214844 0.347656 0.214844 0.347656 0.212891 0.349609 0.210938 0.349609 0.193359 0.347656 0.191406 0.347656 0.189453 0.343750 0.185547 0.343750 0.183594 0.341797 0.183594 0.339844 0.181641
0 0.765625 0.175781 0.761719 0.179688 0.755859 0.179688 0.753906 0.181641 0.748047 0.181641 0.746094 0.183594 0.742188 0.183594 0.740234 0.185547 0.738281 0.185547 0.736328 0.187500 0.734375 0.187500 0.730469 0.191406 0.728516 0.191406 0.726562 0.193359 0.714844 0.193359 0.710938 0.197266 0.710938 0.207031 0.712891 0.208984 0.712891 0.210938 0.716797 0.214844 0.732422 0.214844 0.738281 0.208984 0.738281 0.207031 0.740234 0.205078 0.742188 0.205078 0.746094 0.201172 0.748047 0.201172 0.750000 0.199219 0.753906 0.199219 0.755859 0.197266 0.761719 0.197266 0.763672 0.195312 0.767578 0.195312 0.769531 0.193359 0.771484 0.193359 0.777344 0.187500 0.777344 0.179688 0.773438 0.175781
0 0.625000 0.158203 0.621094 0.162109 0.621094 0.171875 0.625000 0.175781 0.625000 0.179688 0.636719 0.191406 0.636719 0.199219 0.640625 0.203125 0.640625 0.207031 0.644531 0.210938 0.654297 0.210938 0.658203 0.207031 0.658203 0.197266 0.656250 0.195312 0.656250 0.193359 0.650391 0.187500 0.648438 0.187500 0.646484 0.185547 0.646484 0.175781 0.640625 0.169922 0.640625 0.167969 0.638672 0.166016 0.638672 0.164062 0.632812 0.158203
0 0.728516 0.156250 0.724609 0.160156 0.724609 0.162109 0.722656 0.164062 0.720703 0.162109 0.712891 0.162109 0.708984 0.166016 0.708984 0.173828 0.712891 0.177734 0.720703 0.177734 0.724609 0.173828 0.724609 0.171875 0.726562 0.169922 0.728516 0.171875 0.736328 0.171875 0.740234 0.167969 0.740234 0.160156 0.736328 0.156250
0 0.986328 0.117188 0.982422 0.121094 0.982422 0.128906 0.986328 0.132812 0.994141 0.132812 0.998047 0.128906 0.998047 0.121094 0.994141 0.117188
0 0.000000 0.101562 0.000000 0.160156 0.001953 0.158203 0.003906 0.158203 0.007812 0.154297 0.007812 0.152344 0.009766 0.150391 0.009766 0.134766 0.007812 0.132812 0.007812 0.130859 0.005859 0.128906 0.005859 0.125000 0.007812 0.123047 0.009766 0.123047 0.009766 0.121094 0.011719 0.119141 0.011719 0.107422 0.009766 0.105469 0.009766 0.103516 0.007812 0.103516 0.005859 0.101562
0 0.617188 0.074219 0.615234 0.076172 0.613281 0.076172 0.609375 0.080078 0.609375 0.085938 0.607422 0.087891 0.603516 0.083984 0.589844 0.083984 0.587891 0.085938 0.585938 0.085938 0.580078 0.091797 0.580078 0.099609 0.583984 0.103516 0.591797 0.103516 0.593750 0.101562 0.597656 0.101562 0.599609 0.099609 0.603516 0.099609 0.607422 0.095703 0.607422 0.091797 0.609375 0.089844 0.623047 0.103516 0.623047 0.105469 0.625000 0.107422 0.625000 0.113281 0.623047 0.115234 0.621094 0.113281 0.621094 0.111328 0.617188 0.107422 0.615234 0.107422 0.613281 0.105469 0.605469 0.105469 0.601562 0.109375 0.601562 0.117188 0.607422 0.123047 0.607422 0.132812 0.609375 0.134766 0.609375 0.136719 0.613281 0.140625 0.613281 0.146484 0.617188 0.150391 0.625000 0.150391 0.628906 0.146484 0.628906 0.142578 0.630859 0.140625 0.632812 0.140625 0.636719 0.144531 0.648438 0.144531 0.652344 0.140625 0.652344 0.125000 0.650391 0.123047 0.650391 0.117188 0.646484 0.113281 0.646484 0.111328 0.640625 0.105469 0.640625 0.097656 0.638672 0.095703 0.638672 0.093750 0.628906 0.083984 0.628906 0.078125 0.625000 0.074219
0 0.945312 0.060547 0.943359 0.062500 0.941406 0.062500 0.939453 0.064453 0.937500 0.064453 0.929688 0.072266 0.929688 0.080078 0.933594 0.083984 0.941406 0.083984 0.945312 0.080078 0.949219 0.080078 0.953125 0.076172 0.960938 0.083984 0.958984 0.085938 0.958984 0.093750 0.960938 0.095703 0.960938 0.097656 0.957031 0.101562 0.957031 0.123047 0.955078 0.125000 0.955078 0.134766 0.958984 0.138672 0.966797 0.138672 0.970703 0.134766 0.970703 0.123047 0.972656 0.121094 0.972656 0.101562 0.970703 0.099609 0.970703 0.097656 0.974609 0.093750 0.974609 0.085938 0.968750 0.080078 0.970703 0.078125 0.970703 0.070312 0.966797 0.066406 0.960938 0.066406 0.955078 0.060547
0 0.994141 0.041016 0.992188 0.042969 0.990234 0.042969 0.984375 0.048828 0.984375 0.074219 0.990234 0.080078 0.990234 0.095703 0.992188 0.097656 0.992188 0.105469 0.996094 0.109375 0.998047 0.109375 0.998047 0.041016
0 0.384766 0.017578 0.380859 0.021484 0.380859 0.033203 0.373047 0.041016 0.373047 0.042969 0.371094 0.044922 0.369141 0.044922 0.365234 0.048828 0.365234 0.050781 0.359375 0.056641 0.359375 0.060547 0.355469 0.064453 0.355469 0.074219 0.353516 0.076172 0.349609 0.076172 0.347656 0.078125 0.343750 0.078125 0.341797 0.080078 0.339844 0.080078 0.337891 0.082031 0.335938 0.082031 0.333984 0.083984 0.332031 0.083984 0.330078 0.085938 0.322266 0.085938 0.320312 0.087891 0.314453 0.087891 0.312500 0.085938 0.314453 0.083984 0.316406 0.083984 0.316406 0.082031 0.318359 0.080078 0.318359 0.076172 0.320312 0.074219 0.322266 0.074219 0.322266 0.072266 0.326172 0.068359 0.326172 0.066406 0.328125 0.064453 0.328125 0.050781 0.326172 0.048828 0.326172 0.046875 0.322266 0.042969 0.320312 0.042969 0.318359 0.041016 0.308594 0.041016 0.304688 0.044922 0.304688 0.056641 0.306641 0.058594 0.302734 0.062500 0.289062 0.062500 0.285156 0.066406 0.279297 0.066406 0.275391 0.070312 0.275391 0.078125 0.273438 0.080078 0.255859 0.080078 0.251953 0.083984 0.251953 0.085938 0.250000 0.087891 0.242188 0.087891 0.238281 0.091797 0.238281 0.099609 0.234375 0.103516 0.230469 0.103516 0.228516 0.101562 0.226562 0.101562 0.224609 0.099609 0.214844 0.099609 0.207031 0.107422 0.205078 0.105469 0.205078 0.097656 0.203125 0.095703 0.203125 0.093750 0.201172 0.093750 0.199219 0.091797 0.199219 0.083984 0.197266 0.082031 0.197266 0.080078 0.195312 0.080078 0.193359 0.078125 0.183594 0.078125 0.179688 0.082031 0.179688 0.091797 0.181641 0.093750 0.181641 0.095703 0.183594 0.095703 0.185547 0.097656 0.185547 0.107422 0.187500 0.109375 0.187500 0.111328 0.189453 0.111328 0.191406 0.113281 0.199219 0.113281 0.201172 0.111328 0.203125 0.111328 0.205078 0.113281 0.205078 0.115234 0.203125 0.117188 0.199219 0.117188 0.195312 0.121094 0.191406 0.121094 0.189453 0.123047 0.187500 0.123047 0.183594 0.126953 0.177734 0.126953 0.173828 0.130859 0.173828 0.132812 0.171875 0.134766 0.164062 0.134766 0.160156 0.138672 0.160156 0.140625 0.158203 0.142578 0.148438 0.142578 0.144531 0.146484 0.142578 0.146484 0.140625 0.148438 0.134766 0.148438 0.130859 0.152344 0.126953 0.152344 0.125000 0.154297 0.123047 0.154297 0.121094 0.156250 0.119141 0.156250 0.115234 0.160156 0.111328 0.160156 0.109375 0.162109 0.105469 0.162109 0.099609 0.167969 0.095703 0.167969 0.093750 0.169922 0.089844 0.169922 0.087891 0.171875 0.082031 0.171875 0.080078 0.173828 0.078125 0.173828 0.076172 0.175781 0.074219 0.175781 0.072266 0.177734 0.068359 0.177734 0.066406 0.179688 0.064453 0.179688 0.060547 0.183594 0.060547 0.185547 0.058594 0.187500 0.046875 0.187500 0.042969 0.191406 0.041016 0.189453 0.039062 0.189453 0.037109 0.187500 0.033203 0.187500 0.031250 0.185547 0.031250 0.177734 0.029297 0.175781 0.029297 0.173828 0.027344 0.173828 0.025391 0.171875 0.015625 0.171875 0.007812 0.179688 0.000000 0.179688 0.000000 0.199219 0.001953 0.201172 0.015625 0.201172 0.017578 0.203125 0.019531 0.203125 0.021484 0.205078 0.023438 0.205078 0.027344 0.208984 0.029297 0.208984 0.031250 0.210938 0.041016 0.210938 0.042969 0.212891 0.050781 0.212891 0.052734 0.210938 0.066406 0.210938 0.068359 0.208984 0.070312 0.208984 0.070312 0.207031 0.072266 0.205078 0.072266 0.203125 0.076172 0.199219 0.078125 0.199219 0.082031 0.195312 0.087891 0.195312 0.089844 0.193359 0.091797 0.193359 0.093750 0.191406 0.099609 0.191406 0.101562 0.189453 0.103516 0.189453 0.105469 0.187500 0.109375 0.187500 0.111328 0.185547 0.113281 0.185547 0.115234 0.183594 0.117188 0.183594 0.121094 0.179688 0.125000 0.179688 0.126953 0.177734 0.128906 0.177734 0.130859 0.175781 0.132812 0.175781 0.134766 0.173828 0.136719 0.173828 0.138672 0.175781 0.134766 0.179688 0.134766 0.181641 0.132812 0.183594 0.130859 0.183594 0.123047 0.191406 0.123047 0.199219 0.121094 0.201172 0.119141 0.201172 0.117188 0.199219 0.107422 0.199219 0.105469 0.201172 0.103516 0.201172 0.101562 0.199219 0.091797 0.199219 0.087891 0.203125 0.087891 0.212891 0.085938 0.214844 0.083984 0.214844 0.082031 0.212891 0.072266 0.212891 0.068359 0.216797 0.068359 0.226562 0.070312 0.228516 0.070312 0.240234 0.072266 0.242188 0.072266 0.244141 0.074219 0.244141 0.076172 0.246094 0.076172 0.248047 0.074219 0.250000 0.074219 0.261719 0.076172 0.263672 0.076172 0.265625 0.078125 0.267578 0.080078 0.267578 0.083984 0.271484 0.085938 0.271484 0.087891 0.273438 0.093750 0.273438 0.095703 0.275391 0.095703 0.287109 0.087891 0.294922 0.083984 0.294922 0.082031 0.296875 0.080078 0.296875 0.076172 0.300781 0.068359 0.300781 0.064453 0.304688 0.060547 0.304688 0.056641 0.308594 0.052734 0.308594 0.048828 0.312500 0.046875 0.312500 0.041016 0.318359 0.039062 0.318359 0.029297 0.328125 0.021484 0.328125 0.019531 0.330078 0.015625 0.330078 0.011719 0.333984 0.003906 0.333984 0.000000 0.337891 0.000000 0.470703 0.001953 0.470703 0.003906 0.472656 0.005859 0.472656 0.007812 0.474609 0.019531 0.474609 0.021484 0.472656 0.023438 0.472656 0.025391 0.470703 0.027344 0.470703 0.029297 0.468750 0.035156 0.468750 0.037109 0.466797 0.039062 0.466797 0.041016 0.468750 0.039062 0.470703 0.039062 0.474609 0.035156 0.478516 0.033203 0.478516 0.031250 0.480469 0.029297 0.480469 0.027344 0.482422 0.023438 0.482422 0.021484 0.484375 0.019531 0.484375 0.017578 0.486328 0.015625 0.486328 0.013672 0.488281 0.013672 0.490234 0.011719 0.492188 0.009766 0.492188 0.003906 0.498047 0.001953 0.498047 0.000000 0.500000 0.000000 0.638672 0.001953 0.640625 0.003906 0.640625 0.005859 0.642578 0.033203 0.642578 0.035156 0.640625 0.037109 0.640625 0.039062 0.638672 0.041016 0.638672 0.042969 0.636719 0.044922 0.636719 0.046875 0.634766 0.058594 0.634766 0.060547 0.632812 0.062500 0.632812 0.064453 0.630859 0.066406 0.630859 0.068359 0.628906 0.080078 0.628906 0.083984 0.632812 0.083984 0.634766 0.082031 0.636719 0.082031 0.650391 0.083984 0.652344 0.083984 0.654297 0.085938 0.656250 0.085938 0.658203 0.087891 0.660156 0.089844 0.660156 0.091797 0.662109 0.093750 0.662109 0.095703 0.664062 0.099609 0.664062 0.101562 0.666016 0.103516 0.666016 0.105469 0.667969 0.111328 0.667969 0.113281 0.669922 0.115234 0.669922 0.117188 0.671875 0.119141 0.671875 0.121094 0.673828 0.126953 0.673828 0.128906 0.675781 0.134766 0.675781 0.136719 0.677734 0.138672 0.677734 0.140625 0.679688 0.142578 0.679688 0.144531 0.681641 0.166016 0.681641 0.167969 0.683594 0.175781 0.683594 0.177734 0.685547 0.179688 0.685547 0.181641 0.687500 0.183594 0.687500 0.185547 0.689453 0.187500 0.689453 0.189453 0.691406 0.191406 0.691406 0.193359 0.693359 0.220703 0.693359 0.224609 0.689453 0.226562 0.689453 0.228516 0.687500 0.230469 0.687500 0.232422 0.685547 0.240234 0.685547 0.242188 0.687500 0.244141 0.687500 0.246094 0.689453 0.248047 0.689453 0.251953 0.693359 0.251953 0.695312 0.253906 0.697266 0.253906 0.699219 0.255859 0.701172 0.255859 0.708984 0.257812 0.708984 0.259766 0.710938 0.261719 0.710938 0.263672 0.712891 0.304688 0.712891 0.306641 0.710938 0.308594 0.710938 0.310547 0.708984 0.312500 0.708984 0.314453 0.707031 0.316406 0.707031 0.322266 0.712891 0.320312 0.714844 0.320312 0.722656 0.324219 0.726562 0.333984 0.726562 0.337891 0.722656 0.337891 0.716797 0.339844 0.714844 0.339844 0.701172 0.332031 0.693359 0.332031 0.691406 0.330078 0.689453 0.330078 0.687500 0.328125 0.685547 0.328125 0.677734 0.324219 0.673828 0.318359 0.673828 0.314453 0.669922 0.312500 0.669922 0.310547 0.667969 0.308594 0.667969 0.306641 0.666016 0.304688 0.666016 0.302734 0.664062 0.300781 0.664062 0.298828 0.662109 0.296875 0.662109 0.294922 0.660156 0.291016 0.660156 0.289062 0.658203 0.287109 0.658203 0.285156 0.656250 0.285156 0.644531 0.283203 0.642578 0.283203 0.640625 0.281250 0.638672 0.281250 0.636719 0.279297 0.634766 0.279297 0.625000 0.277344 0.623047 0.277344 0.621094 0.275391 0.619141 0.275391 0.617188 0.273438 0.615234 0.271484 0.615234 0.269531 0.613281 0.267578 0.613281 0.265625 0.611328 0.255859 0.611328 0.253906 0.609375 0.253906 0.601562 0.251953 0.599609 0.251953 0.597656 0.250000 0.595703 0.250000 0.593750 0.248047 0.591797 0.246094 0.591797 0.242188 0.587891 0.242188 0.585938 0.240234 0.583984 0.240234 0.582031 0.238281 0.580078 0.238281 0.578125 0.236328 0.576172 0.234375 0.576172 0.232422 0.574219 0.230469 0.574219 0.228516 0.572266 0.216797 0.572266 0.214844 0.570312 0.214844 0.558594 0.212891 0.556641 0.212891 0.554688 0.210938 0.552734 0.210938 0.550781 0.208984 0.548828 0.207031 0.548828 0.205078 0.546875 0.203125 0.546875 0.201172 0.544922 0.179688 0.544922 0.177734 0.546875 0.175781 0.546875 0.173828 0.548828 0.171875 0.548828 0.169922 0.550781 0.167969 0.550781 0.166016 0.548828 0.154297 0.548828 0.152344 0.546875 0.150391 0.546875 0.148438 0.544922 0.134766 0.544922 0.132812 0.542969 0.132812 0.541016 0.130859 0.539062 0.128906 0.539062 0.126953 0.537109 0.125000 0.537109 0.123047 0.535156 0.105469 0.535156 0.103516 0.537109 0.101562 0.537109 0.099609 0.539062 0.097656 0.537109 0.097656 0.533203 0.099609 0.531250 0.101562 0.531250 0.101562 0.529297 0.103516 0.527344 0.103516 0.519531 0.101562 0.517578 0.101562 0.515625 0.099609 0.515625 0.097656 0.513672 0.089844 0.513672 0.087891 0.511719 0.089844 0.509766 0.089844 0.500000 0.087891 0.498047 0.087891 0.496094 0.085938 0.494141 0.083984 0.494141 0.082031 0.492188 0.068359 0.492188 0.064453 0.496094 0.064453 0.498047 0.062500 0.500000 0.060547 0.500000 0.058594 0.498047 0.058594 0.492188 0.056641 0.490234 0.056641 0.486328 0.058594 0.484375 0.058594 0.482422 0.060547 0.480469 0.060547 0.478516 0.062500 0.476562 0.062500 0.462891 0.064453 0.460938 0.066406 0.460938 0.066406 0.458984 0.068359 0.457031 0.068359 0.449219 0.072266 0.445312 0.074219 0.445312 0.074219 0.443359 0.076172 0.441406 0.076172 0.433594 0.074219 0.431641 0.074219 0.429688 0.072266 0.429688 0.070312 0.427734 0.058594 0.427734 0.056641 0.425781 0.056641 0.412109 0.054688 0.410156 0.054688 0.408203 0.056641 0.406250 0.058594 0.406250 0.060547 0.404297 0.062500 0.404297 0.062500 0.402344 0.064453 0.400391 0.064453 0.398438 0.066406 0.396484 0.066406 0.388672 0.064453 0.386719 0.064453 0.384766 0.062500 0.384766 0.060547 0.382812 0.052734 0.382812 0.050781 0.380859 0.050781 0.365234 0.048828 0.363281 0.048828 0.361328 0.044922 0.357422 0.042969 0.357422 0.041016 0.355469 0.042969 0.353516 0.046875 0.353516 0.048828 0.351562 0.052734 0.351562 0.054688 0.349609 0.056641 0.349609 0.056641 0.347656 0.058594 0.345703 0.058594 0.337891 0.056641 0.335938 0.058594 0.333984 0.066406 0.333984 0.068359 0.332031 0.074219 0.332031 0.076172 0.330078 0.085938 0.330078 0.087891 0.332031 0.107422 0.332031 0.109375 0.330078 0.111328 0.330078 0.113281 0.328125 0.115234 0.328125 0.117188 0.326172 0.119141 0.326172 0.121094 0.328125 0.121094 0.332031 0.123047 0.333984 0.123047 0.335938 0.125000 0.335938 0.126953 0.337891 0.134766 0.337891 0.136719 0.335938 0.144531 0.335938 0.146484 0.333984 0.148438 0.333984 0.148438 0.332031 0.150391 0.330078 0.150391 0.326172 0.152344 0.324219 0.158203 0.324219 0.160156 0.322266 0.162109 0.322266 0.164062 0.320312 0.166016 0.320312 0.167969 0.322266 0.169922 0.322266 0.171875 0.324219 0.181641 0.324219 0.183594 0.322266 0.185547 0.322266 0.185547 0.320312 0.187500 0.318359 0.187500 0.310547 0.185547 0.308594 0.185547 0.306641 0.183594 0.306641 0.181641 0.304688 0.179688 0.304688 0.177734 0.302734 0.179688 0.300781 0.191406 0.300781 0.193359 0.298828 0.195312 0.298828 0.197266 0.296875 0.199219 0.298828 0.207031 0.298828 0.208984 0.296875 0.210938 0.296875 0.210938 0.294922 0.212891 0.292969 0.212891 0.285156 0.214844 0.283203 0.220703 0.283203 0.222656 0.281250 0.232422 0.281250 0.234375 0.283203 0.234375 0.285156 0.236328 0.287109 0.236328 0.289062 0.238281 0.289062 0.240234 0.291016 0.248047 0.291016 0.250000 0.289062 0.251953 0.289062 0.251953 0.287109 0.253906 0.285156 0.253906 0.281250 0.257812 0.277344 0.259766 0.277344 0.261719 0.275391 0.261719 0.273438 0.263672 0.271484 0.263672 0.265625 0.267578 0.261719 0.269531 0.261719 0.269531 0.259766 0.271484 0.257812 0.271484 0.248047 0.269531 0.246094 0.271484 0.244141 0.275391 0.244141 0.277344 0.242188 0.279297 0.242188 0.283203 0.238281 0.287109 0.238281 0.289062 0.236328 0.291016 0.236328 0.294922 0.232422 0.296875 0.232422 0.304688 0.224609 0.304688 0.222656 0.306641 0.220703 0.306641 0.214844 0.308594 0.212891 0.308594 0.210938 0.310547 0.208984 0.310547 0.191406 0.308594 0.189453 0.308594 0.187500 0.306641 0.187500 0.304688 0.185547 0.294922 0.185547 0.291016 0.189453 0.291016 0.191406 0.289062 0.193359 0.285156 0.189453 0.285156 0.187500 0.283203 0.187500 0.281250 0.185547 0.271484 0.185547 0.267578 0.189453 0.267578 0.193359 0.265625 0.195312 0.263672 0.195312 0.261719 0.197266 0.257812 0.197266 0.250000 0.205078 0.248047 0.203125 0.236328 0.203125 0.232422 0.207031 0.232422 0.208984 0.230469 0.210938 0.228516 0.210938 0.226562 0.208984 0.216797 0.208984 0.212891 0.212891 0.212891 0.226562 0.214844 0.228516 0.214844 0.238281 0.212891 0.240234 0.205078 0.240234 0.201172 0.244141 0.195312 0.244141 0.191406 0.248047 0.191406 0.263672 0.193359 0.265625 0.193359 0.269531 0.189453 0.273438 0.189453 0.275391 0.187500 0.277344 0.183594 0.277344 0.181641 0.275391 0.181641 0.273438 0.179688 0.271484 0.179688 0.269531 0.177734 0.269531 0.175781 0.267578 0.175781 0.261719 0.173828 0.259766 0.173828 0.253906 0.171875 0.251953 0.171875 0.250000 0.173828 0.248047 0.179688 0.248047 0.181641 0.246094 0.183594 0.246094 0.183594 0.244141 0.185547 0.242188 0.185547 0.234375 0.183594 0.232422 0.183594 0.230469 0.181641 0.230469 0.179688 0.228516 0.179688 0.222656 0.181641 0.220703 0.183594 0.220703 0.183594 0.218750 0.185547 0.216797 0.185547 0.210938 0.187500 0.208984 0.197266 0.208984 0.199219 0.207031 0.201172 0.207031 0.201172 0.205078 0.203125 0.203125 0.203125 0.193359 0.201172 0.191406 0.201172 0.189453 0.199219 0.187500 0.199219 0.183594 0.201172 0.181641 0.214844 0.181641 0.216797 0.179688 0.218750 0.179688 0.218750 0.177734 0.220703 0.175781 0.220703 0.167969 0.222656 0.166016 0.224609 0.167969 0.226562 0.167969 0.228516 0.169922 0.238281 0.169922 0.240234 0.167969 0.242188 0.167969 0.242188 0.166016 0.246094 0.162109 0.273438 0.162109 0.275391 0.160156 0.277344 0.160156 0.277344 0.158203 0.279297 0.156250 0.279297 0.150391 0.281250 0.148438 0.281250 0.140625 0.283203 0.138672 0.285156 0.138672 0.287109 0.140625 0.289062 0.140625 0.291016 0.142578 0.291016 0.144531 0.292969 0.144531 0.294922 0.146484 0.298828 0.146484 0.300781 0.148438 0.308594 0.148438 0.310547 0.146484 0.312500 0.146484 0.312500 0.144531 0.314453 0.142578 0.314453 0.140625 0.316406 0.138672 0.316406 0.136719 0.318359 0.134766 0.318359 0.126953 0.316406 0.125000 0.316406 0.123047 0.314453 0.123047 0.312500 0.121094 0.308594 0.121094 0.306641 0.119141 0.308594 0.117188 0.314453 0.117188 0.316406 0.115234 0.318359 0.115234 0.318359 0.113281 0.320312 0.111328 0.320312 0.109375 0.322266 0.107422 0.328125 0.107422 0.330078 0.105469 0.341797 0.105469 0.343750 0.103516 0.345703 0.103516 0.347656 0.101562 0.349609 0.101562 0.353516 0.097656 0.357422 0.097656 0.359375 0.095703 0.361328 0.095703 0.363281 0.093750 0.363281 0.091797 0.365234 0.089844 0.373047 0.089844 0.375000 0.087891 0.376953 0.087891 0.376953 0.085938 0.378906 0.083984 0.378906 0.080078 0.382812 0.076172 0.384766 0.078125 0.386719 0.078125 0.388672 0.080078 0.404297 0.080078 0.406250 0.082031 0.406250 0.083984 0.408203 0.085938 0.408203 0.087891 0.410156 0.089844 0.410156 0.091797 0.412109 0.093750 0.414062 0.093750 0.416016 0.095703 0.423828 0.095703 0.427734 0.099609 0.429688 0.099609 0.431641 0.101562 0.425781 0.107422 0.425781 0.134766 0.427734 0.136719 0.427734 0.138672 0.431641 0.142578 0.431641 0.144531 0.433594 0.146484 0.433594 0.148438 0.435547 0.150391 0.435547 0.152344 0.437500 0.154297 0.437500 0.156250 0.439453 0.158203 0.439453 0.162109 0.441406 0.164062 0.441406 0.166016 0.443359 0.167969 0.443359 0.169922 0.445312 0.169922 0.447266 0.171875 0.447266 0.179688 0.449219 0.181641 0.449219 0.183594 0.451172 0.183594 0.453125 0.185547 0.453125 0.187500 0.455078 0.189453 0.455078 0.191406 0.457031 0.191406 0.458984 0.193359 0.466797 0.193359 0.468750 0.195312 0.466797 0.197266 0.466797 0.203125 0.464844 0.205078 0.457031 0.205078 0.455078 0.203125 0.455078 0.201172 0.453125 0.201172 0.451172 0.199219 0.435547 0.199219 0.429688 0.205078 0.427734 0.205078 0.425781 0.207031 0.421875 0.207031 0.419922 0.205078 0.417969 0.205078 0.416016 0.203125 0.406250 0.203125 0.404297 0.205078 0.400391 0.201172 0.400391 0.199219 0.398438 0.199219 0.396484 0.197266 0.386719 0.197266 0.382812 0.201172 0.382812 0.220703 0.384766 0.222656 0.384766 0.224609 0.386719 0.224609 0.388672 0.226562 0.390625 0.226562 0.392578 0.228516 0.404297 0.228516 0.406250 0.230469 0.402344 0.234375 0.402344 0.240234 0.392578 0.250000 0.392578 0.261719 0.394531 0.263672 0.394531 0.265625 0.396484 0.265625 0.398438 0.267578 0.408203 0.267578 0.410156 0.269531 0.412109 0.269531 0.414062 0.271484 0.421875 0.271484 0.423828 0.269531 0.425781 0.269531 0.425781 0.267578 0.429688 0.263672 0.437500 0.263672 0.439453 0.261719 0.441406 0.261719 0.443359 0.263672 0.443359 0.265625 0.445312 0.265625 0.447266 0.267578 0.455078 0.267578 0.457031 0.265625 0.458984 0.265625 0.458984 0.263672 0.460938 0.261719 0.460938 0.257812 0.466797 0.251953 0.470703 0.255859 0.470703 0.259766 0.472656 0.261719 0.472656 0.263672 0.468750 0.267578 0.466797 0.267578 0.464844 0.269531 0.462891 0.269531 0.458984 0.273438 0.458984 0.275391 0.457031 0.277344 0.457031 0.287109 0.458984 0.289062 0.458984 0.291016 0.464844 0.296875 0.464844 0.298828 0.468750 0.302734 0.470703 0.302734 0.474609 0.306641 0.474609 0.308594 0.476562 0.310547 0.476562 0.312500 0.478516 0.314453 0.480469 0.314453 0.482422 0.316406 0.492188 0.316406 0.494141 0.314453 0.496094 0.314453 0.496094 0.312500 0.498047 0.310547 0.498047 0.308594 0.503906 0.302734 0.505859 0.304688 0.505859 0.306641 0.507812 0.306641 0.509766 0.308594 0.511719 0.308594 0.513672 0.310547 0.521484 0.310547 0.523438 0.312500 0.519531 0.316406 0.519531 0.324219 0.521484 0.326172 0.521484 0.328125 0.523438 0.330078 0.521484 0.332031 0.515625 0.332031 0.513672 0.333984 0.511719 0.333984 0.509766 0.335938 0.503906 0.335938 0.498047 0.341797 0.498047 0.349609 0.500000 0.351562 0.496094 0.355469 0.496094 0.357422 0.492188 0.361328 0.492188 0.369141 0.496094 0.373047 0.511719 0.373047 0.513672 0.375000 0.507812 0.380859 0.507812 0.388672 0.511719 0.392578 0.519531 0.392578 0.521484 0.390625 0.523438 0.390625 0.525391 0.392578 0.523438 0.394531 0.523438 0.404297 0.527344 0.408203 0.529297 0.408203 0.531250 0.410156 0.531250 0.414062 0.535156 0.417969 0.535156 0.419922 0.537109 0.421875 0.537109 0.433594 0.542969 0.439453 0.552734 0.439453 0.554688 0.437500 0.558594 0.437500 0.562500 0.433594 0.562500 0.417969 0.568359 0.412109 0.572266 0.412109 0.574219 0.410156 0.576172 0.410156 0.578125 0.408203 0.583984 0.414062 0.589844 0.414062 0.591797 0.416016 0.591797 0.419922 0.595703 0.423828 0.595703 0.427734 0.599609 0.431641 0.599609 0.435547 0.603516 0.439453 0.603516 0.443359 0.601562 0.445312 0.599609 0.443359 0.599609 0.441406 0.595703 0.437500 0.587891 0.437500 0.583984 0.441406 0.578125 0.441406 0.574219 0.445312 0.570312 0.445312 0.568359 0.447266 0.566406 0.447266 0.564453 0.449219 0.562500 0.449219 0.556641 0.455078 0.556641 0.464844 0.558594 0.466797 0.558594 0.468750 0.564453 0.474609 0.564453 0.478516 0.566406 0.480469 0.566406 0.484375 0.570312 0.488281 0.572266 0.488281 0.574219 0.490234 0.574219 0.494141 0.580078 0.500000 0.593750 0.500000 0.595703 0.498047 0.597656 0.498047 0.601562 0.494141 0.605469 0.498047 0.605469 0.500000 0.607422 0.501953 0.605469 0.503906 0.605469 0.505859 0.599609 0.511719 0.595703 0.511719 0.589844 0.517578 0.589844 0.519531 0.585938 0.523438 0.585938 0.531250 0.591797 0.537109 0.591797 0.542969 0.599609 0.550781 0.601562 0.550781 0.605469 0.554688 0.605469 0.564453 0.609375 0.568359 0.621094 0.568359 0.628906 0.560547 0.630859 0.562500 0.638672 0.562500 0.642578 0.558594 0.642578 0.548828 0.644531 0.546875 0.644531 0.542969 0.650391 0.537109 0.650391 0.535156 0.652344 0.533203 0.652344 0.523438 0.648438 0.519531 0.642578 0.519531 0.640625 0.517578 0.640625 0.513672 0.638672 0.511719 0.638672 0.505859 0.636719 0.503906 0.636719 0.501953 0.630859 0.496094 0.625000 0.496094 0.621094 0.492188 0.621094 0.472656 0.619141 0.470703 0.619141 0.468750 0.615234 0.464844 0.611328 0.464844 0.609375 0.462891 0.609375 0.458984 0.607422 0.457031 0.607422 0.455078 0.603516 0.451172 0.603516 0.449219 0.605469 0.447266 0.609375 0.451172 0.617188 0.451172 0.621094 0.447266 0.621094 0.437500 0.623047 0.435547 0.640625 0.435547 0.642578 0.437500 0.654297 0.437500 0.656250 0.435547 0.666016 0.435547 0.667969 0.433594 0.673828 0.433594 0.675781 0.431641 0.683594 0.431641 0.687500 0.427734 0.687500 0.423828 0.689453 0.421875 0.695312 0.421875 0.697266 0.423828 0.707031 0.423828 0.708984 0.425781 0.710938 0.425781 0.712891 0.427734 0.712891 0.429688 0.710938 0.431641 0.708984 0.431641 0.707031 0.433594 0.701172 0.433594 0.699219 0.435547 0.693359 0.435547 0.691406 0.437500 0.689453 0.437500 0.687500 0.439453 0.681641 0.439453 0.679688 0.441406 0.669922 0.441406 0.667969 0.443359 0.658203 0.443359 0.656250 0.445312 0.652344 0.445312 0.650391 0.447266 0.642578 0.447266 0.638672 0.443359 0.628906 0.443359 0.625000 0.447266 0.625000 0.455078 0.632812 0.462891 0.636719 0.462891 0.638672 0.464844 0.652344 0.464844 0.654297 0.462891 0.658203 0.462891 0.660156 0.460938 0.664062 0.460938 0.666016 0.458984 0.675781 0.458984 0.677734 0.457031 0.687500 0.457031 0.689453 0.455078 0.695312 0.455078 0.697266 0.453125 0.701172 0.453125 0.703125 0.451172 0.707031 0.451172 0.708984 0.449219 0.714844 0.449219 0.716797 0.447266 0.720703 0.447266 0.724609 0.443359 0.726562 0.443359 0.730469 0.439453 0.730469 0.429688 0.728516 0.427734 0.728516 0.416016 0.726562 0.414062 0.726562 0.404297 0.724609 0.402344 0.724609 0.394531 0.720703 0.390625 0.720703 0.388672 0.716797 0.384766 0.703125 0.384766 0.699219 0.388672 0.697266 0.388672 0.693359 0.392578 0.693359 0.396484 0.691406 0.398438 0.687500 0.394531 0.679688 0.394531 0.677734 0.396484 0.673828 0.396484 0.669922 0.400391 0.669922 0.402344 0.666016 0.406250 0.664062 0.406250 0.656250 0.414062 0.640625 0.414062 0.638672 0.416016 0.636719 0.416016 0.632812 0.419922 0.628906 0.419922 0.626953 0.417969 0.626953 0.416016 0.625000 0.414062 0.625000 0.410156 0.623047 0.408203 0.623047 0.404297 0.619141 0.400391 0.619141 0.392578 0.617188 0.390625 0.617188 0.386719 0.615234 0.384766 0.615234 0.373047 0.609375 0.367188 0.609375 0.361328 0.605469 0.357422 0.595703 0.357422 0.591797 0.361328 0.585938 0.361328 0.576172 0.351562 0.578125 0.349609 0.583984 0.349609 0.587891 0.345703 0.587891 0.343750 0.589844 0.341797 0.591797 0.341797 0.595703 0.337891 0.595703 0.320312 0.589844 0.314453 0.585938 0.314453 0.583984 0.312500 0.562500 0.312500 0.556641 0.306641 0.544922 0.306641 0.539062 0.312500 0.539062 0.314453 0.537109 0.316406 0.533203 0.312500 0.523438 0.312500 0.521484 0.310547 0.523438 0.308594 0.525391 0.308594 0.525391 0.306641 0.527344 0.304688 0.529297 0.304688 0.529297 0.302734 0.531250 0.300781 0.531250 0.291016 0.529297 0.289062 0.529297 0.281250 0.527344 0.279297 0.527344 0.265625 0.525391 0.263672 0.525391 0.257812 0.523438 0.255859 0.523438 0.253906 0.521484 0.251953 0.519531 0.251953 0.517578 0.250000 0.517578 0.242188 0.515625 0.240234 0.515625 0.238281 0.513672 0.238281 0.511719 0.236328 0.511719 0.228516 0.509766 0.226562 0.503906 0.226562 0.500000 0.230469 0.500000 0.234375 0.498047 0.236328 0.496094 0.234375 0.488281 0.234375 0.486328 0.232422 0.486328 0.230469 0.484375 0.230469 0.482422 0.228516 0.476562 0.228516 0.474609 0.226562 0.476562 0.224609 0.484375 0.224609 0.486328 0.222656 0.488281 0.222656 0.490234 0.220703 0.494141 0.220703 0.496094 0.222656 0.503906 0.222656 0.505859 0.220703 0.507812 0.220703 0.507812 0.218750 0.509766 0.216797 0.509766 0.203125 0.507812 0.201172 0.507812 0.199219 0.505859 0.199219 0.503906 0.197266 0.492188 0.197266 0.490234 0.195312 0.482422 0.195312 0.480469 0.193359 0.472656 0.193359 0.470703 0.191406 0.470703 0.189453 0.472656 0.187500 0.474609 0.187500 0.474609 0.185547 0.476562 0.183594 0.476562 0.175781 0.474609 0.173828 0.474609 0.169922 0.472656 0.167969 0.472656 0.160156 0.470703 0.158203 0.470703 0.156250 0.468750 0.156250 0.466797 0.154297 0.460938 0.154297 0.458984 0.152344 0.458984 0.146484 0.457031 0.144531 0.457031 0.142578 0.455078 0.140625 0.455078 0.138672 0.453125 0.136719 0.453125 0.134766 0.449219 0.130859 0.449219 0.128906 0.447266 0.126953 0.447266 0.125000 0.445312 0.123047 0.445312 0.109375 0.443359 0.107422 0.443359 0.105469 0.441406 0.105469 0.439453 0.103516 0.439453 0.101562 0.441406 0.099609 0.443359 0.099609 0.443359 0.097656 0.445312 0.095703 0.445312 0.087891 0.443359 0.087891 0.441406 0.085938 0.439453 0.085938 0.437500 0.083984 0.437500 0.082031 0.435547 0.080078 0.435547 0.078125 0.429688 0.078125 0.425781 0.074219 0.425781 0.066406 0.423828 0.064453 0.423828 0.062500 0.421875 0.062500 0.419922 0.060547 0.419922 0.058594 0.417969 0.058594 0.416016 0.056641 0.402344 0.056641 0.400391 0.054688 0.400391 0.052734 0.406250 0.046875 0.408203 0.046875 0.408203 0.044922 0.410156 0.042969 0.410156 0.035156 0.408203 0.033203 0.408203 0.031250 0.406250 0.031250 0.404297 0.029297 0.404297 0.025391 0.402344 0.023438 0.402344 0.021484 0.400391 0.019531 0.398438 0.019531 0.396484 0.017578
0 0.984375 0.000000 0.984375 0.013672 0.986328 0.015625 0.986328 0.019531 0.990234 0.023438 0.998047 0.023438 0.998047 0.000000
0 0.914062 0.000000 0.910156 0.003906 0.910156 0.025391 0.914062 0.029297 0.931641 0.029297 0.935547 0.025391 0.939453 0.029297 0.939453 0.031250 0.949219 0.041016 0.958984 0.041016 0.962891 0.037109 0.962891 0.025391 0.958984 0.021484 0.955078 0.021484 0.951172 0.017578 0.951172 0.015625 0.957031 0.009766 0.957031 0.001953 0.955078 0.000000
0 0.765625 0.000000 0.761719 0.003906 0.757812 0.003906 0.755859 0.005859 0.748047 0.005859 0.744141 0.009766 0.744141 0.021484 0.746094 0.023438 0.746094 0.027344 0.750000 0.031250 0.750000 0.035156 0.751953 0.037109 0.751953 0.042969 0.753906 0.044922 0.753906 0.050781 0.755859 0.052734 0.755859 0.056641 0.761719 0.062500 0.761719 0.066406 0.765625 0.070312 0.779297 0.070312 0.781250 0.072266 0.781250 0.074219 0.785156 0.078125 0.792969 0.078125 0.796875 0.074219 0.796875 0.066406 0.792969 0.062500 0.789062 0.062500 0.787109 0.060547 0.787109 0.052734 0.791016 0.048828 0.791016 0.041016 0.787109 0.037109 0.787109 0.033203 0.783203 0.029297 0.783203 0.021484 0.781250 0.019531 0.781250 0.017578 0.779297 0.015625 0.779297 0.003906 0.775391 0.000000
0 0.509766 0.000000 0.507812 0.001953 0.501953 0.001953 0.498047 0.005859 0.498047 0.015625 0.500000 0.017578 0.500000 0.019531 0.501953 0.021484 0.503906 0.021484 0.505859 0.023438 0.511719 0.023438 0.515625 0.027344 0.515625 0.031250 0.517578 0.033203 0.517578 0.035156 0.519531 0.035156 0.521484 0.037109 0.529297 0.037109 0.531250 0.035156 0.533203 0.035156 0.533203 0.033203 0.535156 0.031250 0.535156 0.027344 0.537109 0.025391 0.537109 0.013672 0.535156 0.011719 0.535156 0.009766 0.533203 0.007812 0.533203 0.000000
0 0.154297 0.000000 0.152344 0.001953 0.152344 0.013672 0.154297 0.015625 0.154297 0.017578 0.156250 0.017578 0.158203 0.019531 0.158203 0.025391 0.160156 0.027344 0.160156 0.029297 0.162109 0.031250 0.162109 0.050781 0.164062 0.052734 0.164062 0.054688 0.166016 0.054688 0.169922 0.058594 0.171875 0.058594 0.173828 0.060547 0.181641 0.060547 0.183594 0.058594 0.185547 0.058594 0.185547 0.056641 0.187500 0.054688 0.187500 0.046875 0.185547 0.044922 0.185547 0.042969 0.183594 0.042969 0.181641 0.041016 0.181641 0.021484 0.179688 0.019531 0.179688 0.017578 0.177734 0.015625 0.177734 0.009766 0.175781 0.007812 0.175781 0.005859 0.169922 0.000000