0 0.798828 0.984375 0.794922 0.988281 0.794922 0.996094 0.796875 0.998047 0.810547 0.998047 0.812500 0.996094 0.812500 0.988281 0.808594 0.984375
0 0.109375 0.941406 0.103516 0.947266 0.097656 0.947266 0.095703 0.949219 0.093750 0.949219 0.091797 0.951172 0.089844 0.951172 0.087891 0.953125 0.085938 0.953125 0.078125 0.960938 0.078125 0.974609 0.082031 0.978516 0.082031 0.980469 0.087891 0.986328 0.095703 0.986328 0.099609 0.982422 0.099609 0.980469 0.101562 0.978516 0.103516 0.978516 0.115234 0.966797 0.119141 0.970703 0.126953 0.970703 0.130859 0.966797 0.144531 0.966797 0.150391 0.972656 0.167969 0.972656 0.169922 0.974609 0.173828 0.974609 0.175781 0.976562 0.181641 0.976562 0.185547 0.980469 0.185547 0.982422 0.193359 0.990234 0.199219 0.990234 0.201172 0.992188 0.201172 0.994141 0.205078 0.998047 0.234375 0.998047 0.238281 0.994141 0.238281 0.992188 0.240234 0.990234 0.240234 0.988281 0.242188 0.986328 0.244141 0.988281 0.251953 0.988281 0.255859 0.984375 0.255859 0.982422 0.257812 0.980469 0.265625 0.980469 0.271484 0.974609 0.271484 0.968750 0.277344 0.962891 0.277344 0.955078 0.273438 0.951172 0.265625 0.951172 0.263672 0.953125 0.255859 0.953125 0.250000 0.958984 0.242188 0.958984 0.238281 0.955078 0.230469 0.955078 0.226562 0.958984 0.226562 0.964844 0.224609 0.966797 0.222656 0.964844 0.218750 0.964844 0.216797 0.962891 0.216797 0.953125 0.212891 0.949219 0.205078 0.949219 0.203125 0.951172 0.199219 0.951172 0.195312 0.947266 0.195312 0.945312 0.191406 0.941406 0.183594 0.941406 0.181641 0.943359 0.171875 0.943359 0.167969 0.947266 0.166016 0.947266 0.160156 0.953125 0.154297 0.947266 0.152344 0.947266 0.150391 0.945312 0.148438 0.945312 0.146484 0.943359 0.144531 0.943359 0.142578 0.941406
0 0.642578 0.935547 0.638672 0.939453 0.638672 0.947266 0.642578 0.951172 0.650391 0.951172 0.654297 0.947266 0.654297 0.939453 0.650391 0.935547
0 0.312500 0.923828 0.306641 0.929688 0.306641 0.933594 0.304688 0.935547 0.304688 0.943359 0.300781 0.947266 0.300781 0.953125 0.287109 0.966797 0.287109 0.974609 0.283203 0.978516 0.283203 0.986328 0.287109 0.990234 0.298828 0.990234 0.304688 0.984375 0.306641 0.984375 0.308594 0.986328 0.308594 0.992188 0.312500 0.996094 0.320312 0.996094 0.322266 0.994141 0.361328 0.994141 0.365234 0.998047 0.468750 0.998047 0.468750 0.994141 0.464844 0.990234 0.447266 0.990234 0.445312 0.988281 0.437500 0.988281 0.435547 0.986328 0.427734 0.986328 0.425781 0.984375 0.386719 0.984375 0.384766 0.982422 0.382812 0.982422 0.375000 0.974609 0.367188 0.974609 0.363281 0.978516 0.330078 0.978516 0.328125 0.976562 0.328125 0.953125 0.326172 0.951172 0.326172 0.927734 0.322266 0.923828
0 0.964844 0.908203 0.958984 0.914062 0.958984 0.917969 0.957031 0.919922 0.957031 0.955078 0.960938 0.958984 0.968750 0.958984 0.972656 0.955078 0.972656 0.927734 0.974609 0.925781 0.974609 0.921875 0.976562 0.919922 0.976562 0.912109 0.972656 0.908203
0 0.152344 0.875000 0.148438 0.878906 0.148438 0.882812 0.150391 0.884766 0.216797 0.884766 0.218750 0.886719 0.224609 0.886719 0.226562 0.884766 0.226562 0.880859 0.224609 0.878906 0.222656 0.878906 0.220703 0.876953 0.162109 0.876953 0.160156 0.875000
0 0.728516 0.859375 0.724609 0.863281 0.724609 0.871094 0.728516 0.875000 0.746094 0.875000 0.750000 0.871094 0.750000 0.863281 0.746094 0.859375
0 0.306641 0.851562 0.304688 0.853516 0.300781 0.853516 0.294922 0.859375 0.292969 0.859375 0.291016 0.861328 0.283203 0.861328 0.281250 0.863281 0.279297 0.863281 0.275391 0.867188 0.275391 0.876953 0.281250 0.882812 0.292969 0.882812 0.296875 0.886719 0.310547 0.886719 0.312500 0.884766 0.314453 0.884766 0.322266 0.876953 0.324219 0.876953 0.337891 0.863281 0.337891 0.855469 0.333984 0.851562 0.326172 0.851562 0.324219 0.853516 0.322266 0.853516 0.320312 0.851562
0 0.400391 0.835938 0.396484 0.839844 0.396484 0.847656 0.400391 0.851562 0.408203 0.851562 0.412109 0.847656 0.412109 0.839844 0.408203 0.835938
0 0.830078 0.804688 0.828125 0.806641 0.826172 0.806641 0.824219 0.808594 0.822266 0.808594 0.812500 0.818359 0.812500 0.826172 0.816406 0.830078 0.826172 0.830078 0.833984 0.822266 0.835938 0.822266 0.841797 0.816406 0.841797 0.808594 0.837891 0.804688
0 0.785156 0.794922 0.781250 0.798828 0.781250 0.806641 0.785156 0.810547 0.800781 0.810547 0.804688 0.806641 0.804688 0.798828 0.800781 0.794922
0 0.746094 0.791016 0.744141 0.792969 0.742188 0.792969 0.734375 0.800781 0.734375 0.808594 0.738281 0.812500 0.746094 0.812500 0.750000 0.808594 0.751953 0.808594 0.753906 0.806641 0.759766 0.812500 0.767578 0.812500 0.771484 0.808594 0.771484 0.798828 0.769531 0.796875 0.769531 0.794922 0.765625 0.791016
0 0.371094 0.761719 0.367188 0.765625 0.367188 0.773438 0.371094 0.777344 0.371094 0.781250 0.375000 0.785156 0.375000 0.787109 0.376953 0.789062 0.376953 0.796875 0.373047 0.800781 0.373047 0.808594 0.376953 0.812500 0.375000 0.814453 0.375000 0.822266 0.382812 0.830078 0.384766 0.830078 0.386719 0.832031 0.402344 0.832031 0.412109 0.822266 0.412109 0.810547 0.410156 0.808594 0.410156 0.806641 0.408203 0.804688 0.408203 0.796875 0.404297 0.792969 0.394531 0.792969 0.392578 0.791016 0.392578 0.777344 0.382812 0.767578 0.382812 0.765625 0.378906 0.761719
0 0.544922 0.744141 0.541016 0.748047 0.541016 0.759766 0.542969 0.761719 0.542969 0.771484 0.541016 0.773438 0.541016 0.781250 0.539062 0.783203 0.539062 0.794922 0.542969 0.798828 0.550781 0.798828 0.554688 0.794922 0.554688 0.791016 0.556641 0.789062 0.562500 0.794922 0.564453 0.794922 0.566406 0.796875 0.570312 0.796875 0.572266 0.798828 0.580078 0.798828 0.583984 0.794922 0.585938 0.796875 0.585938 0.800781 0.591797 0.806641 0.601562 0.806641 0.605469 0.802734 0.605469 0.794922 0.599609 0.789062 0.589844 0.789062 0.585938 0.792969 0.583984 0.791016 0.583984 0.785156 0.580078 0.781250 0.574219 0.781250 0.572266 0.779297 0.562500 0.779297 0.560547 0.781250 0.558594 0.779297 0.558594 0.777344 0.562500 0.773438 0.562500 0.769531 0.564453 0.767578 0.564453 0.753906 0.554688 0.744141
0 0.380859 0.720703 0.376953 0.724609 0.376953 0.732422 0.380859 0.736328 0.388672 0.736328 0.392578 0.732422 0.392578 0.724609 0.388672 0.720703
0 0.589844 0.691406 0.585938 0.695312 0.585938 0.703125 0.587891 0.705078 0.587891 0.707031 0.597656 0.716797 0.599609 0.716797 0.601562 0.718750 0.605469 0.718750 0.609375 0.722656 0.613281 0.722656 0.617188 0.726562 0.619141 0.726562 0.623047 0.730469 0.625000 0.730469 0.626953 0.732422 0.630859 0.732422 0.632812 0.734375 0.638672 0.734375 0.640625 0.736328 0.677734 0.736328 0.679688 0.734375 0.693359 0.734375 0.695312 0.732422 0.701172 0.732422 0.703125 0.734375 0.703125 0.736328 0.707031 0.740234 0.714844 0.740234 0.718750 0.736328 0.722656 0.736328 0.726562 0.732422 0.726562 0.722656 0.722656 0.718750 0.710938 0.718750 0.703125 0.710938 0.695312 0.710938 0.689453 0.705078 0.675781 0.705078 0.673828 0.707031 0.666016 0.707031 0.662109 0.703125 0.650391 0.703125 0.646484 0.707031 0.646484 0.708984 0.644531 0.710938 0.642578 0.708984 0.642578 0.701172 0.636719 0.695312 0.628906 0.695312 0.625000 0.699219 0.625000 0.705078 0.623047 0.707031 0.619141 0.707031 0.617188 0.705078 0.617188 0.697266 0.613281 0.693359 0.605469 0.693359 0.603516 0.695312 0.601562 0.695312 0.597656 0.691406
0 0.693359 0.650391 0.689453 0.654297 0.689453 0.662109 0.693359 0.666016 0.710938 0.666016 0.714844 0.662109 0.714844 0.654297 0.710938 0.650391
0 0.500000 0.644531 0.496094 0.648438 0.496094 0.658203 0.498047 0.660156 0.498047 0.662109 0.503906 0.667969 0.503906 0.675781 0.501953 0.677734 0.501953 0.691406 0.496094 0.697266 0.496094 0.722656 0.492188 0.726562 0.492188 0.732422 0.490234 0.734375 0.490234 0.751953 0.492188 0.753906 0.492188 0.757812 0.490234 0.759766 0.490234 0.763672 0.488281 0.765625 0.488281 0.781250 0.492188 0.785156 0.500000 0.785156 0.503906 0.781250 0.503906 0.773438 0.505859 0.771484 0.505859 0.767578 0.507812 0.765625 0.507812 0.746094 0.505859 0.744141 0.507812 0.742188 0.507812 0.734375 0.511719 0.730469 0.511719 0.708984 0.521484 0.699219 0.521484 0.687500 0.519531 0.685547 0.519531 0.675781 0.521484 0.673828 0.521484 0.654297 0.517578 0.650391 0.513672 0.650391 0.507812 0.644531
0 0.593750 0.640625 0.589844 0.644531 0.589844 0.652344 0.593750 0.656250 0.613281 0.656250 0.615234 0.658203 0.640625 0.658203 0.642578 0.660156 0.664062 0.660156 0.667969 0.656250 0.667969 0.648438 0.664062 0.644531 0.652344 0.644531 0.650391 0.642578 0.625000 0.642578 0.623047 0.640625
0 0.761719 0.617188 0.757812 0.621094 0.757812 0.628906 0.761719 0.632812 0.767578 0.632812 0.769531 0.634766 0.765625 0.638672 0.761719 0.638672 0.757812 0.642578 0.757812 0.650391 0.761719 0.654297 0.771484 0.654297 0.773438 0.652344 0.777344 0.652344 0.787109 0.642578 0.787109 0.638672 0.789062 0.636719 0.806641 0.636719 0.808594 0.638672 0.820312 0.638672 0.824219 0.634766 0.824219 0.626953 0.820312 0.623047 0.816406 0.623047 0.814453 0.621094 0.773438 0.621094 0.769531 0.617188
0 0.003906 0.591797 0.000000 0.595703 0.000000 0.634766 0.003906 0.638672 0.003906 0.640625 0.007812 0.644531 0.011719 0.644531 0.013672 0.646484 0.011719 0.648438 0.011719 0.650391 0.009766 0.652344 0.009766 0.666016 0.007812 0.667969 0.007812 0.669922 0.005859 0.671875 0.000000 0.671875 0.000000 0.705078 0.013672 0.705078 0.015625 0.707031 0.035156 0.707031 0.039062 0.703125 0.039062 0.701172 0.041016 0.699219 0.041016 0.681641 0.039062 0.679688 0.039062 0.677734 0.042969 0.673828 0.042969 0.664062 0.039062 0.660156 0.029297 0.660156 0.027344 0.658203 0.031250 0.654297 0.033203 0.654297 0.037109 0.650391 0.037109 0.632812 0.039062 0.630859 0.039062 0.626953 0.041016 0.625000 0.041016 0.613281 0.039062 0.611328 0.039062 0.605469 0.035156 0.601562 0.027344 0.601562 0.023438 0.605469 0.023438 0.609375 0.019531 0.613281 0.017578 0.613281 0.015625 0.611328 0.015625 0.595703 0.011719 0.591797
0 0.089844 0.572266 0.085938 0.576172 0.085938 0.583984 0.089844 0.587891 0.097656 0.587891 0.101562 0.583984 0.101562 0.576172 0.097656 0.572266
0 0.789062 0.556641 0.785156 0.560547 0.785156 0.568359 0.789062 0.572266 0.796875 0.572266 0.800781 0.568359 0.800781 0.560547 0.796875 0.556641
0 0.003906 0.525391 0.000000 0.529297 0.000000 0.582031 0.005859 0.582031 0.007812 0.583984 0.009766 0.583984 0.011719 0.585938 0.019531 0.585938 0.021484 0.587891 0.039062 0.587891 0.046875 0.580078 0.046875 0.560547 0.041016 0.554688 0.041016 0.542969 0.039062 0.541016 0.039062 0.537109 0.029297 0.527344 0.019531 0.527344 0.017578 0.529297 0.015625 0.529297 0.011719 0.525391
0 0.746094 0.523438 0.742188 0.527344 0.742188 0.529297 0.740234 0.531250 0.740234 0.552734 0.746094 0.558594 0.767578 0.558594 0.771484 0.554688 0.771484 0.546875 0.769531 0.544922 0.769531 0.531250 0.765625 0.527344 0.763672 0.527344 0.759766 0.523438
0 0.675781 0.515625 0.671875 0.519531 0.671875 0.521484 0.669922 0.523438 0.669922 0.529297 0.667969 0.531250 0.667969 0.542969 0.669922 0.544922 0.660156 0.554688 0.648438 0.554688 0.646484 0.552734 0.632812 0.552734 0.630859 0.550781 0.626953 0.550781 0.625000 0.548828 0.623047 0.548828 0.621094 0.546875 0.621094 0.544922 0.615234 0.539062 0.607422 0.539062 0.603516 0.535156 0.589844 0.535156 0.580078 0.544922 0.580078 0.548828 0.576172 0.552734 0.576172 0.554688 0.572266 0.558594 0.572266 0.572266 0.578125 0.578125 0.589844 0.578125 0.591797 0.580078 0.601562 0.580078 0.603516 0.578125 0.609375 0.578125 0.611328 0.580078 0.619141 0.580078 0.621094 0.578125 0.671875 0.578125 0.675781 0.574219 0.675781 0.566406 0.681641 0.560547 0.681641 0.558594 0.695312 0.544922 0.695312 0.542969 0.697266 0.541016 0.697266 0.539062 0.701172 0.535156 0.701172 0.527344 0.697266 0.523438 0.691406 0.523438 0.689453 0.521484 0.689453 0.519531 0.685547 0.515625
0 0.345703 0.501953 0.337891 0.509766 0.337891 0.517578 0.341797 0.521484 0.341797 0.525391 0.339844 0.527344 0.339844 0.535156 0.345703 0.541016 0.345703 0.548828 0.347656 0.550781 0.347656 0.556641 0.349609 0.558594 0.349609 0.560547 0.353516 0.564453 0.355469 0.564453 0.361328 0.570312 0.361328 0.572266 0.367188 0.578125 0.382812 0.578125 0.386719 0.574219 0.386719 0.537109 0.382812 0.533203 0.375000 0.533203 0.373047 0.531250 0.373047 0.527344 0.369141 0.523438 0.369141 0.517578 0.367188 0.515625 0.367188 0.513672 0.357422 0.503906 0.355469 0.503906 0.353516 0.501953
0 0.775391 0.464844 0.765625 0.474609 0.765625 0.482422 0.769531 0.486328 0.779297 0.486328 0.785156 0.480469 0.787109 0.480469 0.791016 0.476562 0.791016 0.468750 0.787109 0.464844
0 0.113281 0.451172 0.109375 0.455078 0.109375 0.462891 0.113281 0.466797 0.121094 0.466797 0.125000 0.462891 0.125000 0.455078 0.121094 0.451172
0 0.777344 0.431641 0.773438 0.435547 0.773438 0.445312 0.777344 0.449219 0.787109 0.449219 0.791016 0.445312 0.791016 0.435547 0.787109 0.431641
0 0.019531 0.412109 0.015625 0.416016 0.015625 0.425781 0.019531 0.429688 0.017578 0.431641 0.017578 0.433594 0.011719 0.439453 0.011719 0.445312 0.009766 0.447266 0.009766 0.457031 0.007812 0.458984 0.007812 0.478516 0.005859 0.480469 0.005859 0.486328 0.003906 0.488281 0.003906 0.509766 0.007812 0.513672 0.007812 0.515625 0.011719 0.519531 0.019531 0.519531 0.023438 0.515625 0.023438 0.503906 0.019531 0.500000 0.019531 0.496094 0.021484 0.494141 0.021484 0.488281 0.023438 0.486328 0.023438 0.460938 0.025391 0.458984 0.025391 0.455078 0.027344 0.453125 0.027344 0.449219 0.031250 0.445312 0.031250 0.443359 0.035156 0.439453 0.035156 0.417969 0.031250 0.414062 0.029297 0.414062 0.027344 0.412109
0 0.113281 0.404297 0.109375 0.408203 0.109375 0.416016 0.113281 0.419922 0.121094 0.419922 0.125000 0.416016 0.125000 0.408203 0.121094 0.404297
0 0.878906 0.402344 0.875000 0.406250 0.875000 0.414062 0.878906 0.417969 0.886719 0.417969 0.890625 0.414062 0.890625 0.406250 0.886719 0.402344
0 0.867188 0.365234 0.863281 0.369141 0.863281 0.376953 0.867188 0.380859 0.875000 0.380859 0.878906 0.376953 0.878906 0.369141 0.875000 0.365234
0 0.015625 0.353516 0.011719 0.357422 0.011719 0.361328 0.009766 0.363281 0.005859 0.363281 0.003906 0.365234 0.001953 0.365234 0.000000 0.367188 0.000000 0.404297 0.009766 0.404297 0.011719 0.402344 0.013672 0.402344 0.015625 0.400391 0.027344 0.400391 0.033203 0.394531 0.033203 0.392578 0.037109 0.388672 0.037109 0.376953 0.035156 0.375000 0.035156 0.373047 0.037109 0.371094 0.037109 0.363281 0.033203 0.359375 0.031250 0.359375 0.027344 0.355469 0.025391 0.355469 0.023438 0.353516
0 0.398438 0.314453 0.394531 0.318359 0.394531 0.320312 0.390625 0.324219 0.390625 0.359375 0.392578 0.361328 0.392578 0.376953 0.386719 0.382812 0.386719 0.390625 0.392578 0.396484 0.392578 0.402344 0.400391 0.410156 0.414062 0.410156 0.417969 0.406250 0.419922 0.406250 0.423828 0.402344 0.423828 0.398438 0.425781 0.396484 0.425781 0.388672 0.419922 0.382812 0.419922 0.369141 0.414062 0.363281 0.412109 0.363281 0.410156 0.361328 0.410156 0.353516 0.406250 0.349609 0.406250 0.337891 0.408203 0.335938 0.431641 0.335938 0.433594 0.337891 0.433594 0.341797 0.437500 0.345703 0.445312 0.345703 0.447266 0.347656 0.447266 0.351562 0.445312 0.353516 0.443359 0.353516 0.439453 0.357422 0.439453 0.367188 0.443359 0.371094 0.451172 0.371094 0.453125 0.373047 0.453125 0.375000 0.455078 0.376953 0.455078 0.378906 0.443359 0.390625 0.443359 0.398438 0.447266 0.402344 0.460938 0.402344 0.462891 0.400391 0.466797 0.400391 0.474609 0.392578 0.474609 0.382812 0.470703 0.378906 0.470703 0.373047 0.472656 0.371094 0.472656 0.359375 0.468750 0.355469 0.466797 0.355469 0.462891 0.351562 0.462891 0.349609 0.466797 0.345703 0.470703 0.345703 0.476562 0.339844 0.476562 0.324219 0.472656 0.320312 0.457031 0.320312 0.451172 0.326172 0.449219 0.324219 0.449219 0.318359 0.445312 0.314453
0 0.316406 0.292969 0.312500 0.296875 0.306641 0.296875 0.302734 0.300781 0.300781 0.300781 0.296875 0.304688 0.296875 0.306641 0.294922 0.308594 0.294922 0.316406 0.298828 0.320312 0.312500 0.320312 0.318359 0.314453 0.320312 0.314453 0.324219 0.310547 0.326172 0.312500 0.326172 0.316406 0.330078 0.320312 0.341797 0.320312 0.349609 0.312500 0.349609 0.302734 0.345703 0.298828 0.337891 0.298828 0.332031 0.304688 0.330078 0.304688 0.328125 0.302734 0.328125 0.296875 0.324219 0.292969
0 0.500000 0.123047 0.496094 0.126953 0.496094 0.128906 0.494141 0.130859 0.494141 0.140625 0.498047 0.144531 0.500000 0.144531 0.501953 0.146484 0.529297 0.146484 0.533203 0.142578 0.533203 0.134766 0.529297 0.130859 0.513672 0.130859 0.511719 0.128906 0.511719 0.126953 0.507812 0.123047
0 0.251953 0.062500 0.248047 0.066406 0.248047 0.085938 0.251953 0.089844 0.259766 0.089844 0.263672 0.085938 0.263672 0.066406 0.259766 0.062500
0 0.558594 0.042969 0.554688 0.046875 0.552734 0.046875 0.546875 0.052734 0.546875 0.076172 0.544922 0.078125 0.544922 0.085938 0.548828 0.089844 0.570312 0.089844 0.572266 0.091797 0.578125 0.091797 0.580078 0.093750 0.591797 0.093750 0.593750 0.095703 0.597656 0.095703 0.599609 0.097656 0.621094 0.097656 0.625000 0.093750 0.625000 0.078125 0.621094 0.074219 0.607422 0.074219 0.605469 0.072266 0.605469 0.062500 0.601562 0.058594 0.595703 0.058594 0.593750 0.056641 0.593750 0.054688 0.589844 0.050781 0.582031 0.050781 0.578125 0.054688 0.576172 0.052734 0.576172 0.046875 0.572266 0.042969
0 0.960938 0.000000 0.960938 0.029297 0.962891 0.031250 0.962891 0.044922 0.964844 0.046875 0.964844 0.052734 0.966797 0.054688 0.966797 0.066406 0.962891 0.070312 0.962891 0.076172 0.960938 0.078125 0.960938 0.091797 0.966797 0.097656 0.966797 0.105469 0.962891 0.109375 0.962891 0.125000 0.960938 0.126953 0.960938 0.130859 0.958984 0.132812 0.953125 0.132812 0.949219 0.136719 0.949219 0.144531 0.953125 0.148438 0.978516 0.148438 0.982422 0.144531 0.982422 0.142578 0.984375 0.140625 0.984375 0.138672 0.986328 0.136719 0.986328 0.134766 0.988281 0.132812 0.990234 0.132812 0.996094 0.126953 0.996094 0.125000 0.998047 0.123047 0.998047 0.000000
0 0.523438 0.000000 0.523438 0.007812 0.521484 0.009766 0.521484 0.017578 0.519531 0.019531 0.519531 0.021484 0.513672 0.027344 0.513672 0.029297 0.511719 0.031250 0.511719 0.039062 0.515625 0.042969 0.535156 0.042969 0.537109 0.041016 0.548828 0.041016 0.552734 0.037109 0.552734 0.031250 0.556641 0.027344 0.556641 0.023438 0.558594 0.021484 0.558594 0.019531 0.560547 0.017578 0.560547 0.015625 0.562500 0.013672 0.562500 0.001953 0.560547 0.000000 0.548828 0.000000 0.546875 0.001953 0.544922 0.001953 0.542969 0.003906 0.541016 0.001953 0.541016 0.000000
0 0.179688 0.000000 0.173828 0.005859 0.173828 0.015625 0.167969 0.021484 0.167969 0.033203 0.175781 0.041016 0.181641 0.041016 0.183594 0.042969 0.173828 0.052734 0.173828 0.062500 0.175781 0.064453 0.175781 0.068359 0.179688 0.072266 0.181641 0.072266 0.183594 0.074219 0.179688 0.078125 0.171875 0.078125 0.167969 0.082031 0.167969 0.089844 0.169922 0.091797 0.169922 0.099609 0.177734 0.107422 0.187500 0.107422 0.189453 0.109375 0.185547 0.113281 0.183594 0.113281 0.171875 0.125000 0.169922 0.125000 0.164062 0.130859 0.164062 0.138672 0.167969 0.142578 0.167969 0.146484 0.166016 0.148438 0.166016 0.162109 0.167969 0.164062 0.167969 0.166016 0.169922 0.167969 0.169922 0.169922 0.171875 0.171875 0.173828 0.171875 0.177734 0.175781 0.177734 0.177734 0.179688 0.179688 0.181641 0.179688 0.187500 0.185547 0.195312 0.185547 0.197266 0.183594 0.210938 0.183594 0.212891 0.185547 0.212891 0.191406 0.208984 0.195312 0.208984 0.199219 0.207031 0.201172 0.191406 0.201172 0.185547 0.207031 0.185547 0.210938 0.183594 0.212891 0.183594 0.214844 0.179688 0.218750 0.179688 0.220703 0.175781 0.224609 0.173828 0.222656 0.173828 0.218750 0.175781 0.216797 0.175781 0.208984 0.171875 0.205078 0.171875 0.203125 0.175781 0.199219 0.175781 0.191406 0.171875 0.187500 0.152344 0.187500 0.148438 0.191406 0.138672 0.191406 0.136719 0.193359 0.130859 0.187500 0.123047 0.187500 0.113281 0.197266 0.107422 0.191406 0.107422 0.187500 0.113281 0.181641 0.115234 0.181641 0.128906 0.167969 0.128906 0.142578 0.126953 0.140625 0.126953 0.138672 0.125000 0.136719 0.125000 0.125000 0.126953 0.123047 0.126953 0.089844 0.128906 0.087891 0.130859 0.087891 0.136719 0.082031 0.136719 0.078125 0.138672 0.076172 0.138672 0.054688 0.132812 0.048828 0.123047 0.048828 0.119141 0.052734 0.119141 0.058594 0.117188 0.060547 0.101562 0.060547 0.099609 0.062500 0.097656 0.062500 0.095703 0.060547 0.095703 0.056641 0.093750 0.054688 0.093750 0.052734 0.089844 0.048828 0.089844 0.042969 0.083984 0.037109 0.087891 0.033203 0.089844 0.033203 0.093750 0.029297 0.093750 0.021484 0.089844 0.017578 0.078125 0.017578 0.074219 0.013672 0.060547 0.013672 0.056641 0.017578 0.056641 0.033203 0.054688 0.035156 0.054688 0.042969 0.064453 0.052734 0.064453 0.054688 0.066406 0.056641 0.066406 0.058594 0.060547 0.064453 0.060547 0.066406 0.056641 0.070312 0.056641 0.082031 0.054688 0.083984 0.054688 0.087891 0.052734 0.089844 0.048828 0.089844 0.046875 0.091797 0.029297 0.091797 0.027344 0.089844 0.025391 0.089844 0.023438 0.087891 0.023438 0.085938 0.019531 0.082031 0.003906 0.082031 0.000000 0.085938 0.000000 0.101562 0.001953 0.103516 0.005859 0.103516 0.007812 0.105469 0.017578 0.105469 0.019531 0.107422 0.054688 0.107422 0.056641 0.105469 0.085938 0.105469 0.089844 0.101562 0.093750 0.101562 0.099609 0.095703 0.099609 0.093750 0.105469 0.087891 0.105469 0.085938 0.109375 0.082031 0.111328 0.083984 0.111328 0.093750 0.109375 0.095703 0.105469 0.095703 0.101562 0.099609 0.101562 0.111328 0.105469 0.115234 0.107422 0.115234 0.109375 0.117188 0.109375 0.128906 0.107422 0.130859 0.107422 0.132812 0.105469 0.134766 0.101562 0.134766 0.099609 0.132812 0.099609 0.119141 0.093750 0.113281 0.085938 0.113281 0.082031 0.117188 0.076172 0.117188 0.070312 0.111328 0.062500 0.111328 0.056641 0.117188 0.027344 0.117188 0.023438 0.113281 0.015625 0.113281 0.013672 0.111328 0.000000 0.111328 0.000000 0.177734 0.003906 0.177734 0.005859 0.179688 0.009766 0.179688 0.011719 0.181641 0.007812 0.185547 0.005859 0.185547 0.001953 0.189453 0.001953 0.195312 0.000000 0.197266 0.000000 0.236328 0.001953 0.236328 0.003906 0.238281 0.015625 0.238281 0.017578 0.236328 0.031250 0.236328 0.033203 0.238281 0.033203 0.244141 0.037109 0.248047 0.041016 0.248047 0.042969 0.250000 0.046875 0.250000 0.048828 0.251953 0.048828 0.255859 0.052734 0.259766 0.058594 0.259766 0.062500 0.263672 0.076172 0.263672 0.080078 0.259766 0.083984 0.259766 0.085938 0.261719 0.093750 0.261719 0.097656 0.265625 0.113281 0.265625 0.121094 0.257812 0.121094 0.253906 0.123047 0.251953 0.125000 0.251953 0.128906 0.248047 0.128906 0.238281 0.126953 0.236328 0.126953 0.224609 0.128906 0.222656 0.132812 0.222656 0.136719 0.218750 0.136719 0.210938 0.130859 0.205078 0.132812 0.203125 0.134766 0.203125 0.138672 0.207031 0.144531 0.207031 0.146484 0.208984 0.142578 0.212891 0.142578 0.228516 0.140625 0.230469 0.136719 0.230469 0.132812 0.234375 0.132812 0.244141 0.142578 0.253906 0.142578 0.257812 0.146484 0.261719 0.154297 0.261719 0.158203 0.257812 0.162109 0.257812 0.164062 0.259766 0.167969 0.259766 0.173828 0.265625 0.218750 0.265625 0.220703 0.267578 0.218750 0.269531 0.210938 0.269531 0.207031 0.273438 0.207031 0.289062 0.210938 0.292969 0.212891 0.292969 0.218750 0.298828 0.218750 0.304688 0.222656 0.308594 0.232422 0.308594 0.236328 0.304688 0.236328 0.298828 0.240234 0.294922 0.240234 0.285156 0.236328 0.281250 0.236328 0.279297 0.226562 0.269531 0.228516 0.267578 0.238281 0.267578 0.242188 0.263672 0.242188 0.261719 0.244141 0.259766 0.244141 0.257812 0.248047 0.253906 0.248047 0.251953 0.251953 0.248047 0.251953 0.244141 0.259766 0.236328 0.259766 0.234375 0.263672 0.230469 0.265625 0.232422 0.265625 0.242188 0.267578 0.244141 0.267578 0.246094 0.271484 0.250000 0.283203 0.250000 0.285156 0.251953 0.283203 0.253906 0.283203 0.267578 0.287109 0.271484 0.287109 0.273438 0.291016 0.277344 0.306641 0.277344 0.308594 0.275391 0.324219 0.275391 0.326172 0.273438 0.404297 0.273438 0.406250 0.275391 0.406250 0.277344 0.410156 0.281250 0.443359 0.281250 0.445312 0.279297 0.453125 0.279297 0.455078 0.277344 0.457031 0.277344 0.462891 0.283203 0.517578 0.283203 0.519531 0.281250 0.523438 0.281250 0.529297 0.275391 0.529297 0.271484 0.531250 0.269531 0.531250 0.261719 0.535156 0.257812 0.537109 0.257812 0.539062 0.259766 0.537109 0.261719 0.537109 0.269531 0.541016 0.273438 0.548828 0.273438 0.552734 0.269531 0.554688 0.269531 0.556641 0.267578 0.558594 0.267578 0.562500 0.263672 0.564453 0.265625 0.564453 0.269531 0.568359 0.273438 0.570312 0.273438 0.572266 0.275391 0.574219 0.275391 0.580078 0.281250 0.580078 0.283203 0.583984 0.287109 0.601562 0.287109 0.605469 0.283203 0.607422 0.285156 0.607422 0.289062 0.611328 0.292969 0.613281 0.292969 0.617188 0.296875 0.628906 0.296875 0.630859 0.298828 0.634766 0.298828 0.636719 0.300781 0.640625 0.300781 0.642578 0.302734 0.671875 0.302734 0.677734 0.296875 0.679688 0.296875 0.681641 0.294922 0.685547 0.294922 0.687500 0.292969 0.691406 0.292969 0.693359 0.291016 0.697266 0.291016 0.699219 0.289062 0.705078 0.289062 0.708984 0.285156 0.710938 0.287109 0.716797 0.287109 0.720703 0.291016 0.722656 0.291016 0.726562 0.294922 0.732422 0.294922 0.734375 0.296875 0.736328 0.296875 0.742188 0.302734 0.746094 0.302734 0.748047 0.304688 0.751953 0.304688 0.753906 0.306641 0.755859 0.306641 0.757812 0.308594 0.763672 0.308594 0.765625 0.310547 0.791016 0.310547 0.792969 0.308594 0.796875 0.308594 0.798828 0.306641 0.800781 0.306641 0.808594 0.298828 0.820312 0.310547 0.820312 0.312500 0.824219 0.316406 0.832031 0.316406 0.835938 0.312500 0.841797 0.312500 0.843750 0.314453 0.843750 0.316406 0.841797 0.318359 0.841797 0.320312 0.835938 0.326172 0.835938 0.333984 0.833984 0.335938 0.832031 0.335938 0.830078 0.333984 0.824219 0.333984 0.822266 0.332031 0.808594 0.332031 0.806641 0.330078 0.794922 0.330078 0.791016 0.333984 0.791016 0.341797 0.794922 0.345703 0.798828 0.345703 0.800781 0.347656 0.814453 0.347656 0.816406 0.349609 0.820312 0.349609 0.822266 0.351562 0.820312 0.353516 0.810547 0.353516 0.808594 0.351562 0.796875 0.351562 0.792969 0.355469 0.792969 0.369141 0.796875 0.373047 0.804688 0.373047 0.808594 0.369141 0.812500 0.369141 0.818359 0.375000 0.826172 0.375000 0.828125 0.373047 0.830078 0.373047 0.832031 0.375000 0.839844 0.375000 0.843750 0.371094 0.843750 0.369141 0.847656 0.365234 0.847656 0.363281 0.849609 0.361328 0.851562 0.363281 0.861328 0.363281 0.869141 0.355469 0.869141 0.353516 0.871094 0.351562 0.875000 0.351562 0.876953 0.349609 0.878906 0.349609 0.880859 0.347656 0.882812 0.347656 0.884766 0.345703 0.886719 0.345703 0.892578 0.339844 0.900391 0.347656 0.908203 0.347656 0.912109 0.343750 0.916016 0.347656 0.917969 0.347656 0.919922 0.349609 0.919922 0.351562 0.923828 0.355469 0.968750 0.355469 0.972656 0.359375 0.980469 0.359375 0.984375 0.355469 0.998047 0.355469 0.998047 0.318359 0.988281 0.318359 0.980469 0.326172 0.978516 0.326172 0.972656 0.320312 0.970703 0.320312 0.966797 0.316406 0.964844 0.316406 0.962891 0.314453 0.964844 0.312500 0.968750 0.312500 0.970703 0.310547 0.974609 0.310547 0.984375 0.300781 0.984375 0.298828 0.986328 0.296875 0.986328 0.287109 0.988281 0.285156 0.988281 0.273438 0.990234 0.271484 0.990234 0.259766 0.986328 0.255859 0.978516 0.255859 0.974609 0.259766 0.974609 0.261719 0.972656 0.263672 0.968750 0.259766 0.966797 0.259766 0.964844 0.257812 0.964844 0.255859 0.960938 0.251953 0.947266 0.251953 0.943359 0.255859 0.943359 0.263672 0.949219 0.269531 0.947266 0.271484 0.941406 0.271484 0.939453 0.269531 0.939453 0.253906 0.933594 0.248047 0.925781 0.248047 0.923828 0.250000 0.914062 0.250000 0.910156 0.253906 0.906250 0.250000 0.898438 0.250000 0.896484 0.248047 0.890625 0.248047 0.888672 0.246094 0.878906 0.246094 0.876953 0.244141 0.851562 0.244141 0.847656 0.240234 0.839844 0.240234 0.837891 0.242188 0.828125 0.242188 0.824219 0.246094 0.824219 0.259766 0.822266 0.261719 0.822266 0.263672 0.818359 0.267578 0.818359 0.269531 0.816406 0.271484 0.816406 0.273438 0.814453 0.275391 0.812500 0.275391 0.810547 0.273438 0.804688 0.273438 0.802734 0.271484 0.806641 0.267578 0.806641 0.265625 0.812500 0.259766 0.812500 0.251953 0.808594 0.248047 0.802734 0.248047 0.800781 0.246094 0.794922 0.246094 0.791016 0.242188 0.783203 0.242188 0.779297 0.246094 0.779297 0.253906 0.781250 0.255859 0.781250 0.257812 0.779297 0.259766 0.777344 0.259766 0.775391 0.257812 0.773438 0.257812 0.771484 0.255859 0.771484 0.248047 0.765625 0.242188 0.761719 0.242188 0.755859 0.236328 0.753906 0.236328 0.751953 0.234375 0.748047 0.234375 0.744141 0.230469 0.742188 0.230469 0.740234 0.228516 0.714844 0.228516 0.712891 0.226562 0.697266 0.226562 0.693359 0.230469 0.693359 0.240234 0.697266 0.244141 0.691406 0.250000 0.689453 0.248047 0.689453 0.236328 0.679688 0.226562 0.669922 0.226562 0.666016 0.230469 0.666016 0.232422 0.664062 0.234375 0.656250 0.234375 0.654297 0.232422 0.654297 0.224609 0.650391 0.220703 0.642578 0.220703 0.636719 0.226562 0.634766 0.226562 0.632812 0.224609 0.632812 0.222656 0.628906 0.218750 0.630859 0.216797 0.658203 0.216797 0.660156 0.214844 0.664062 0.218750 0.671875 0.218750 0.675781 0.214844 0.679688 0.214844 0.683594 0.218750 0.691406 0.218750 0.695312 0.214844 0.699219 0.218750 0.716797 0.218750 0.722656 0.224609 0.740234 0.224609 0.742188 0.222656 0.744141 0.224609 0.750000 0.224609 0.751953 0.226562 0.777344 0.226562 0.779297 0.228516 0.787109 0.228516 0.789062 0.226562 0.791016 0.228516 0.804688 0.228516 0.808594 0.224609 0.808594 0.222656 0.810547 0.220703 0.818359 0.220703 0.824219 0.226562 0.832031 0.226562 0.837891 0.220703 0.863281 0.220703 0.867188 0.224609 0.886719 0.224609 0.892578 0.230469 0.908203 0.230469 0.914062 0.236328 0.921875 0.236328 0.923828 0.234375 0.929688 0.234375 0.935547 0.240234 0.943359 0.240234 0.947266 0.236328 0.947266 0.234375 0.949219 0.232422 0.951172 0.232422 0.962891 0.220703 0.962891 0.214844 0.964844 0.212891 0.964844 0.207031 0.966797 0.205078 0.966797 0.199219 0.968750 0.197266 0.968750 0.187500 0.972656 0.183594 0.972656 0.181641 0.974609 0.179688 0.974609 0.175781 0.978516 0.171875 0.978516 0.160156 0.972656 0.154297 0.964844 0.154297 0.962891 0.156250 0.960938 0.156250 0.957031 0.152344 0.949219 0.152344 0.945312 0.156250 0.945312 0.164062 0.943359 0.166016 0.935547 0.166016 0.933594 0.167969 0.927734 0.167969 0.921875 0.173828 0.906250 0.173828 0.902344 0.177734 0.902344 0.181641 0.900391 0.183594 0.898438 0.183594 0.890625 0.175781 0.888672 0.175781 0.886719 0.173828 0.878906 0.173828 0.876953 0.175781 0.871094 0.175781 0.869141 0.173828 0.863281 0.173828 0.861328 0.171875 0.857422 0.171875 0.855469 0.169922 0.833984 0.169922 0.832031 0.171875 0.820312 0.171875 0.818359 0.169922 0.814453 0.169922 0.812500 0.167969 0.812500 0.162109 0.808594 0.158203 0.798828 0.158203 0.792969 0.164062 0.789062 0.164062 0.787109 0.166016 0.785156 0.166016 0.781250 0.169922 0.757812 0.169922 0.755859 0.171875 0.750000 0.171875 0.746094 0.167969 0.738281 0.167969 0.736328 0.169922 0.726562 0.160156 0.716797 0.160156 0.708984 0.167969 0.707031 0.166016 0.705078 0.166016 0.703125 0.164062 0.703125 0.158203 0.699219 0.154297 0.691406 0.154297 0.685547 0.160156 0.683594 0.160156 0.681641 0.162109 0.673828 0.162109 0.671875 0.160156 0.671875 0.158203 0.666016 0.152344 0.650391 0.152344 0.646484 0.156250 0.646484 0.164062 0.644531 0.166016 0.632812 0.166016 0.630859 0.167969 0.628906 0.167969 0.626953 0.166016 0.626953 0.162109 0.628906 0.160156 0.632812 0.160156 0.636719 0.156250 0.636719 0.148438 0.630859 0.142578 0.632812 0.140625 0.632812 0.132812 0.628906 0.128906 0.626953 0.128906 0.625000 0.126953 0.626953 0.125000 0.628906 0.125000 0.630859 0.123047 0.632812 0.123047 0.636719 0.119141 0.636719 0.111328 0.632812 0.107422 0.621094 0.107422 0.617188 0.111328 0.613281 0.111328 0.609375 0.115234 0.609375 0.125000 0.607422 0.126953 0.605469 0.125000 0.605469 0.121094 0.597656 0.113281 0.587891 0.113281 0.576172 0.125000 0.576172 0.126953 0.574219 0.128906 0.572266 0.128906 0.568359 0.132812 0.566406 0.130859 0.566406 0.126953 0.562500 0.123047 0.554688 0.123047 0.550781 0.126953 0.550781 0.128906 0.548828 0.130859 0.548828 0.144531 0.550781 0.146484 0.550781 0.148438 0.554688 0.152344 0.554688 0.160156 0.552734 0.162109 0.542969 0.162109 0.539062 0.158203 0.531250 0.158203 0.527344 0.162109 0.527344 0.169922 0.531250 0.173828 0.531250 0.175781 0.529297 0.177734 0.523438 0.177734 0.517578 0.171875 0.517578 0.164062 0.521484 0.160156 0.521484 0.156250 0.519531 0.154297 0.517578 0.154297 0.515625 0.152344 0.513672 0.152344 0.511719 0.150391 0.500000 0.150391 0.498047 0.152344 0.496094 0.152344 0.494141 0.154297 0.492188 0.154297 0.490234 0.156250 0.488281 0.154297 0.488281 0.152344 0.486328 0.150391 0.490234 0.146484 0.490234 0.138672 0.486328 0.134766 0.478516 0.134766 0.474609 0.138672 0.470703 0.138672 0.464844 0.132812 0.457031 0.132812 0.451172 0.138672 0.445312 0.138672 0.439453 0.132812 0.423828 0.132812 0.421875 0.134766 0.417969 0.134766 0.414062 0.130859 0.416016 0.128906 0.419922 0.128906 0.421875 0.126953 0.431641 0.126953 0.435547 0.123047 0.437500 0.123047 0.441406 0.119141 0.447266 0.119141 0.451172 0.115234 0.451172 0.103516 0.449219 0.101562 0.449219 0.099609 0.447266 0.097656 0.447266 0.095703 0.439453 0.087891 0.421875 0.087891 0.416016 0.093750 0.416016 0.095703 0.412109 0.099609 0.412109 0.111328 0.410156 0.113281 0.408203 0.113281 0.410156 0.115234 0.410156 0.125000 0.412109 0.126953 0.410156 0.128906 0.408203 0.128906 0.406250 0.126953 0.394531 0.126953 0.392578 0.128906 0.390625 0.128906 0.388672 0.130859 0.386719 0.130859 0.384766 0.132812 0.384766 0.134766 0.382812 0.136719 0.361328 0.136719 0.359375 0.134766 0.333984 0.134766 0.332031 0.132812 0.294922 0.132812 0.292969 0.134766 0.291016 0.134766 0.289062 0.136719 0.267578 0.136719 0.265625 0.134766 0.265625 0.132812 0.263672 0.130859 0.261719 0.130859 0.259766 0.128906 0.257812 0.128906 0.255859 0.126953 0.261719 0.121094 0.261719 0.113281 0.255859 0.107422 0.251953 0.107422 0.250000 0.105469 0.248047 0.105469 0.246094 0.103516 0.236328 0.103516 0.232422 0.107422 0.232422 0.111328 0.230469 0.113281 0.216797 0.113281 0.208984 0.105469 0.208984 0.103516 0.207031 0.101562 0.207031 0.085938 0.205078 0.083984 0.205078 0.080078 0.203125 0.078125 0.203125 0.074219 0.205078 0.072266 0.205078 0.064453 0.203125 0.062500 0.205078 0.060547 0.207031 0.060547 0.208984 0.062500 0.208984 0.068359 0.214844 0.074219 0.214844 0.076172 0.218750 0.080078 0.226562 0.080078 0.230469 0.076172 0.230469 0.068359 0.232422 0.066406 0.234375 0.066406 0.238281 0.062500 0.238281 0.052734 0.234375 0.048828 0.226562 0.048828 0.224609 0.050781 0.222656 0.050781 0.216797 0.056641 0.214844 0.056641 0.212891 0.054688 0.212891 0.052734 0.208984 0.048828 0.208984 0.044922 0.210938 0.042969 0.210938 0.041016 0.208984 0.039062 0.208984 0.033203 0.207031 0.031250 0.193359 0.031250 0.187500 0.025391 0.187500 0.023438 0.193359 0.017578 0.195312 0.017578 0.199219 0.013672 0.199219 0.003906 0.195312 0.000000