0 0.423828 0.472656 0.425781 0.472656 0.427734 0.474609 0.429688 0.474609 0.433594 0.478516 0.435547 0.478516 0.439453 0.482422 0.437500 0.484375 0.429688 0.484375 0.425781 0.488281 0.425781 0.503906 0.429688 0.507812 0.445312 0.507812 0.449219 0.503906 0.449219 0.488281 0.445312 0.484375 0.443359 0.484375 0.439453 0.480469 0.437500 0.480469 0.435547 0.478516 0.435547 0.476562 0.431641 0.472656
0 0.226562 0.455078 0.222656 0.458984 0.220703 0.458984 0.210938 0.468750 0.210938 0.474609 0.208984 0.476562 0.208984 0.494141 0.207031 0.496094 0.207031 0.503906 0.210938 0.507812 0.216797 0.507812 0.218750 0.509766 0.234375 0.509766 0.238281 0.505859 0.240234 0.507812 0.240234 0.513672 0.242188 0.515625 0.242188 0.517578 0.244141 0.519531 0.244141 0.523438 0.248047 0.527344 0.261719 0.527344 0.265625 0.523438 0.267578 0.523438 0.269531 0.521484 0.271484 0.521484 0.275391 0.517578 0.275391 0.515625 0.279297 0.511719 0.279297 0.498047 0.281250 0.496094 0.281250 0.488281 0.275391 0.482422 0.257812 0.482422 0.255859 0.484375 0.250000 0.484375 0.248047 0.482422 0.248047 0.468750 0.242188 0.462891 0.242188 0.460938 0.236328 0.455078
0 0.457031 0.431641 0.453125 0.435547 0.453125 0.439453 0.451172 0.441406 0.449219 0.439453 0.439453 0.439453 0.435547 0.443359 0.435547 0.451172 0.439453 0.455078 0.449219 0.455078 0.453125 0.451172 0.453125 0.447266 0.455078 0.445312 0.457031 0.447266 0.464844 0.447266 0.468750 0.443359 0.468750 0.435547 0.464844 0.431641
0 0.373047 0.427734 0.363281 0.437500 0.363281 0.445312 0.367188 0.449219 0.375000 0.449219 0.376953 0.447266 0.380859 0.447266 0.384766 0.443359 0.384766 0.431641 0.380859 0.427734
0 0.355469 0.410156 0.349609 0.416016 0.347656 0.416016 0.343750 0.419922 0.343750 0.427734 0.347656 0.431641 0.349609 0.431641 0.351562 0.433594 0.361328 0.433594 0.367188 0.427734 0.367188 0.423828 0.369141 0.421875 0.369141 0.414062 0.365234 0.410156
0 0.406250 0.396484 0.402344 0.400391 0.402344 0.416016 0.406250 0.419922 0.416016 0.419922 0.421875 0.414062 0.421875 0.406250 0.417969 0.402344 0.417969 0.400391 0.414062 0.396484
0 0.503906 0.369141 0.500000 0.373047 0.500000 0.384766 0.496094 0.388672 0.496094 0.390625 0.494141 0.392578 0.494141 0.398438 0.484375 0.408203 0.482422 0.406250 0.482422 0.396484 0.480469 0.394531 0.486328 0.388672 0.486328 0.380859 0.482422 0.376953 0.466797 0.376953 0.462891 0.380859 0.462891 0.388672 0.468750 0.394531 0.466797 0.396484 0.462891 0.396484 0.458984 0.400391 0.458984 0.402344 0.457031 0.404297 0.457031 0.414062 0.462891 0.419922 0.470703 0.419922 0.474609 0.416016 0.476562 0.417969 0.476562 0.421875 0.480469 0.425781 0.490234 0.425781 0.490234 0.423828 0.494141 0.419922 0.494141 0.417969 0.500000 0.412109 0.501953 0.412109 0.505859 0.408203 0.507812 0.408203 0.509766 0.406250 0.509766 0.400391 0.515625 0.394531 0.515625 0.390625 0.517578 0.388672 0.517578 0.380859 0.515625 0.378906 0.515625 0.373047 0.511719 0.369141
0 0.521484 0.328125 0.517578 0.332031 0.517578 0.339844 0.521484 0.343750 0.519531 0.345703 0.511719 0.345703 0.507812 0.349609 0.507812 0.357422 0.511719 0.361328 0.525391 0.361328 0.529297 0.357422 0.529297 0.349609 0.525391 0.345703 0.527344 0.343750 0.529297 0.343750 0.533203 0.339844 0.533203 0.332031 0.529297 0.328125
0 0.503906 0.294922 0.500000 0.298828 0.498047 0.298828 0.494141 0.302734 0.494141 0.310547 0.498047 0.314453 0.492188 0.320312 0.486328 0.320312 0.482422 0.324219 0.482422 0.339844 0.484375 0.341797 0.482422 0.343750 0.482422 0.351562 0.484375 0.353516 0.482422 0.355469 0.480469 0.355469 0.478516 0.357422 0.476562 0.357422 0.472656 0.361328 0.472656 0.369141 0.476562 0.373047 0.486328 0.373047 0.492188 0.367188 0.492188 0.359375 0.490234 0.357422 0.492188 0.355469 0.494141 0.355469 0.498047 0.351562 0.498047 0.343750 0.496094 0.341797 0.498047 0.339844 0.498047 0.333984 0.500000 0.332031 0.503906 0.332031 0.507812 0.328125 0.507812 0.320312 0.503906 0.316406 0.509766 0.310547 0.511719 0.310547 0.513672 0.308594 0.515625 0.310547 0.515625 0.318359 0.519531 0.322266 0.527344 0.322266 0.531250 0.318359 0.531250 0.310547 0.527344 0.306641 0.519531 0.306641 0.517578 0.308594 0.515625 0.306641 0.515625 0.298828 0.511719 0.294922
0 0.531250 0.289062 0.527344 0.292969 0.527344 0.300781 0.531250 0.304688 0.539062 0.304688 0.542969 0.300781 0.542969 0.292969 0.539062 0.289062
0 0.539062 0.267578 0.535156 0.271484 0.535156 0.279297 0.539062 0.283203 0.546875 0.283203 0.550781 0.279297 0.550781 0.271484 0.546875 0.267578
0 0.103516 0.253906 0.099609 0.257812 0.099609 0.285156 0.101562 0.287109 0.101562 0.294922 0.099609 0.296875 0.099609 0.302734 0.093750 0.308594 0.093750 0.316406 0.089844 0.320312 0.089844 0.324219 0.087891 0.326172 0.087891 0.330078 0.082031 0.335938 0.082031 0.339844 0.080078 0.341797 0.080078 0.347656 0.076172 0.351562 0.062500 0.351562 0.058594 0.355469 0.050781 0.355469 0.044922 0.361328 0.042969 0.361328 0.041016 0.363281 0.017578 0.363281 0.013672 0.367188 0.013672 0.375000 0.011719 0.376953 0.005859 0.376953 0.003906 0.378906 0.001953 0.378906 0.000000 0.380859 0.000000 0.720703 0.001953 0.720703 0.003906 0.722656 0.005859 0.722656 0.007812 0.724609 0.003906 0.728516 0.003906 0.734375 0.001953 0.736328 0.001953 0.738281 0.000000 0.740234 0.000000 0.998047 0.232422 0.998047 0.234375 0.996094 0.236328 0.998047 0.255859 0.998047 0.255859 0.992188 0.253906 0.990234 0.253906 0.988281 0.255859 0.986328 0.263672 0.986328 0.265625 0.988281 0.265625 0.998047 0.373047 0.998047 0.375000 0.996094 0.375000 0.994141 0.376953 0.992188 0.376953 0.988281 0.380859 0.984375 0.380859 0.978516 0.382812 0.976562 0.382812 0.972656 0.384766 0.970703 0.384766 0.968750 0.386719 0.966797 0.386719 0.962891 0.390625 0.958984 0.394531 0.958984 0.398438 0.955078 0.398438 0.953125 0.400391 0.951172 0.410156 0.951172 0.414062 0.947266 0.414062 0.937500 0.417969 0.933594 0.417969 0.925781 0.423828 0.919922 0.423828 0.914062 0.427734 0.910156 0.427734 0.902344 0.425781 0.900391 0.425781 0.898438 0.429688 0.894531 0.429688 0.892578 0.435547 0.886719 0.435547 0.878906 0.439453 0.875000 0.439453 0.871094 0.441406 0.869141 0.441406 0.863281 0.443359 0.861328 0.443359 0.857422 0.453125 0.847656 0.453125 0.828125 0.451172 0.826172 0.451172 0.818359 0.455078 0.814453 0.455078 0.794922 0.458984 0.791016 0.458984 0.789062 0.460938 0.787109 0.460938 0.785156 0.464844 0.781250 0.464844 0.769531 0.466797 0.767578 0.466797 0.753906 0.464844 0.751953 0.464844 0.748047 0.453125 0.736328 0.453125 0.732422 0.443359 0.722656 0.443359 0.720703 0.441406 0.718750 0.441406 0.712891 0.447266 0.707031 0.447266 0.689453 0.449219 0.687500 0.449219 0.685547 0.455078 0.679688 0.455078 0.675781 0.458984 0.671875 0.458984 0.666016 0.460938 0.664062 0.460938 0.660156 0.464844 0.656250 0.464844 0.650391 0.468750 0.646484 0.468750 0.626953 0.470703 0.625000 0.470703 0.623047 0.474609 0.619141 0.478516 0.619141 0.482422 0.615234 0.482422 0.601562 0.470703 0.589844 0.470703 0.583984 0.466797 0.580078 0.466797 0.576172 0.462891 0.572266 0.458984 0.572266 0.455078 0.568359 0.453125 0.568359 0.451172 0.566406 0.449219 0.566406 0.443359 0.560547 0.433594 0.560547 0.431641 0.558594 0.429688 0.558594 0.425781 0.554688 0.423828 0.554688 0.417969 0.548828 0.410156 0.548828 0.408203 0.550781 0.406250 0.548828 0.406250 0.546875 0.410156 0.542969 0.410156 0.531250 0.412109 0.529297 0.414062 0.531250 0.433594 0.531250 0.437500 0.527344 0.441406 0.527344 0.445312 0.523438 0.445312 0.515625 0.441406 0.511719 0.425781 0.511719 0.421875 0.515625 0.414062 0.515625 0.410156 0.519531 0.408203 0.517578 0.408203 0.515625 0.402344 0.509766 0.388672 0.509766 0.382812 0.515625 0.382812 0.517578 0.378906 0.521484 0.378906 0.527344 0.376953 0.529297 0.376953 0.531250 0.365234 0.542969 0.365234 0.544922 0.359375 0.550781 0.359375 0.566406 0.361328 0.568359 0.359375 0.570312 0.359375 0.572266 0.357422 0.574219 0.355469 0.572266 0.355469 0.570312 0.351562 0.566406 0.314453 0.566406 0.306641 0.558594 0.306641 0.554688 0.300781 0.548828 0.300781 0.544922 0.296875 0.541016 0.292969 0.541016 0.289062 0.537109 0.251953 0.537109 0.248047 0.541016 0.246094 0.541016 0.238281 0.548828 0.238281 0.560547 0.242188 0.564453 0.242188 0.566406 0.238281 0.570312 0.238281 0.574219 0.236328 0.576172 0.236328 0.580078 0.230469 0.585938 0.230469 0.591797 0.216797 0.605469 0.216797 0.609375 0.214844 0.611328 0.214844 0.619141 0.216797 0.621094 0.216797 0.623047 0.220703 0.626953 0.222656 0.626953 0.224609 0.628906 0.224609 0.632812 0.226562 0.634766 0.226562 0.636719 0.216797 0.646484 0.207031 0.646484 0.205078 0.648438 0.201172 0.648438 0.195312 0.654297 0.195312 0.656250 0.193359 0.658203 0.193359 0.660156 0.191406 0.662109 0.191406 0.664062 0.187500 0.667969 0.187500 0.669922 0.185547 0.671875 0.185547 0.675781 0.183594 0.677734 0.183594 0.679688 0.181641 0.681641 0.181641 0.683594 0.179688 0.685547 0.179688 0.689453 0.177734 0.691406 0.171875 0.691406 0.167969 0.695312 0.167969 0.703125 0.171875 0.707031 0.171875 0.708984 0.169922 0.710938 0.169922 0.712891 0.156250 0.726562 0.156250 0.730469 0.152344 0.734375 0.136719 0.734375 0.128906 0.742188 0.126953 0.740234 0.126953 0.734375 0.128906 0.732422 0.128906 0.730469 0.134766 0.724609 0.134766 0.722656 0.138672 0.718750 0.138672 0.712891 0.140625 0.710938 0.140625 0.687500 0.136719 0.683594 0.130859 0.683594 0.128906 0.681641 0.109375 0.681641 0.107422 0.679688 0.101562 0.679688 0.099609 0.677734 0.095703 0.677734 0.093750 0.675781 0.085938 0.675781 0.083984 0.673828 0.076172 0.673828 0.072266 0.669922 0.082031 0.660156 0.082031 0.656250 0.085938 0.652344 0.085938 0.650391 0.089844 0.646484 0.089844 0.642578 0.093750 0.638672 0.093750 0.636719 0.095703 0.634766 0.095703 0.632812 0.097656 0.630859 0.097656 0.628906 0.099609 0.626953 0.099609 0.617188 0.101562 0.615234 0.101562 0.613281 0.105469 0.609375 0.105469 0.603516 0.109375 0.599609 0.109375 0.593750 0.111328 0.591797 0.111328 0.589844 0.117188 0.583984 0.117188 0.578125 0.119141 0.576172 0.119141 0.574219 0.123047 0.570312 0.123047 0.568359 0.128906 0.562500 0.128906 0.558594 0.132812 0.554688 0.132812 0.552734 0.142578 0.542969 0.142578 0.537109 0.148438 0.531250 0.148438 0.525391 0.154297 0.519531 0.154297 0.509766 0.150391 0.505859 0.140625 0.505859 0.134766 0.511719 0.134766 0.513672 0.132812 0.515625 0.132812 0.517578 0.130859 0.519531 0.125000 0.519531 0.119141 0.525391 0.117188 0.525391 0.113281 0.529297 0.113281 0.531250 0.107422 0.537109 0.107422 0.539062 0.101562 0.544922 0.099609 0.544922 0.097656 0.546875 0.089844 0.546875 0.083984 0.541016 0.087891 0.537109 0.087891 0.535156 0.093750 0.529297 0.093750 0.517578 0.089844 0.513672 0.089844 0.509766 0.087891 0.507812 0.087891 0.492188 0.085938 0.490234 0.085938 0.486328 0.083984 0.484375 0.083984 0.462891 0.082031 0.460938 0.082031 0.458984 0.083984 0.457031 0.083984 0.439453 0.089844 0.433594 0.089844 0.429688 0.091797 0.427734 0.091797 0.425781 0.093750 0.423828 0.093750 0.421875 0.095703 0.419922 0.095703 0.417969 0.103516 0.410156 0.113281 0.410156 0.117188 0.406250 0.117188 0.398438 0.121094 0.394531 0.121094 0.392578 0.123047 0.390625 0.123047 0.380859 0.125000 0.378906 0.126953 0.378906 0.130859 0.382812 0.132812 0.382812 0.134766 0.384766 0.136719 0.384766 0.138672 0.386719 0.160156 0.386719 0.164062 0.382812 0.166016 0.382812 0.167969 0.384766 0.167969 0.412109 0.181641 0.425781 0.187500 0.425781 0.189453 0.427734 0.189453 0.439453 0.199219 0.449219 0.242188 0.449219 0.242188 0.445312 0.248047 0.439453 0.251953 0.439453 0.257812 0.433594 0.259766 0.433594 0.261719 0.431641 0.263672 0.431641 0.263672 0.429688 0.269531 0.423828 0.275391 0.423828 0.281250 0.429688 0.279297 0.431641 0.277344 0.431641 0.273438 0.435547 0.273438 0.437500 0.271484 0.439453 0.271484 0.441406 0.265625 0.447266 0.271484 0.441406 0.277344 0.447266 0.277344 0.451172 0.285156 0.458984 0.285156 0.470703 0.289062 0.474609 0.296875 0.474609 0.302734 0.468750 0.304688 0.468750 0.306641 0.470703 0.306641 0.472656 0.300781 0.478516 0.300781 0.486328 0.304688 0.490234 0.306641 0.490234 0.308594 0.492188 0.316406 0.492188 0.320312 0.488281 0.320312 0.486328 0.324219 0.482422 0.324219 0.480469 0.326172 0.478516 0.326172 0.468750 0.322266 0.464844 0.314453 0.464844 0.312500 0.462891 0.312500 0.455078 0.308594 0.451172 0.304688 0.451172 0.302734 0.449219 0.306641 0.445312 0.306641 0.437500 0.302734 0.433594 0.298828 0.433594 0.294922 0.429688 0.283203 0.429688 0.281250 0.427734 0.289062 0.419922 0.289062 0.417969 0.292969 0.414062 0.292969 0.376953 0.291016 0.375000 0.291016 0.371094 0.289062 0.369141 0.289062 0.367188 0.285156 0.363281 0.285156 0.359375 0.273438 0.347656 0.273438 0.345703 0.269531 0.341797 0.267578 0.341797 0.257812 0.332031 0.257812 0.330078 0.253906 0.326172 0.246094 0.326172 0.244141 0.324219 0.244141 0.306641 0.240234 0.302734 0.240234 0.294922 0.238281 0.292969 0.238281 0.289062 0.234375 0.285156 0.226562 0.285156 0.222656 0.289062 0.220703 0.289062 0.212891 0.296875 0.208984 0.296875 0.205078 0.300781 0.205078 0.302734 0.203125 0.304688 0.201172 0.302734 0.193359 0.302734 0.189453 0.306641 0.189453 0.314453 0.187500 0.316406 0.187500 0.318359 0.183594 0.322266 0.183594 0.324219 0.179688 0.328125 0.179688 0.332031 0.173828 0.337891 0.171875 0.337891 0.169922 0.339844 0.160156 0.339844 0.158203 0.341797 0.156250 0.341797 0.154297 0.343750 0.144531 0.343750 0.140625 0.347656 0.136719 0.347656 0.134766 0.349609 0.132812 0.349609 0.128906 0.353516 0.128906 0.355469 0.126953 0.357422 0.126953 0.359375 0.125000 0.361328 0.119141 0.361328 0.117188 0.359375 0.121094 0.355469 0.121094 0.345703 0.115234 0.339844 0.117188 0.337891 0.119141 0.337891 0.123047 0.333984 0.123047 0.332031 0.126953 0.328125 0.126953 0.326172 0.132812 0.320312 0.132812 0.310547 0.134766 0.308594 0.134766 0.306641 0.136719 0.304688 0.136719 0.302734 0.134766 0.300781 0.134766 0.296875 0.136719 0.294922 0.136719 0.292969 0.138672 0.291016 0.134766 0.287109 0.134766 0.265625 0.132812 0.263672 0.132812 0.261719 0.126953 0.261719 0.125000 0.259766 0.125000 0.257812 0.121094 0.253906
0 0.541016 0.242188 0.537109 0.246094 0.537109 0.250000 0.535156 0.251953 0.531250 0.248047 0.523438 0.248047 0.519531 0.251953 0.519531 0.261719 0.513672 0.267578 0.511719 0.265625 0.503906 0.265625 0.500000 0.269531 0.500000 0.277344 0.503906 0.281250 0.511719 0.281250 0.517578 0.275391 0.519531 0.277344 0.527344 0.277344 0.531250 0.273438 0.531250 0.263672 0.535156 0.259766 0.535156 0.257812 0.537109 0.255859 0.541016 0.259766 0.548828 0.259766 0.552734 0.255859 0.552734 0.246094 0.548828 0.242188
0 0.392578 0.234375 0.388672 0.238281 0.388672 0.246094 0.392578 0.250000 0.416016 0.250000 0.419922 0.246094 0.419922 0.238281 0.416016 0.234375
0 0.451172 0.224609 0.449219 0.226562 0.439453 0.226562 0.435547 0.230469 0.431641 0.230469 0.427734 0.234375 0.427734 0.242188 0.431641 0.246094 0.445312 0.246094 0.449219 0.242188 0.457031 0.242188 0.458984 0.240234 0.468750 0.240234 0.472656 0.236328 0.472656 0.228516 0.468750 0.224609
0 0.500000 0.212891 0.496094 0.216797 0.496094 0.218750 0.494141 0.220703 0.490234 0.216797 0.482422 0.216797 0.478516 0.220703 0.478516 0.224609 0.476562 0.226562 0.476562 0.234375 0.480469 0.238281 0.482422 0.238281 0.484375 0.240234 0.480469 0.244141 0.480469 0.253906 0.484375 0.257812 0.492188 0.257812 0.494141 0.255859 0.496094 0.255859 0.498047 0.253906 0.500000 0.255859 0.507812 0.255859 0.511719 0.251953 0.511719 0.244141 0.507812 0.240234 0.500000 0.240234 0.498047 0.242188 0.496094 0.240234 0.490234 0.240234 0.488281 0.238281 0.492188 0.234375 0.492188 0.230469 0.494141 0.228516 0.496094 0.230469 0.496094 0.232422 0.500000 0.236328 0.507812 0.236328 0.513672 0.230469 0.513672 0.218750 0.507812 0.212891
0 0.541016 0.126953 0.537109 0.130859 0.537109 0.132812 0.533203 0.136719 0.533203 0.142578 0.531250 0.144531 0.527344 0.140625 0.517578 0.140625 0.513672 0.144531 0.513672 0.152344 0.517578 0.156250 0.527344 0.156250 0.531250 0.152344 0.533203 0.154297 0.533203 0.162109 0.531250 0.164062 0.525391 0.164062 0.521484 0.167969 0.521484 0.175781 0.523438 0.177734 0.523438 0.179688 0.519531 0.183594 0.519531 0.191406 0.523438 0.195312 0.521484 0.197266 0.521484 0.205078 0.525391 0.208984 0.533203 0.208984 0.537109 0.205078 0.537109 0.197266 0.533203 0.193359 0.535156 0.191406 0.535156 0.183594 0.533203 0.181641 0.533203 0.179688 0.537109 0.175781 0.552734 0.175781 0.554688 0.173828 0.558594 0.173828 0.562500 0.169922 0.562500 0.167969 0.568359 0.162109 0.568359 0.160156 0.570312 0.158203 0.570312 0.132812 0.566406 0.128906 0.558594 0.128906 0.556641 0.126953
0 0.041016 0.048828 0.033203 0.056641 0.033203 0.058594 0.031250 0.060547 0.031250 0.066406 0.027344 0.070312 0.025391 0.070312 0.009766 0.085938 0.009766 0.091797 0.005859 0.095703 0.005859 0.111328 0.007812 0.113281 0.003906 0.117188 0.003906 0.126953 0.000000 0.130859 0.000000 0.152344 0.007812 0.152344 0.009766 0.154297 0.019531 0.154297 0.023438 0.150391 0.027344 0.150391 0.029297 0.152344 0.029297 0.158203 0.031250 0.160156 0.031250 0.167969 0.029297 0.169922 0.007812 0.169922 0.003906 0.173828 0.003906 0.189453 0.005859 0.189453 0.007812 0.191406 0.009766 0.189453 0.013672 0.189453 0.025391 0.201172 0.025391 0.203125 0.029297 0.203125 0.031250 0.205078 0.060547 0.205078 0.064453 0.201172 0.064453 0.199219 0.070312 0.193359 0.070312 0.191406 0.076172 0.185547 0.076172 0.181641 0.078125 0.179688 0.078125 0.175781 0.080078 0.173828 0.080078 0.171875 0.082031 0.169922 0.082031 0.167969 0.083984 0.166016 0.083984 0.144531 0.076172 0.136719 0.074219 0.136719 0.072266 0.134766 0.037109 0.134766 0.035156 0.136719 0.033203 0.134766 0.033203 0.132812 0.027344 0.126953 0.027344 0.125000 0.031250 0.121094 0.037109 0.121094 0.044922 0.113281 0.050781 0.113281 0.060547 0.103516 0.060547 0.089844 0.058594 0.087891 0.058594 0.085938 0.060547 0.083984 0.060547 0.074219 0.058594 0.072266 0.058594 0.058594 0.054688 0.054688 0.054688 0.052734 0.050781 0.048828
0 0.578125 0.000000 0.576172 0.001953 0.576172 0.017578 0.580078 0.021484 0.580078 0.023438 0.582031 0.025391 0.582031 0.029297 0.585938 0.033203 0.587891 0.033203 0.589844 0.035156 0.589844 0.048828 0.591797 0.050781 0.591797 0.052734 0.585938 0.058594 0.585938 0.078125 0.589844 0.082031 0.591797 0.082031 0.595703 0.085938 0.597656 0.085938 0.599609 0.087891 0.609375 0.087891 0.611328 0.089844 0.607422 0.093750 0.607422 0.107422 0.599609 0.115234 0.599609 0.144531 0.601562 0.146484 0.601562 0.148438 0.603516 0.150391 0.603516 0.156250 0.607422 0.160156 0.615234 0.160156 0.619141 0.156250 0.619141 0.142578 0.617188 0.140625 0.617188 0.136719 0.615234 0.134766 0.615234 0.125000 0.619141 0.121094 0.621094 0.121094 0.625000 0.117188 0.625000 0.115234 0.626953 0.113281 0.632812 0.113281 0.634766 0.115234 0.638672 0.115234 0.640625 0.117188 0.642578 0.117188 0.644531 0.119141 0.656250 0.119141 0.658203 0.117188 0.660156 0.119141 0.681641 0.119141 0.683594 0.121094 0.683594 0.134766 0.681641 0.136719 0.683594 0.138672 0.683594 0.142578 0.677734 0.148438 0.673828 0.148438 0.673828 0.156250 0.677734 0.160156 0.685547 0.160156 0.689453 0.156250 0.689453 0.154297 0.691406 0.152344 0.703125 0.152344 0.707031 0.156250 0.710938 0.156250 0.716797 0.162109 0.750000 0.162109 0.753906 0.158203 0.753906 0.156250 0.755859 0.154297 0.757812 0.154297 0.765625 0.162109 0.765625 0.167969 0.767578 0.169922 0.767578 0.171875 0.775391 0.179688 0.783203 0.179688 0.785156 0.181641 0.781250 0.185547 0.781250 0.210938 0.787109 0.216797 0.792969 0.216797 0.794922 0.218750 0.794922 0.220703 0.796875 0.222656 0.792969 0.226562 0.791016 0.226562 0.787109 0.230469 0.787109 0.240234 0.785156 0.242188 0.785156 0.244141 0.775391 0.253906 0.775391 0.255859 0.773438 0.257812 0.771484 0.255859 0.771484 0.251953 0.773438 0.250000 0.773438 0.248047 0.775391 0.246094 0.775391 0.242188 0.779297 0.238281 0.779297 0.236328 0.781250 0.234375 0.781250 0.226562 0.777344 0.222656 0.775391 0.222656 0.769531 0.216797 0.685547 0.216797 0.683594 0.218750 0.679688 0.218750 0.675781 0.222656 0.671875 0.222656 0.669922 0.224609 0.667969 0.224609 0.662109 0.230469 0.662109 0.232422 0.660156 0.234375 0.660156 0.238281 0.656250 0.242188 0.656250 0.251953 0.654297 0.253906 0.654297 0.255859 0.650391 0.259766 0.642578 0.259766 0.640625 0.261719 0.638672 0.261719 0.636719 0.263672 0.630859 0.263672 0.625000 0.269531 0.623047 0.269531 0.613281 0.279297 0.611328 0.279297 0.605469 0.285156 0.603516 0.285156 0.601562 0.287109 0.572266 0.287109 0.568359 0.291016 0.568359 0.306641 0.566406 0.308594 0.566406 0.341797 0.580078 0.355469 0.574219 0.361328 0.572266 0.361328 0.568359 0.365234 0.568359 0.373047 0.572266 0.376953 0.574219 0.376953 0.578125 0.380859 0.580078 0.380859 0.582031 0.382812 0.578125 0.386719 0.578125 0.396484 0.580078 0.398438 0.580078 0.400391 0.578125 0.402344 0.578125 0.414062 0.582031 0.417969 0.582031 0.441406 0.580078 0.443359 0.580078 0.451172 0.583984 0.455078 0.591797 0.455078 0.597656 0.449219 0.599609 0.451172 0.601562 0.451172 0.603516 0.453125 0.597656 0.458984 0.597656 0.466797 0.601562 0.470703 0.609375 0.470703 0.611328 0.468750 0.613281 0.468750 0.625000 0.457031 0.626953 0.457031 0.630859 0.460938 0.630859 0.476562 0.628906 0.478516 0.621094 0.478516 0.615234 0.484375 0.609375 0.484375 0.601562 0.492188 0.601562 0.505859 0.603516 0.507812 0.603516 0.509766 0.597656 0.515625 0.597656 0.523438 0.603516 0.529297 0.603516 0.531250 0.611328 0.539062 0.613281 0.539062 0.615234 0.541016 0.617188 0.541016 0.619141 0.542969 0.628906 0.542969 0.636719 0.535156 0.636719 0.531250 0.638672 0.529297 0.640625 0.529297 0.642578 0.527344 0.644531 0.527344 0.646484 0.525391 0.650391 0.525391 0.652344 0.523438 0.656250 0.523438 0.658203 0.521484 0.671875 0.521484 0.673828 0.519531 0.699219 0.519531 0.703125 0.523438 0.710938 0.523438 0.714844 0.519531 0.720703 0.519531 0.724609 0.523438 0.740234 0.523438 0.746094 0.529297 0.748047 0.529297 0.751953 0.533203 0.751953 0.537109 0.755859 0.541016 0.761719 0.541016 0.763672 0.542969 0.763672 0.550781 0.765625 0.552734 0.763672 0.554688 0.761719 0.554688 0.755859 0.560547 0.753906 0.560547 0.746094 0.568359 0.746094 0.570312 0.744141 0.572266 0.744141 0.589844 0.742188 0.591797 0.740234 0.591797 0.738281 0.593750 0.736328 0.593750 0.724609 0.605469 0.720703 0.605469 0.716797 0.601562 0.708984 0.601562 0.705078 0.605469 0.699219 0.605469 0.695312 0.609375 0.695312 0.611328 0.693359 0.613281 0.693359 0.615234 0.691406 0.617188 0.683594 0.617188 0.679688 0.621094 0.679688 0.628906 0.681641 0.630859 0.679688 0.632812 0.679688 0.634766 0.667969 0.646484 0.667969 0.648438 0.666016 0.650391 0.664062 0.650391 0.642578 0.671875 0.640625 0.671875 0.619141 0.693359 0.615234 0.693359 0.611328 0.697266 0.611328 0.707031 0.617188 0.712891 0.617188 0.714844 0.613281 0.718750 0.613281 0.720703 0.611328 0.722656 0.611328 0.724609 0.605469 0.730469 0.605469 0.732422 0.597656 0.740234 0.597656 0.744141 0.595703 0.746094 0.595703 0.761719 0.597656 0.763672 0.595703 0.765625 0.593750 0.765625 0.589844 0.769531 0.589844 0.787109 0.583984 0.792969 0.583984 0.802734 0.582031 0.804688 0.582031 0.806641 0.580078 0.808594 0.580078 0.810547 0.576172 0.814453 0.574219 0.814453 0.570312 0.818359 0.570312 0.826172 0.574219 0.830078 0.572266 0.832031 0.572266 0.833984 0.570312 0.835938 0.570312 0.841797 0.566406 0.845703 0.566406 0.849609 0.564453 0.851562 0.560547 0.851562 0.556641 0.855469 0.556641 0.863281 0.558594 0.865234 0.556641 0.867188 0.550781 0.867188 0.548828 0.869141 0.546875 0.867188 0.546875 0.861328 0.542969 0.857422 0.537109 0.857422 0.535156 0.855469 0.515625 0.855469 0.507812 0.863281 0.507812 0.867188 0.503906 0.871094 0.503906 0.880859 0.501953 0.882812 0.501953 0.884766 0.500000 0.886719 0.500000 0.888672 0.498047 0.890625 0.498047 0.892578 0.496094 0.894531 0.496094 0.898438 0.492188 0.902344 0.492188 0.912109 0.490234 0.914062 0.490234 0.916016 0.488281 0.917969 0.488281 0.923828 0.484375 0.927734 0.484375 0.933594 0.482422 0.935547 0.482422 0.937500 0.480469 0.939453 0.480469 0.941406 0.476562 0.945312 0.476562 0.947266 0.474609 0.949219 0.474609 0.953125 0.470703 0.957031 0.470703 0.960938 0.468750 0.962891 0.468750 0.980469 0.464844 0.984375 0.464844 0.988281 0.460938 0.992188 0.460938 0.998047 0.523438 0.998047 0.525391 0.996094 0.525391 0.994141 0.529297 0.990234 0.529297 0.988281 0.533203 0.984375 0.533203 0.980469 0.537109 0.976562 0.544922 0.976562 0.546875 0.978516 0.546875 0.984375 0.548828 0.986328 0.548828 0.988281 0.552734 0.992188 0.570312 0.992188 0.574219 0.988281 0.574219 0.984375 0.576172 0.982422 0.580078 0.982422 0.583984 0.978516 0.585938 0.980469 0.585938 0.990234 0.587891 0.992188 0.587891 0.998047 0.732422 0.998047 0.732422 0.996094 0.738281 0.990234 0.738281 0.988281 0.742188 0.984375 0.742188 0.978516 0.746094 0.974609 0.753906 0.982422 0.751953 0.984375 0.751953 0.986328 0.744141 0.994141 0.744141 0.998047 0.998047 0.998047 0.998047 0.833984 0.996094 0.833984 0.994141 0.832031 0.998047 0.828125 0.998047 0.601562 0.996094 0.599609 0.996094 0.597656 0.998047 0.595703 0.998047 0.000000
0 0.472656 0.000000 0.472656 0.007812 0.474609 0.009766 0.472656 0.011719 0.472656 0.015625 0.470703 0.017578 0.470703 0.025391 0.474609 0.029297 0.488281 0.029297 0.490234 0.031250 0.486328 0.035156 0.486328 0.037109 0.482422 0.041016 0.482422 0.046875 0.476562 0.052734 0.476562 0.060547 0.474609 0.062500 0.474609 0.078125 0.478516 0.082031 0.480469 0.082031 0.484375 0.085938 0.484375 0.089844 0.482422 0.091797 0.468750 0.091797 0.464844 0.095703 0.462891 0.095703 0.460938 0.097656 0.457031 0.097656 0.455078 0.099609 0.449219 0.099609 0.445312 0.103516 0.443359 0.103516 0.441406 0.105469 0.437500 0.105469 0.427734 0.115234 0.427734 0.138672 0.429688 0.140625 0.429688 0.144531 0.431641 0.146484 0.431641 0.148438 0.429688 0.150391 0.429688 0.164062 0.433594 0.167969 0.435547 0.167969 0.437500 0.169922 0.439453 0.169922 0.443359 0.173828 0.445312 0.173828 0.462891 0.191406 0.466797 0.191406 0.470703 0.195312 0.476562 0.195312 0.478516 0.197266 0.482422 0.197266 0.484375 0.199219 0.494141 0.199219 0.498047 0.195312 0.498047 0.187500 0.496094 0.185547 0.496094 0.152344 0.492188 0.148438 0.492188 0.136719 0.490234 0.134766 0.490234 0.125000 0.488281 0.123047 0.488281 0.111328 0.490234 0.109375 0.490234 0.103516 0.492188 0.101562 0.494141 0.103516 0.494141 0.105469 0.496094 0.107422 0.496094 0.111328 0.500000 0.115234 0.507812 0.115234 0.509766 0.117188 0.509766 0.121094 0.513672 0.125000 0.515625 0.125000 0.517578 0.126953 0.525391 0.126953 0.529297 0.123047 0.529297 0.113281 0.533203 0.109375 0.535156 0.109375 0.537109 0.107422 0.548828 0.107422 0.552734 0.103516 0.552734 0.087891 0.550781 0.085938 0.550781 0.082031 0.548828 0.080078 0.548828 0.074219 0.544922 0.070312 0.537109 0.070312 0.535156 0.068359 0.535156 0.066406 0.529297 0.060547 0.529297 0.056641 0.531250 0.054688 0.531250 0.052734 0.533203 0.050781 0.533203 0.048828 0.535156 0.046875 0.535156 0.033203 0.531250 0.029297 0.527344 0.029297 0.525391 0.027344 0.523438 0.027344 0.521484 0.025391 0.515625 0.025391 0.513672 0.023438 0.515625 0.021484 0.519531 0.021484 0.521484 0.019531 0.523438 0.019531 0.535156 0.007812 0.535156 0.000000
0 0.193359 0.000000 0.193359 0.011719 0.195312 0.013672 0.195312 0.015625 0.197266 0.017578 0.197266 0.019531 0.199219 0.021484 0.199219 0.025391 0.193359 0.031250 0.193359 0.054688 0.197266 0.058594 0.197266 0.062500 0.201172 0.066406 0.205078 0.066406 0.207031 0.068359 0.207031 0.076172 0.205078 0.078125 0.197266 0.078125 0.191406 0.083984 0.191406 0.089844 0.189453 0.091797 0.183594 0.091797 0.179688 0.095703 0.179688 0.109375 0.189453 0.119141 0.187500 0.121094 0.187500 0.123047 0.179688 0.130859 0.177734 0.130859 0.173828 0.134766 0.173828 0.150391 0.177734 0.154297 0.179688 0.154297 0.183594 0.158203 0.185547 0.158203 0.187500 0.160156 0.193359 0.160156 0.195312 0.162109 0.195312 0.164062 0.193359 0.166016 0.193359 0.183594 0.195312 0.185547 0.195312 0.191406 0.197266 0.193359 0.197266 0.195312 0.199219 0.197266 0.199219 0.232422 0.197266 0.234375 0.197266 0.251953 0.195312 0.253906 0.193359 0.253906 0.189453 0.257812 0.189453 0.265625 0.193359 0.269531 0.195312 0.269531 0.197266 0.271484 0.197266 0.275391 0.201172 0.279297 0.224609 0.279297 0.230469 0.273438 0.236328 0.279297 0.261719 0.279297 0.263672 0.277344 0.273438 0.277344 0.279297 0.283203 0.287109 0.283203 0.291016 0.279297 0.291016 0.275391 0.292969 0.273438 0.300781 0.273438 0.302734 0.271484 0.310547 0.271484 0.312500 0.269531 0.316406 0.269531 0.320312 0.265625 0.320312 0.257812 0.316406 0.253906 0.304688 0.253906 0.302734 0.255859 0.300781 0.255859 0.294922 0.250000 0.287109 0.250000 0.283203 0.253906 0.283203 0.255859 0.281250 0.257812 0.279297 0.257812 0.277344 0.259766 0.267578 0.259766 0.265625 0.261719 0.253906 0.261719 0.251953 0.263672 0.236328 0.263672 0.234375 0.261719 0.234375 0.257812 0.236328 0.255859 0.236328 0.232422 0.234375 0.230469 0.234375 0.226562 0.236328 0.224609 0.236328 0.193359 0.234375 0.191406 0.234375 0.181641 0.236328 0.179688 0.236328 0.167969 0.238281 0.166016 0.238281 0.164062 0.244141 0.158203 0.244141 0.150391 0.246094 0.148438 0.246094 0.138672 0.248047 0.136719 0.248047 0.126953 0.250000 0.125000 0.250000 0.119141 0.257812 0.111328 0.261719 0.111328 0.263672 0.109375 0.267578 0.109375 0.269531 0.107422 0.271484 0.107422 0.275391 0.103516 0.275391 0.101562 0.281250 0.095703 0.281250 0.093750 0.283203 0.091797 0.283203 0.089844 0.285156 0.087891 0.285156 0.054688 0.283203 0.052734 0.283203 0.039062 0.279297 0.035156 0.265625 0.035156 0.259766 0.029297 0.259766 0.025391 0.257812 0.023438 0.257812 0.003906 0.253906 0.000000