0 0.000000 0.687500 0.000000 0.710938 0.003906 0.714844 0.011719 0.714844 0.013672 0.716797 0.007812 0.722656 0.000000 0.722656 0.000000 0.742188 0.001953 0.744141 0.011719 0.744141 0.013672 0.746094 0.013672 0.755859 0.017578 0.759766 0.027344 0.759766 0.029297 0.757812 0.031250 0.757812 0.037109 0.751953 0.037109 0.748047 0.039062 0.746094 0.039062 0.744141 0.041016 0.742188 0.042969 0.742188 0.048828 0.736328 0.060547 0.736328 0.066406 0.730469 0.066406 0.722656 0.062500 0.718750 0.054688 0.718750 0.052734 0.716797 0.052734 0.714844 0.046875 0.708984 0.046875 0.705078 0.042969 0.701172 0.033203 0.701172 0.031250 0.699219 0.029297 0.699219 0.023438 0.693359 0.019531 0.693359 0.015625 0.689453 0.011719 0.689453 0.009766 0.687500
0 0.009766 0.603516 0.005859 0.607422 0.005859 0.623047 0.003906 0.625000 0.000000 0.625000 0.000000 0.671875 0.005859 0.671875 0.007812 0.669922 0.031250 0.669922 0.041016 0.660156 0.042969 0.660156 0.044922 0.658203 0.048828 0.658203 0.050781 0.656250 0.052734 0.656250 0.054688 0.654297 0.056641 0.654297 0.062500 0.648438 0.062500 0.644531 0.064453 0.642578 0.083984 0.642578 0.087891 0.638672 0.087891 0.636719 0.089844 0.634766 0.097656 0.634766 0.101562 0.630859 0.101562 0.617188 0.097656 0.613281 0.095703 0.613281 0.093750 0.611328 0.091797 0.611328 0.089844 0.609375 0.087891 0.609375 0.083984 0.605469 0.072266 0.605469 0.068359 0.609375 0.068359 0.611328 0.064453 0.615234 0.062500 0.615234 0.060547 0.617188 0.058594 0.617188 0.056641 0.619141 0.054688 0.619141 0.052734 0.621094 0.050781 0.621094 0.046875 0.625000 0.046875 0.626953 0.044922 0.628906 0.041016 0.628906 0.039062 0.630859 0.037109 0.628906 0.037109 0.625000 0.033203 0.621094 0.025391 0.621094 0.023438 0.619141 0.023438 0.609375 0.017578 0.603516
0 0.113281 0.582031 0.109375 0.585938 0.109375 0.593750 0.113281 0.597656 0.121094 0.597656 0.125000 0.593750 0.125000 0.585938 0.121094 0.582031
0 0.197266 0.570312 0.191406 0.576172 0.191406 0.578125 0.187500 0.582031 0.187500 0.583984 0.179688 0.591797 0.173828 0.591797 0.169922 0.595703 0.169922 0.597656 0.164062 0.603516 0.164062 0.607422 0.162109 0.609375 0.150391 0.609375 0.144531 0.615234 0.142578 0.615234 0.138672 0.619141 0.136719 0.619141 0.134766 0.621094 0.130859 0.621094 0.126953 0.625000 0.126953 0.632812 0.130859 0.636719 0.142578 0.636719 0.148438 0.642578 0.156250 0.642578 0.158203 0.644531 0.160156 0.644531 0.164062 0.648438 0.164062 0.654297 0.167969 0.658203 0.181641 0.658203 0.183594 0.656250 0.185547 0.656250 0.187500 0.658203 0.187500 0.662109 0.197266 0.671875 0.199219 0.671875 0.201172 0.673828 0.208984 0.673828 0.212891 0.669922 0.212891 0.662109 0.203125 0.652344 0.203125 0.648438 0.197266 0.642578 0.197266 0.636719 0.193359 0.632812 0.189453 0.632812 0.185547 0.628906 0.187500 0.626953 0.189453 0.626953 0.193359 0.623047 0.193359 0.613281 0.191406 0.611328 0.193359 0.609375 0.199219 0.609375 0.201172 0.607422 0.203125 0.607422 0.205078 0.609375 0.205078 0.621094 0.208984 0.625000 0.216797 0.625000 0.220703 0.621094 0.220703 0.619141 0.226562 0.613281 0.226562 0.609375 0.228516 0.607422 0.228516 0.589844 0.226562 0.587891 0.226562 0.585938 0.222656 0.582031 0.218750 0.582031 0.212891 0.576172 0.210938 0.576172 0.205078 0.570312
0 0.068359 0.566406 0.064453 0.570312 0.064453 0.580078 0.068359 0.583984 0.070312 0.583984 0.072266 0.585938 0.072266 0.593750 0.076172 0.597656 0.083984 0.597656 0.087891 0.593750 0.087891 0.570312 0.083984 0.566406
0 0.195312 0.531250 0.191406 0.535156 0.191406 0.542969 0.195312 0.546875 0.203125 0.546875 0.207031 0.542969 0.207031 0.535156 0.203125 0.531250
0 0.158203 0.527344 0.154297 0.531250 0.154297 0.541016 0.158203 0.544922 0.158203 0.552734 0.162109 0.556641 0.162109 0.558594 0.171875 0.568359 0.181641 0.568359 0.185547 0.564453 0.185547 0.544922 0.183594 0.542969 0.183594 0.539062 0.181641 0.537109 0.181641 0.535156 0.173828 0.527344
0 0.099609 0.505859 0.095703 0.509766 0.095703 0.515625 0.093750 0.517578 0.093750 0.523438 0.091797 0.525391 0.089844 0.525391 0.087891 0.523438 0.087891 0.519531 0.083984 0.515625 0.076172 0.515625 0.072266 0.519531 0.072266 0.537109 0.078125 0.542969 0.078125 0.544922 0.083984 0.550781 0.101562 0.550781 0.105469 0.546875 0.107422 0.546875 0.111328 0.542969 0.111328 0.541016 0.113281 0.539062 0.113281 0.511719 0.107422 0.505859
0 0.158203 0.398438 0.156250 0.400391 0.144531 0.400391 0.136719 0.408203 0.136719 0.412109 0.134766 0.414062 0.134766 0.416016 0.132812 0.417969 0.132812 0.419922 0.130859 0.421875 0.130859 0.423828 0.128906 0.425781 0.126953 0.425781 0.125000 0.427734 0.123047 0.427734 0.119141 0.431641 0.115234 0.431641 0.111328 0.435547 0.109375 0.435547 0.107422 0.437500 0.101562 0.437500 0.099609 0.439453 0.097656 0.439453 0.095703 0.441406 0.093750 0.441406 0.091797 0.443359 0.078125 0.443359 0.076172 0.445312 0.074219 0.445312 0.072266 0.447266 0.072266 0.449219 0.070312 0.451172 0.070312 0.470703 0.074219 0.474609 0.076172 0.474609 0.078125 0.476562 0.091797 0.476562 0.093750 0.478516 0.093750 0.492188 0.097656 0.496094 0.107422 0.496094 0.111328 0.492188 0.113281 0.494141 0.113281 0.498047 0.117188 0.501953 0.132812 0.501953 0.138672 0.496094 0.138672 0.472656 0.136719 0.470703 0.136719 0.468750 0.138672 0.466797 0.140625 0.466797 0.144531 0.462891 0.144531 0.460938 0.152344 0.453125 0.152344 0.451172 0.160156 0.443359 0.160156 0.439453 0.162109 0.437500 0.166016 0.437500 0.169922 0.433594 0.169922 0.423828 0.166016 0.419922 0.166016 0.414062 0.169922 0.410156 0.169922 0.402344 0.166016 0.398438
0 0.343750 0.375000 0.339844 0.378906 0.339844 0.386719 0.343750 0.390625 0.351562 0.390625 0.355469 0.386719 0.355469 0.378906 0.351562 0.375000
0 0.332031 0.349609 0.328125 0.353516 0.326172 0.353516 0.324219 0.355469 0.316406 0.355469 0.312500 0.359375 0.312500 0.367188 0.316406 0.371094 0.332031 0.371094 0.333984 0.369141 0.335938 0.369141 0.337891 0.367188 0.339844 0.367188 0.343750 0.363281 0.343750 0.353516 0.339844 0.349609
0 0.269531 0.289062 0.265625 0.292969 0.265625 0.302734 0.261719 0.306641 0.240234 0.306641 0.234375 0.312500 0.234375 0.322266 0.238281 0.326172 0.246094 0.326172 0.257812 0.337891 0.257812 0.339844 0.259766 0.341797 0.259766 0.343750 0.263672 0.347656 0.261719 0.349609 0.259766 0.349609 0.257812 0.351562 0.255859 0.351562 0.253906 0.349609 0.240234 0.349609 0.236328 0.353516 0.236328 0.365234 0.240234 0.369141 0.238281 0.371094 0.236328 0.371094 0.232422 0.375000 0.230469 0.375000 0.228516 0.376953 0.216797 0.376953 0.210938 0.382812 0.208984 0.380859 0.208984 0.375000 0.210938 0.373047 0.210938 0.355469 0.207031 0.351562 0.197266 0.351562 0.193359 0.355469 0.193359 0.361328 0.191406 0.363281 0.191406 0.367188 0.189453 0.369141 0.189453 0.380859 0.187500 0.382812 0.183594 0.382812 0.179688 0.386719 0.179688 0.394531 0.181641 0.396484 0.181641 0.400391 0.185547 0.404297 0.197266 0.404297 0.199219 0.402344 0.214844 0.402344 0.216797 0.400391 0.224609 0.408203 0.226562 0.408203 0.228516 0.410156 0.228516 0.412109 0.232422 0.416016 0.255859 0.416016 0.257812 0.414062 0.263672 0.414062 0.271484 0.406250 0.271484 0.382812 0.267578 0.378906 0.267578 0.371094 0.279297 0.359375 0.279297 0.357422 0.281250 0.355469 0.281250 0.351562 0.283203 0.349609 0.283203 0.347656 0.285156 0.345703 0.285156 0.343750 0.289062 0.339844 0.289062 0.320312 0.283203 0.314453 0.283203 0.292969 0.279297 0.289062
0 0.269531 0.226562 0.263672 0.232422 0.255859 0.232422 0.253906 0.234375 0.251953 0.234375 0.240234 0.246094 0.238281 0.246094 0.234375 0.250000 0.234375 0.251953 0.232422 0.253906 0.232422 0.261719 0.236328 0.265625 0.244141 0.265625 0.248047 0.261719 0.250000 0.261719 0.251953 0.259766 0.253906 0.259766 0.255859 0.257812 0.259766 0.257812 0.261719 0.255859 0.263672 0.255859 0.267578 0.251953 0.269531 0.251953 0.275391 0.246094 0.279297 0.246094 0.283203 0.242188 0.283203 0.230469 0.279297 0.226562
0 0.000000 0.000000 0.000000 0.597656 0.005859 0.597656 0.015625 0.587891 0.015625 0.578125 0.009766 0.572266 0.009766 0.564453 0.011719 0.562500 0.025391 0.562500 0.029297 0.558594 0.029297 0.546875 0.025391 0.542969 0.019531 0.542969 0.017578 0.541016 0.025391 0.533203 0.044922 0.533203 0.046875 0.535156 0.046875 0.541016 0.050781 0.544922 0.058594 0.544922 0.062500 0.541016 0.062500 0.533203 0.066406 0.529297 0.066406 0.507812 0.062500 0.503906 0.054688 0.503906 0.052734 0.505859 0.035156 0.505859 0.033203 0.507812 0.031250 0.507812 0.029297 0.509766 0.027344 0.509766 0.025391 0.511719 0.023438 0.511719 0.021484 0.513672 0.019531 0.513672 0.017578 0.511719 0.017578 0.509766 0.013672 0.505859 0.009766 0.505859 0.005859 0.501953 0.003906 0.501953 0.000000 0.498047 0.001953 0.496094 0.019531 0.496094 0.021484 0.494141 0.027344 0.494141 0.029297 0.492188 0.031250 0.492188 0.033203 0.490234 0.035156 0.490234 0.039062 0.486328 0.041016 0.486328 0.048828 0.478516 0.048828 0.476562 0.052734 0.472656 0.052734 0.470703 0.054688 0.468750 0.054688 0.466797 0.056641 0.464844 0.056641 0.458984 0.058594 0.457031 0.058594 0.445312 0.060547 0.443359 0.062500 0.443359 0.066406 0.439453 0.068359 0.439453 0.072266 0.435547 0.076172 0.435547 0.078125 0.433594 0.082031 0.433594 0.083984 0.431641 0.085938 0.431641 0.087891 0.429688 0.089844 0.429688 0.091797 0.427734 0.093750 0.427734 0.095703 0.425781 0.097656 0.425781 0.099609 0.423828 0.101562 0.423828 0.105469 0.419922 0.107422 0.419922 0.113281 0.414062 0.121094 0.414062 0.125000 0.410156 0.125000 0.402344 0.123047 0.400391 0.123047 0.398438 0.130859 0.390625 0.130859 0.388672 0.134766 0.384766 0.134766 0.382812 0.136719 0.380859 0.136719 0.378906 0.138672 0.376953 0.138672 0.371094 0.140625 0.369141 0.142578 0.371094 0.150391 0.371094 0.154297 0.367188 0.156250 0.367188 0.160156 0.363281 0.162109 0.363281 0.167969 0.357422 0.169922 0.357422 0.177734 0.349609 0.185547 0.349609 0.189453 0.345703 0.189453 0.337891 0.187500 0.335938 0.191406 0.332031 0.191406 0.324219 0.187500 0.320312 0.175781 0.320312 0.169922 0.326172 0.167969 0.324219 0.167969 0.320312 0.169922 0.318359 0.169922 0.304688 0.164062 0.298828 0.164062 0.296875 0.166016 0.294922 0.171875 0.294922 0.175781 0.298828 0.177734 0.298828 0.179688 0.300781 0.193359 0.300781 0.197266 0.296875 0.199219 0.298828 0.207031 0.298828 0.210938 0.294922 0.210938 0.292969 0.214844 0.289062 0.214844 0.281250 0.208984 0.275391 0.207031 0.275391 0.205078 0.273438 0.201172 0.273438 0.199219 0.271484 0.191406 0.271484 0.189453 0.273438 0.177734 0.273438 0.175781 0.271484 0.175781 0.269531 0.179688 0.265625 0.179688 0.263672 0.181641 0.261719 0.181641 0.259766 0.183594 0.257812 0.183594 0.251953 0.185547 0.250000 0.185547 0.248047 0.187500 0.246094 0.189453 0.248047 0.189453 0.253906 0.193359 0.257812 0.201172 0.257812 0.205078 0.253906 0.205078 0.246094 0.201172 0.242188 0.193359 0.242188 0.189453 0.246094 0.187500 0.244141 0.187500 0.242188 0.189453 0.240234 0.189453 0.238281 0.191406 0.236328 0.191406 0.234375 0.193359 0.232422 0.193359 0.228516 0.197266 0.224609 0.197266 0.222656 0.199219 0.220703 0.199219 0.218750 0.201172 0.216797 0.201172 0.210938 0.203125 0.208984 0.203125 0.207031 0.205078 0.205078 0.205078 0.203125 0.207031 0.201172 0.207031 0.199219 0.208984 0.197266 0.208984 0.193359 0.210938 0.191406 0.210938 0.189453 0.212891 0.187500 0.212891 0.181641 0.214844 0.179688 0.216797 0.179688 0.222656 0.185547 0.224609 0.185547 0.226562 0.187500 0.228516 0.187500 0.230469 0.189453 0.232422 0.189453 0.236328 0.193359 0.236328 0.195312 0.238281 0.197266 0.240234 0.197266 0.242188 0.199219 0.244141 0.199219 0.246094 0.201172 0.259766 0.201172 0.261719 0.199219 0.263672 0.199219 0.265625 0.197266 0.267578 0.197266 0.269531 0.195312 0.271484 0.197266 0.289062 0.197266 0.291016 0.199219 0.291016 0.201172 0.292969 0.203125 0.294922 0.203125 0.296875 0.205078 0.298828 0.205078 0.300781 0.207031 0.314453 0.207031 0.316406 0.205078 0.318359 0.205078 0.320312 0.203125 0.322266 0.203125 0.330078 0.195312 0.330078 0.193359 0.333984 0.189453 0.339844 0.189453 0.341797 0.191406 0.339844 0.193359 0.339844 0.195312 0.337891 0.197266 0.337891 0.199219 0.335938 0.201172 0.335938 0.212891 0.337891 0.214844 0.337891 0.216797 0.339844 0.218750 0.339844 0.220703 0.341797 0.222656 0.343750 0.222656 0.345703 0.224609 0.347656 0.224609 0.349609 0.226562 0.367188 0.226562 0.369141 0.224609 0.371094 0.224609 0.373047 0.222656 0.375000 0.222656 0.376953 0.220703 0.378906 0.220703 0.380859 0.222656 0.384766 0.222656 0.388672 0.226562 0.390625 0.226562 0.392578 0.228516 0.394531 0.228516 0.396484 0.230469 0.408203 0.230469 0.410156 0.228516 0.412109 0.228516 0.414062 0.226562 0.416016 0.226562 0.417969 0.224609 0.419922 0.226562 0.419922 0.244141 0.417969 0.246094 0.404297 0.246094 0.400391 0.250000 0.396484 0.250000 0.392578 0.253906 0.392578 0.261719 0.394531 0.263672 0.388672 0.269531 0.386719 0.267578 0.386719 0.263672 0.382812 0.259766 0.375000 0.259766 0.373047 0.261719 0.361328 0.261719 0.357422 0.265625 0.357422 0.267578 0.355469 0.269531 0.353516 0.269531 0.347656 0.275391 0.347656 0.283203 0.345703 0.285156 0.341797 0.285156 0.339844 0.283203 0.339844 0.275391 0.343750 0.271484 0.345703 0.271484 0.349609 0.267578 0.349609 0.250000 0.347656 0.248047 0.347656 0.232422 0.343750 0.228516 0.335938 0.228516 0.332031 0.232422 0.330078 0.232422 0.326172 0.236328 0.326172 0.240234 0.324219 0.242188 0.324219 0.244141 0.322266 0.246094 0.322266 0.248047 0.320312 0.250000 0.300781 0.250000 0.298828 0.251953 0.291016 0.251953 0.287109 0.255859 0.287109 0.263672 0.291016 0.267578 0.292969 0.267578 0.294922 0.269531 0.300781 0.269531 0.302734 0.271484 0.302734 0.273438 0.306641 0.277344 0.308594 0.277344 0.316406 0.285156 0.316406 0.287109 0.322266 0.292969 0.322266 0.304688 0.314453 0.312500 0.314453 0.320312 0.312500 0.322266 0.312500 0.326172 0.310547 0.328125 0.306641 0.328125 0.302734 0.332031 0.302734 0.339844 0.306641 0.343750 0.320312 0.343750 0.322266 0.341797 0.332031 0.341797 0.335938 0.337891 0.351562 0.337891 0.355469 0.341797 0.357422 0.341797 0.359375 0.343750 0.361328 0.343750 0.363281 0.345703 0.378906 0.345703 0.382812 0.341797 0.382812 0.332031 0.376953 0.326172 0.365234 0.326172 0.361328 0.322266 0.357422 0.322266 0.355469 0.320312 0.355469 0.318359 0.351562 0.314453 0.343750 0.314453 0.339844 0.318359 0.339844 0.320312 0.337891 0.322266 0.333984 0.322266 0.332031 0.320312 0.332031 0.310547 0.333984 0.308594 0.361328 0.308594 0.365234 0.304688 0.365234 0.300781 0.371094 0.294922 0.371094 0.292969 0.373047 0.291016 0.375000 0.291016 0.376953 0.289062 0.382812 0.294922 0.384766 0.294922 0.386719 0.296875 0.390625 0.296875 0.392578 0.298828 0.392578 0.306641 0.396484 0.310547 0.406250 0.310547 0.410156 0.314453 0.427734 0.314453 0.429688 0.316406 0.429688 0.318359 0.427734 0.320312 0.425781 0.318359 0.417969 0.318359 0.414062 0.322266 0.414062 0.324219 0.410156 0.328125 0.410156 0.332031 0.408203 0.333984 0.408203 0.341797 0.406250 0.343750 0.404297 0.343750 0.400391 0.347656 0.400391 0.353516 0.396484 0.357422 0.396484 0.365234 0.400391 0.369141 0.404297 0.369141 0.406250 0.371094 0.404297 0.373047 0.402344 0.373047 0.394531 0.380859 0.392578 0.380859 0.390625 0.382812 0.386719 0.378906 0.375000 0.378906 0.371094 0.382812 0.371094 0.390625 0.373047 0.392578 0.371094 0.394531 0.369141 0.394531 0.367188 0.396484 0.365234 0.396484 0.361328 0.400391 0.359375 0.400391 0.355469 0.404297 0.353516 0.404297 0.349609 0.408203 0.347656 0.408203 0.345703 0.406250 0.326172 0.406250 0.324219 0.404297 0.326172 0.402344 0.330078 0.402344 0.335938 0.396484 0.335938 0.388672 0.332031 0.384766 0.328125 0.384766 0.324219 0.380859 0.316406 0.380859 0.308594 0.388672 0.302734 0.388672 0.300781 0.390625 0.298828 0.390625 0.294922 0.394531 0.294922 0.404297 0.298828 0.408203 0.306641 0.408203 0.308594 0.406250 0.310547 0.406250 0.312500 0.404297 0.320312 0.404297 0.322266 0.406250 0.318359 0.410156 0.314453 0.410156 0.312500 0.412109 0.310547 0.412109 0.308594 0.414062 0.306641 0.414062 0.302734 0.417969 0.302734 0.419922 0.300781 0.421875 0.300781 0.425781 0.298828 0.427734 0.298828 0.429688 0.292969 0.435547 0.292969 0.445312 0.296875 0.449219 0.302734 0.449219 0.304688 0.451172 0.304688 0.453125 0.302734 0.455078 0.302734 0.457031 0.298828 0.460938 0.298828 0.462891 0.294922 0.466797 0.294922 0.468750 0.292969 0.470703 0.292969 0.472656 0.291016 0.474609 0.291016 0.476562 0.289062 0.478516 0.289062 0.480469 0.283203 0.486328 0.283203 0.488281 0.281250 0.490234 0.279297 0.488281 0.269531 0.488281 0.265625 0.492188 0.265625 0.500000 0.271484 0.505859 0.265625 0.511719 0.265625 0.513672 0.261719 0.517578 0.261719 0.519531 0.259766 0.521484 0.253906 0.521484 0.251953 0.519531 0.232422 0.519531 0.228516 0.523438 0.228516 0.541016 0.232422 0.544922 0.234375 0.544922 0.238281 0.548828 0.248047 0.548828 0.250000 0.550781 0.248047 0.552734 0.248047 0.556641 0.246094 0.558594 0.246094 0.560547 0.244141 0.562500 0.244141 0.564453 0.242188 0.566406 0.242188 0.568359 0.240234 0.570312 0.240234 0.574219 0.238281 0.576172 0.238281 0.578125 0.236328 0.580078 0.236328 0.585938 0.234375 0.587891 0.234375 0.593750 0.232422 0.595703 0.232422 0.625000 0.230469 0.626953 0.230469 0.628906 0.228516 0.630859 0.228516 0.636719 0.226562 0.638672 0.226562 0.642578 0.224609 0.644531 0.224609 0.650391 0.222656 0.652344 0.222656 0.695312 0.220703 0.697266 0.220703 0.699219 0.218750 0.701172 0.218750 0.705078 0.216797 0.707031 0.216797 0.710938 0.214844 0.712891 0.214844 0.714844 0.212891 0.716797 0.212891 0.718750 0.210938 0.720703 0.210938 0.722656 0.208984 0.724609 0.208984 0.730469 0.207031 0.732422 0.207031 0.742188 0.203125 0.746094 0.191406 0.746094 0.185547 0.751953 0.183594 0.751953 0.179688 0.755859 0.179688 0.757812 0.177734 0.759766 0.177734 0.769531 0.181641 0.773438 0.181641 0.775391 0.179688 0.777344 0.179688 0.779297 0.175781 0.783203 0.169922 0.777344 0.162109 0.777344 0.160156 0.779297 0.150391 0.779297 0.146484 0.783203 0.146484 0.785156 0.144531 0.787109 0.142578 0.787109 0.134766 0.779297 0.125000 0.779297 0.123047 0.777344 0.128906 0.771484 0.128906 0.767578 0.132812 0.763672 0.132812 0.753906 0.125000 0.746094 0.125000 0.724609 0.128906 0.720703 0.132812 0.724609 0.132812 0.734375 0.136719 0.738281 0.154297 0.738281 0.158203 0.734375 0.162109 0.734375 0.167969 0.728516 0.171875 0.732422 0.179688 0.732422 0.183594 0.728516 0.183594 0.726562 0.185547 0.724609 0.189453 0.724609 0.191406 0.722656 0.193359 0.722656 0.195312 0.720703 0.197266 0.720703 0.203125 0.714844 0.205078 0.714844 0.212891 0.707031 0.212891 0.697266 0.216797 0.693359 0.216797 0.685547 0.212891 0.681641 0.205078 0.681641 0.201172 0.685547 0.193359 0.685547 0.191406 0.683594 0.189453 0.683594 0.187500 0.681641 0.173828 0.681641 0.169922 0.685547 0.169922 0.687500 0.166016 0.691406 0.164062 0.689453 0.156250 0.689453 0.150391 0.695312 0.148438 0.695312 0.144531 0.699219 0.144531 0.703125 0.142578 0.705078 0.138672 0.701172 0.134766 0.701172 0.132812 0.699219 0.138672 0.693359 0.142578 0.693359 0.144531 0.691406 0.146484 0.691406 0.150391 0.687500 0.150391 0.681641 0.160156 0.671875 0.160156 0.664062 0.156250 0.660156 0.148438 0.660156 0.146484 0.662109 0.144531 0.662109 0.142578 0.664062 0.140625 0.664062 0.138672 0.662109 0.126953 0.662109 0.121094 0.667969 0.121094 0.675781 0.119141 0.677734 0.119141 0.679688 0.117188 0.681641 0.115234 0.679688 0.115234 0.677734 0.111328 0.673828 0.099609 0.673828 0.097656 0.675781 0.095703 0.675781 0.089844 0.681641 0.089844 0.701172 0.093750 0.705078 0.091797 0.707031 0.074219 0.707031 0.070312 0.710938 0.070312 0.726562 0.076172 0.732422 0.080078 0.732422 0.082031 0.734375 0.082031 0.736328 0.085938 0.740234 0.087891 0.740234 0.089844 0.742188 0.089844 0.744141 0.093750 0.748047 0.101562 0.748047 0.103516 0.750000 0.103516 0.753906 0.101562 0.755859 0.087891 0.755859 0.082031 0.761719 0.082031 0.763672 0.080078 0.765625 0.080078 0.767578 0.078125 0.769531 0.078125 0.771484 0.076172 0.773438 0.076172 0.775391 0.072266 0.779297 0.072266 0.789062 0.080078 0.796875 0.080078 0.800781 0.083984 0.804688 0.101562 0.804688 0.103516 0.802734 0.105469 0.802734 0.109375 0.798828 0.115234 0.798828 0.119141 0.802734 0.130859 0.802734 0.134766 0.798828 0.138672 0.798828 0.140625 0.796875 0.142578 0.798828 0.142578 0.804688 0.146484 0.808594 0.162109 0.808594 0.164062 0.806641 0.167969 0.810547 0.167969 0.812500 0.175781 0.820312 0.177734 0.820312 0.187500 0.830078 0.197266 0.830078 0.201172 0.826172 0.203125 0.828125 0.203125 0.830078 0.207031 0.833984 0.207031 0.835938 0.214844 0.843750 0.212891 0.845703 0.175781 0.845703 0.173828 0.843750 0.160156 0.843750 0.158203 0.841797 0.140625 0.841797 0.138672 0.839844 0.103516 0.839844 0.101562 0.837891 0.000000 0.837891 0.000000 0.998047 0.654297 0.998047 0.646484 0.990234 0.644531 0.990234 0.640625 0.986328 0.638672 0.986328 0.636719 0.984375 0.634766 0.984375 0.632812 0.982422 0.626953 0.982422 0.625000 0.980469 0.619141 0.980469 0.617188 0.978516 0.603516 0.978516 0.599609 0.974609 0.603516 0.970703 0.603516 0.962891 0.599609 0.958984 0.589844 0.958984 0.587891 0.960938 0.582031 0.960938 0.580078 0.962891 0.578125 0.962891 0.576172 0.964844 0.568359 0.964844 0.566406 0.962891 0.560547 0.962891 0.558594 0.960938 0.556641 0.960938 0.554688 0.958984 0.548828 0.958984 0.546875 0.957031 0.537109 0.957031 0.535156 0.955078 0.531250 0.955078 0.529297 0.953125 0.525391 0.953125 0.523438 0.951172 0.521484 0.951172 0.519531 0.949219 0.513672 0.949219 0.511719 0.947266 0.503906 0.947266 0.501953 0.945312 0.500000 0.945312 0.498047 0.943359 0.494141 0.943359 0.492188 0.941406 0.486328 0.941406 0.484375 0.939453 0.478516 0.939453 0.476562 0.937500 0.470703 0.937500 0.468750 0.935547 0.462891 0.935547 0.460938 0.933594 0.458984 0.933594 0.457031 0.931641 0.457031 0.927734 0.458984 0.925781 0.468750 0.925781 0.470703 0.923828 0.472656 0.923828 0.474609 0.921875 0.480469 0.921875 0.482422 0.919922 0.505859 0.919922 0.507812 0.917969 0.509766 0.919922 0.509766 0.923828 0.515625 0.929688 0.519531 0.929688 0.521484 0.931641 0.533203 0.931641 0.537109 0.927734 0.537109 0.919922 0.533203 0.916016 0.542969 0.906250 0.542969 0.900391 0.544922 0.898438 0.544922 0.892578 0.552734 0.884766 0.552734 0.865234 0.546875 0.859375 0.537109 0.859375 0.535156 0.861328 0.533203 0.861328 0.527344 0.867188 0.527344 0.876953 0.525391 0.878906 0.515625 0.878906 0.511719 0.882812 0.507812 0.882812 0.505859 0.880859 0.507812 0.878906 0.507812 0.876953 0.511719 0.873047 0.511719 0.871094 0.513672 0.869141 0.513672 0.867188 0.515625 0.865234 0.515625 0.863281 0.519531 0.859375 0.519531 0.857422 0.523438 0.853516 0.525391 0.853516 0.529297 0.849609 0.529297 0.847656 0.531250 0.845703 0.531250 0.843750 0.539062 0.835938 0.541016 0.835938 0.542969 0.833984 0.544922 0.833984 0.546875 0.832031 0.548828 0.832031 0.552734 0.828125 0.554688 0.828125 0.556641 0.826172 0.558594 0.826172 0.562500 0.822266 0.564453 0.822266 0.566406 0.820312 0.568359 0.822266 0.568359 0.824219 0.574219 0.830078 0.570312 0.833984 0.568359 0.833984 0.560547 0.841797 0.560547 0.859375 0.564453 0.863281 0.564453 0.865234 0.566406 0.867188 0.566406 0.873047 0.568359 0.875000 0.568359 0.876953 0.570312 0.878906 0.570312 0.882812 0.574219 0.886719 0.580078 0.886719 0.582031 0.888672 0.589844 0.888672 0.593750 0.884766 0.603516 0.884766 0.605469 0.886719 0.605469 0.894531 0.611328 0.900391 0.607422 0.904297 0.597656 0.904297 0.585938 0.916016 0.582031 0.912109 0.582031 0.910156 0.580078 0.908203 0.580078 0.906250 0.576172 0.902344 0.568359 0.902344 0.564453 0.906250 0.560547 0.906250 0.558594 0.908203 0.556641 0.908203 0.552734 0.912109 0.550781 0.912109 0.546875 0.916016 0.546875 0.923828 0.548828 0.925781 0.548828 0.931641 0.552734 0.935547 0.568359 0.935547 0.574219 0.929688 0.576172 0.931641 0.580078 0.931641 0.582031 0.933594 0.585938 0.933594 0.591797 0.939453 0.595703 0.939453 0.601562 0.945312 0.615234 0.945312 0.617188 0.947266 0.613281 0.951172 0.613281 0.958984 0.615234 0.960938 0.615234 0.962891 0.621094 0.968750 0.623047 0.968750 0.626953 0.972656 0.630859 0.972656 0.632812 0.974609 0.648438 0.974609 0.650391 0.972656 0.654297 0.976562 0.664062 0.976562 0.666016 0.978516 0.666016 0.980469 0.664062 0.982422 0.664062 0.998047 0.998047 0.998047 0.998047 0.876953 0.996094 0.876953 0.994141 0.875000 0.996094 0.873047 0.998047 0.873047 0.998047 0.833984 0.992188 0.833984 0.990234 0.835938 0.988281 0.835938 0.984375 0.832031 0.992188 0.824219 0.992188 0.822266 0.996094 0.818359 0.996094 0.816406 0.998047 0.814453 0.998047 0.673828 0.990234 0.673828 0.988281 0.675781 0.986328 0.673828 0.986328 0.671875 0.982422 0.667969 0.978516 0.667969 0.972656 0.662109 0.974609 0.660156 0.976562 0.660156 0.982422 0.654297 0.982422 0.650391 0.986328 0.646484 0.986328 0.638672 0.982422 0.634766 0.970703 0.634766 0.966797 0.638672 0.966797 0.644531 0.964844 0.646484 0.964844 0.656250 0.962891 0.658203 0.953125 0.658203 0.951172 0.656250 0.953125 0.654297 0.953125 0.652344 0.955078 0.650391 0.955078 0.648438 0.957031 0.646484 0.957031 0.640625 0.958984 0.638672 0.958984 0.636719 0.960938 0.634766 0.960938 0.628906 0.962891 0.626953 0.962891 0.621094 0.964844 0.619141 0.964844 0.617188 0.966797 0.615234 0.966797 0.611328 0.968750 0.609375 0.968750 0.603516 0.970703 0.601562 0.970703 0.597656 0.972656 0.595703 0.972656 0.593750 0.974609 0.591797 0.974609 0.585938 0.976562 0.583984 0.976562 0.580078 0.978516 0.578125 0.978516 0.576172 0.980469 0.574219 0.980469 0.572266 0.982422 0.570312 0.982422 0.568359 0.984375 0.566406 0.984375 0.560547 0.986328 0.558594 0.986328 0.556641 0.988281 0.554688 0.990234 0.554688 0.992188 0.552734 0.994141 0.552734 0.998047 0.548828 0.998047 0.000000