0 0.275391 0.982422 0.271484 0.986328 0.271484 0.994141 0.275391 0.998047 0.300781 0.998047 0.300781 0.994141 0.296875 0.990234 0.296875 0.988281 0.291016 0.982422
0 0.687500 0.960938 0.683594 0.964844 0.683594 0.974609 0.685547 0.976562 0.685547 0.980469 0.687500 0.982422 0.687500 0.986328 0.691406 0.990234 0.693359 0.990234 0.695312 0.992188 0.703125 0.992188 0.707031 0.988281 0.707031 0.980469 0.703125 0.976562 0.703125 0.972656 0.701172 0.970703 0.701172 0.966797 0.695312 0.960938
0 0.304688 0.951172 0.302734 0.953125 0.291016 0.953125 0.289062 0.955078 0.287109 0.955078 0.283203 0.958984 0.283203 0.968750 0.287109 0.972656 0.294922 0.972656 0.296875 0.970703 0.298828 0.970703 0.304688 0.976562 0.304688 0.978516 0.306641 0.980469 0.306641 0.986328 0.310547 0.990234 0.318359 0.990234 0.322266 0.986328 0.322266 0.970703 0.318359 0.966797 0.318359 0.964844 0.316406 0.962891 0.316406 0.955078 0.312500 0.951172
0 0.828125 0.947266 0.822266 0.953125 0.820312 0.953125 0.816406 0.957031 0.812500 0.957031 0.808594 0.960938 0.808594 0.962891 0.802734 0.968750 0.796875 0.968750 0.791016 0.974609 0.789062 0.974609 0.785156 0.978516 0.777344 0.978516 0.773438 0.982422 0.773438 0.992188 0.777344 0.996094 0.785156 0.996094 0.787109 0.994141 0.789062 0.996094 0.798828 0.996094 0.800781 0.994141 0.812500 0.994141 0.814453 0.992188 0.820312 0.992188 0.824219 0.988281 0.824219 0.980469 0.822266 0.978516 0.828125 0.972656 0.832031 0.972656 0.833984 0.970703 0.835938 0.970703 0.837891 0.972656 0.847656 0.972656 0.851562 0.968750 0.851562 0.960938 0.847656 0.957031 0.841797 0.957031 0.839844 0.955078 0.839844 0.951172 0.835938 0.947266
0 0.519531 0.945312 0.515625 0.949219 0.515625 0.957031 0.519531 0.960938 0.527344 0.960938 0.531250 0.957031 0.531250 0.949219 0.527344 0.945312
0 0.927734 0.923828 0.925781 0.925781 0.923828 0.925781 0.919922 0.929688 0.919922 0.943359 0.923828 0.947266 0.931641 0.947266 0.935547 0.943359 0.937500 0.943359 0.941406 0.939453 0.941406 0.931641 0.939453 0.929688 0.939453 0.927734 0.935547 0.923828
0 0.546875 0.919922 0.541016 0.925781 0.541016 0.937500 0.544922 0.941406 0.552734 0.941406 0.556641 0.937500 0.556641 0.935547 0.560547 0.931641 0.560547 0.923828 0.556641 0.919922
0 0.541016 0.894531 0.537109 0.898438 0.537109 0.908203 0.541016 0.912109 0.542969 0.912109 0.544922 0.914062 0.554688 0.914062 0.558594 0.910156 0.558594 0.902344 0.554688 0.898438 0.552734 0.898438 0.548828 0.894531
0 0.822266 0.882812 0.820312 0.884766 0.816406 0.884766 0.810547 0.890625 0.810547 0.898438 0.814453 0.902344 0.822266 0.902344 0.824219 0.900391 0.828125 0.900391 0.830078 0.898438 0.835938 0.898438 0.839844 0.894531 0.839844 0.886719 0.835938 0.882812
0 0.703125 0.853516 0.697266 0.859375 0.695312 0.859375 0.693359 0.861328 0.691406 0.861328 0.687500 0.865234 0.685547 0.865234 0.681641 0.869141 0.679688 0.869141 0.675781 0.873047 0.673828 0.873047 0.667969 0.878906 0.667969 0.880859 0.666016 0.882812 0.666016 0.886719 0.664062 0.888672 0.660156 0.888672 0.658203 0.890625 0.656250 0.888672 0.648438 0.888672 0.644531 0.892578 0.644531 0.896484 0.638672 0.902344 0.636719 0.902344 0.632812 0.906250 0.632812 0.908203 0.630859 0.910156 0.628906 0.908203 0.621094 0.908203 0.617188 0.912109 0.617188 0.919922 0.619141 0.921875 0.619141 0.923828 0.613281 0.929688 0.605469 0.929688 0.601562 0.933594 0.593750 0.933594 0.589844 0.937500 0.582031 0.937500 0.578125 0.933594 0.570312 0.933594 0.566406 0.937500 0.566406 0.945312 0.568359 0.947266 0.564453 0.951172 0.562500 0.951172 0.560547 0.953125 0.558594 0.953125 0.548828 0.962891 0.548828 0.970703 0.552734 0.974609 0.566406 0.974609 0.570312 0.970703 0.572266 0.970703 0.574219 0.968750 0.576172 0.968750 0.582031 0.974609 0.589844 0.974609 0.593750 0.970703 0.593750 0.968750 0.595703 0.966797 0.601562 0.972656 0.609375 0.972656 0.613281 0.968750 0.613281 0.960938 0.611328 0.958984 0.611328 0.957031 0.613281 0.955078 0.615234 0.955078 0.619141 0.951172 0.619141 0.949219 0.625000 0.943359 0.625000 0.941406 0.626953 0.939453 0.628906 0.939453 0.634766 0.933594 0.636719 0.933594 0.644531 0.925781 0.646484 0.927734 0.646484 0.929688 0.648438 0.931641 0.648438 0.935547 0.652344 0.939453 0.652344 0.941406 0.667969 0.957031 0.675781 0.957031 0.679688 0.953125 0.679688 0.945312 0.677734 0.943359 0.677734 0.941406 0.666016 0.929688 0.666016 0.927734 0.664062 0.925781 0.664062 0.921875 0.660156 0.917969 0.660156 0.916016 0.662109 0.914062 0.664062 0.914062 0.673828 0.904297 0.673828 0.902344 0.675781 0.900391 0.677734 0.900391 0.683594 0.906250 0.691406 0.906250 0.695312 0.902344 0.695312 0.896484 0.697266 0.894531 0.703125 0.894531 0.707031 0.890625 0.707031 0.882812 0.708984 0.880859 0.720703 0.880859 0.724609 0.884766 0.742188 0.884766 0.744141 0.882812 0.748047 0.882812 0.751953 0.878906 0.751953 0.869141 0.748047 0.865234 0.740234 0.865234 0.738281 0.863281 0.728516 0.863281 0.726562 0.865234 0.716797 0.865234 0.714844 0.863281 0.714844 0.857422 0.710938 0.853516
0 0.783203 0.830078 0.779297 0.833984 0.779297 0.843750 0.775391 0.847656 0.775391 0.861328 0.779297 0.865234 0.787109 0.865234 0.789062 0.867188 0.783203 0.873047 0.783203 0.880859 0.787109 0.884766 0.798828 0.884766 0.800781 0.882812 0.802734 0.882812 0.806641 0.878906 0.806641 0.876953 0.810547 0.873047 0.810547 0.869141 0.812500 0.867188 0.814453 0.867188 0.818359 0.863281 0.818359 0.853516 0.806641 0.841797 0.806641 0.839844 0.802734 0.835938 0.796875 0.835938 0.791016 0.830078
0 0.474609 0.830078 0.470703 0.833984 0.470703 0.855469 0.474609 0.859375 0.482422 0.859375 0.486328 0.855469 0.486328 0.833984 0.482422 0.830078
0 0.712891 0.814453 0.708984 0.818359 0.708984 0.826172 0.712891 0.830078 0.720703 0.830078 0.724609 0.826172 0.724609 0.818359 0.720703 0.814453
0 0.660156 0.802734 0.654297 0.808594 0.654297 0.816406 0.658203 0.820312 0.669922 0.820312 0.673828 0.816406 0.673828 0.808594 0.667969 0.802734
0 0.488281 0.798828 0.486328 0.800781 0.484375 0.800781 0.480469 0.804688 0.480469 0.814453 0.484375 0.818359 0.488281 0.818359 0.496094 0.826172 0.496094 0.832031 0.492188 0.835938 0.492188 0.843750 0.494141 0.845703 0.490234 0.849609 0.490234 0.869141 0.498047 0.876953 0.500000 0.876953 0.501953 0.878906 0.503906 0.878906 0.505859 0.880859 0.505859 0.892578 0.498047 0.900391 0.498047 0.916016 0.501953 0.919922 0.505859 0.919922 0.515625 0.929688 0.515625 0.937500 0.519531 0.941406 0.527344 0.941406 0.531250 0.937500 0.531250 0.929688 0.525391 0.923828 0.525391 0.914062 0.523438 0.912109 0.523438 0.906250 0.525391 0.904297 0.525391 0.888672 0.527344 0.886719 0.531250 0.886719 0.533203 0.888672 0.541016 0.888672 0.544922 0.884766 0.544922 0.875000 0.539062 0.869141 0.537109 0.869141 0.527344 0.859375 0.527344 0.851562 0.519531 0.843750 0.517578 0.843750 0.515625 0.841797 0.517578 0.839844 0.517578 0.828125 0.513672 0.824219 0.513672 0.820312 0.517578 0.816406 0.517578 0.806641 0.509766 0.798828
0 0.933594 0.792969 0.929688 0.796875 0.929688 0.804688 0.925781 0.808594 0.921875 0.808594 0.919922 0.810547 0.916016 0.810547 0.914062 0.812500 0.904297 0.812500 0.902344 0.810547 0.902344 0.808594 0.898438 0.804688 0.890625 0.804688 0.886719 0.808594 0.886719 0.816406 0.890625 0.820312 0.894531 0.820312 0.896484 0.822266 0.896484 0.824219 0.900391 0.828125 0.925781 0.828125 0.927734 0.830078 0.923828 0.833984 0.923828 0.847656 0.933594 0.857422 0.935547 0.857422 0.939453 0.861328 0.951172 0.861328 0.953125 0.863281 0.951172 0.865234 0.947266 0.865234 0.941406 0.871094 0.939453 0.871094 0.937500 0.873047 0.933594 0.873047 0.929688 0.876953 0.927734 0.876953 0.925781 0.878906 0.923828 0.878906 0.921875 0.880859 0.919922 0.880859 0.914062 0.886719 0.914062 0.888672 0.910156 0.892578 0.910156 0.898438 0.908203 0.900391 0.908203 0.902344 0.906250 0.904297 0.906250 0.906250 0.904297 0.908203 0.900391 0.904297 0.892578 0.904297 0.886719 0.910156 0.882812 0.910156 0.880859 0.912109 0.878906 0.912109 0.875000 0.916016 0.871094 0.916016 0.867188 0.919922 0.865234 0.919922 0.859375 0.925781 0.859375 0.927734 0.857422 0.929688 0.857422 0.937500 0.861328 0.941406 0.869141 0.941406 0.871094 0.943359 0.873047 0.943359 0.875000 0.945312 0.876953 0.945312 0.878906 0.947266 0.876953 0.949219 0.876953 0.966797 0.867188 0.976562 0.867188 0.986328 0.869141 0.988281 0.869141 0.990234 0.871094 0.992188 0.871094 0.996094 0.873047 0.998047 0.888672 0.998047 0.890625 0.996094 0.900391 0.996094 0.904297 0.992188 0.904297 0.980469 0.900391 0.976562 0.898438 0.976562 0.892578 0.970703 0.892578 0.949219 0.886719 0.943359 0.888672 0.941406 0.888672 0.933594 0.890625 0.931641 0.892578 0.933594 0.902344 0.933594 0.904297 0.931641 0.906250 0.931641 0.912109 0.925781 0.916016 0.925781 0.919922 0.921875 0.919922 0.917969 0.921875 0.916016 0.921875 0.914062 0.923828 0.912109 0.923828 0.910156 0.925781 0.908203 0.925781 0.902344 0.927734 0.900391 0.927734 0.898438 0.929688 0.896484 0.931641 0.896484 0.935547 0.892578 0.937500 0.892578 0.939453 0.890625 0.941406 0.890625 0.943359 0.888672 0.945312 0.890625 0.945312 0.892578 0.941406 0.896484 0.941406 0.904297 0.945312 0.908203 0.957031 0.908203 0.960938 0.904297 0.960938 0.902344 0.962891 0.900391 0.976562 0.900391 0.980469 0.896484 0.980469 0.886719 0.976562 0.882812 0.968750 0.882812 0.966797 0.884766 0.962891 0.884766 0.960938 0.882812 0.960938 0.880859 0.964844 0.876953 0.966797 0.876953 0.980469 0.863281 0.982422 0.865234 0.982422 0.880859 0.986328 0.884766 0.986328 0.886719 0.990234 0.890625 0.998047 0.890625 0.998047 0.861328 0.986328 0.861328 0.984375 0.863281 0.982422 0.861328 0.982422 0.851562 0.978516 0.847656 0.974609 0.847656 0.972656 0.845703 0.972656 0.837891 0.968750 0.833984 0.960938 0.833984 0.958984 0.832031 0.958984 0.822266 0.953125 0.816406 0.943359 0.816406 0.941406 0.818359 0.939453 0.816406 0.939453 0.810547 0.945312 0.804688 0.945312 0.796875 0.941406 0.792969
0 0.921875 0.775391 0.917969 0.779297 0.917969 0.787109 0.921875 0.791016 0.929688 0.791016 0.933594 0.787109 0.933594 0.779297 0.929688 0.775391
0 0.699219 0.771484 0.695312 0.775391 0.695312 0.785156 0.697266 0.787109 0.697266 0.791016 0.701172 0.794922 0.710938 0.794922 0.718750 0.787109 0.718750 0.777344 0.714844 0.773438 0.712891 0.773438 0.710938 0.771484
0 0.630859 0.750000 0.617188 0.763672 0.617188 0.771484 0.619141 0.773438 0.619141 0.775391 0.621094 0.777344 0.621094 0.781250 0.623047 0.783203 0.623047 0.785156 0.628906 0.791016 0.636719 0.791016 0.640625 0.787109 0.640625 0.779297 0.638672 0.777344 0.638672 0.773438 0.636719 0.771484 0.636719 0.769531 0.642578 0.763672 0.642578 0.753906 0.638672 0.750000
0 0.833984 0.748047 0.830078 0.751953 0.830078 0.755859 0.828125 0.757812 0.826172 0.757812 0.822266 0.761719 0.820312 0.761719 0.818359 0.763672 0.816406 0.763672 0.814453 0.765625 0.812500 0.765625 0.810547 0.767578 0.806641 0.767578 0.798828 0.775391 0.798828 0.777344 0.791016 0.785156 0.791016 0.787109 0.789062 0.789062 0.783203 0.789062 0.781250 0.791016 0.779297 0.791016 0.775391 0.794922 0.773438 0.794922 0.769531 0.798828 0.767578 0.798828 0.763672 0.802734 0.761719 0.802734 0.757812 0.806641 0.755859 0.806641 0.751953 0.810547 0.744141 0.810547 0.740234 0.814453 0.740234 0.818359 0.738281 0.820312 0.736328 0.820312 0.732422 0.824219 0.732422 0.832031 0.738281 0.837891 0.740234 0.835938 0.759766 0.835938 0.763672 0.832031 0.763672 0.824219 0.765625 0.822266 0.775391 0.822266 0.777344 0.820312 0.779297 0.820312 0.781250 0.818359 0.785156 0.818359 0.787109 0.816406 0.789062 0.816406 0.791016 0.814453 0.792969 0.814453 0.796875 0.810547 0.798828 0.810547 0.802734 0.806641 0.806641 0.806641 0.808594 0.804688 0.814453 0.804688 0.818359 0.800781 0.818359 0.798828 0.820312 0.796875 0.822266 0.798828 0.822266 0.806641 0.826172 0.810547 0.837891 0.810547 0.841797 0.806641 0.841797 0.804688 0.843750 0.802734 0.843750 0.791016 0.839844 0.787109 0.837891 0.787109 0.835938 0.785156 0.835938 0.783203 0.839844 0.779297 0.841797 0.779297 0.847656 0.773438 0.847656 0.751953 0.843750 0.748047
0 0.666016 0.708984 0.662109 0.712891 0.662109 0.730469 0.664062 0.732422 0.664062 0.740234 0.667969 0.744141 0.675781 0.744141 0.679688 0.740234 0.679688 0.724609 0.677734 0.722656 0.677734 0.712891 0.673828 0.708984
0 0.685547 0.685547 0.681641 0.689453 0.681641 0.697266 0.685547 0.701172 0.693359 0.701172 0.697266 0.697266 0.699219 0.699219 0.699219 0.701172 0.703125 0.705078 0.710938 0.705078 0.716797 0.699219 0.716797 0.691406 0.712891 0.687500 0.705078 0.687500 0.699219 0.693359 0.697266 0.691406 0.697266 0.689453 0.693359 0.685547
0 0.835938 0.675781 0.826172 0.685547 0.822266 0.685547 0.818359 0.689453 0.818359 0.697266 0.822266 0.701172 0.832031 0.701172 0.833984 0.703125 0.833984 0.708984 0.839844 0.714844 0.841797 0.714844 0.843750 0.716797 0.843750 0.718750 0.845703 0.720703 0.845703 0.722656 0.849609 0.726562 0.851562 0.726562 0.857422 0.732422 0.865234 0.732422 0.867188 0.730469 0.878906 0.730469 0.882812 0.726562 0.882812 0.718750 0.878906 0.714844 0.875000 0.714844 0.869141 0.708984 0.869141 0.707031 0.861328 0.699219 0.861328 0.697266 0.859375 0.695312 0.859375 0.693359 0.857422 0.691406 0.857422 0.683594 0.853516 0.679688 0.851562 0.679688 0.847656 0.675781
0 0.417969 0.666016 0.408203 0.675781 0.408203 0.677734 0.406250 0.679688 0.406250 0.701172 0.408203 0.703125 0.406250 0.705078 0.404297 0.705078 0.400391 0.708984 0.400391 0.716797 0.404297 0.720703 0.404297 0.722656 0.408203 0.726562 0.412109 0.726562 0.416016 0.730469 0.417969 0.730469 0.423828 0.736328 0.433594 0.736328 0.435547 0.734375 0.441406 0.734375 0.445312 0.730469 0.445312 0.726562 0.451172 0.720703 0.451172 0.712891 0.447266 0.708984 0.441406 0.708984 0.437500 0.705078 0.437500 0.703125 0.433594 0.699219 0.433594 0.697266 0.429688 0.693359 0.429688 0.691406 0.425781 0.687500 0.425781 0.685547 0.429688 0.681641 0.429688 0.669922 0.425781 0.666016
0 0.363281 0.613281 0.359375 0.617188 0.359375 0.634766 0.357422 0.636719 0.353516 0.636719 0.349609 0.640625 0.349609 0.648438 0.353516 0.652344 0.359375 0.652344 0.365234 0.658203 0.367188 0.658203 0.369141 0.660156 0.367188 0.662109 0.363281 0.662109 0.357422 0.667969 0.357422 0.679688 0.359375 0.681641 0.359375 0.687500 0.361328 0.689453 0.361328 0.697266 0.363281 0.699219 0.363281 0.701172 0.361328 0.703125 0.359375 0.703125 0.357422 0.705078 0.351562 0.705078 0.347656 0.708984 0.347656 0.716797 0.351562 0.720703 0.363281 0.720703 0.365234 0.718750 0.369141 0.722656 0.390625 0.722656 0.396484 0.716797 0.396484 0.707031 0.392578 0.703125 0.394531 0.701172 0.394531 0.693359 0.390625 0.689453 0.380859 0.689453 0.378906 0.691406 0.376953 0.689453 0.376953 0.681641 0.380859 0.677734 0.380859 0.667969 0.376953 0.664062 0.382812 0.658203 0.382812 0.656250 0.386719 0.652344 0.386719 0.644531 0.384766 0.642578 0.384766 0.640625 0.382812 0.638672 0.382812 0.636719 0.380859 0.634766 0.380859 0.628906 0.376953 0.625000 0.376953 0.623047 0.375000 0.621094 0.375000 0.617188 0.371094 0.613281
0 0.837891 0.591797 0.833984 0.595703 0.833984 0.603516 0.837891 0.607422 0.845703 0.607422 0.849609 0.603516 0.849609 0.595703 0.845703 0.591797
0 0.994141 0.570312 0.988281 0.576172 0.988281 0.587891 0.984375 0.591797 0.982422 0.589844 0.974609 0.589844 0.972656 0.591797 0.970703 0.591797 0.966797 0.587891 0.958984 0.587891 0.955078 0.591797 0.953125 0.591797 0.949219 0.595703 0.949219 0.607422 0.953125 0.611328 0.960938 0.611328 0.964844 0.607422 0.964844 0.605469 0.968750 0.601562 0.970703 0.603516 0.970703 0.609375 0.974609 0.613281 0.978516 0.613281 0.980469 0.615234 0.980469 0.619141 0.978516 0.621094 0.978516 0.636719 0.980469 0.638672 0.980469 0.640625 0.984375 0.644531 0.984375 0.646484 0.976562 0.654297 0.974609 0.654297 0.972656 0.656250 0.970703 0.656250 0.962891 0.664062 0.962891 0.667969 0.960938 0.669922 0.949219 0.669922 0.947266 0.671875 0.945312 0.671875 0.935547 0.681641 0.935547 0.691406 0.931641 0.695312 0.925781 0.695312 0.923828 0.697266 0.921875 0.697266 0.916016 0.703125 0.910156 0.703125 0.908203 0.705078 0.906250 0.705078 0.904297 0.707031 0.900391 0.707031 0.894531 0.712891 0.894531 0.722656 0.890625 0.726562 0.890625 0.742188 0.894531 0.746094 0.904297 0.746094 0.908203 0.742188 0.908203 0.732422 0.917969 0.722656 0.919922 0.722656 0.921875 0.720703 0.925781 0.720703 0.929688 0.716797 0.931641 0.716797 0.935547 0.712891 0.943359 0.712891 0.947266 0.708984 0.947266 0.705078 0.949219 0.703125 0.949219 0.701172 0.951172 0.699219 0.951172 0.691406 0.955078 0.687500 0.957031 0.689453 0.957031 0.695312 0.960938 0.699219 0.970703 0.699219 0.974609 0.695312 0.974609 0.693359 0.976562 0.691406 0.982422 0.691406 0.988281 0.685547 0.992188 0.685547 0.996094 0.681641 0.996094 0.673828 0.992188 0.669922 0.990234 0.669922 0.988281 0.667969 0.998047 0.658203 0.998047 0.634766 0.996094 0.632812 0.996094 0.630859 0.994141 0.628906 0.996094 0.626953 0.996094 0.623047 0.998047 0.621094 0.998047 0.570312
0 0.236328 0.570312 0.232422 0.574219 0.232422 0.591797 0.236328 0.595703 0.244141 0.595703 0.248047 0.591797 0.248047 0.574219 0.244141 0.570312
0 0.373047 0.490234 0.371094 0.492188 0.359375 0.492188 0.355469 0.496094 0.355469 0.503906 0.353516 0.505859 0.353516 0.515625 0.357422 0.519531 0.357422 0.537109 0.359375 0.539062 0.359375 0.542969 0.363281 0.546875 0.371094 0.546875 0.375000 0.542969 0.375000 0.539062 0.376953 0.537109 0.398438 0.537109 0.404297 0.531250 0.404297 0.525391 0.414062 0.515625 0.414062 0.494141 0.410156 0.490234
0 0.451172 0.466797 0.447266 0.470703 0.447266 0.488281 0.451172 0.492188 0.458984 0.492188 0.462891 0.488281 0.462891 0.470703 0.458984 0.466797
0 0.451172 0.384766 0.445312 0.390625 0.416016 0.390625 0.412109 0.394531 0.412109 0.402344 0.416016 0.406250 0.453125 0.406250 0.455078 0.404297 0.457031 0.404297 0.462891 0.398438 0.462891 0.388672 0.458984 0.384766
0 0.378906 0.371094 0.375000 0.375000 0.375000 0.382812 0.378906 0.386719 0.380859 0.386719 0.382812 0.388672 0.390625 0.388672 0.394531 0.384766 0.394531 0.376953 0.390625 0.373047 0.388672 0.373047 0.386719 0.371094
0 0.343750 0.359375 0.339844 0.363281 0.339844 0.371094 0.343750 0.375000 0.351562 0.375000 0.355469 0.371094 0.355469 0.363281 0.351562 0.359375
0 0.658203 0.339844 0.654297 0.343750 0.654297 0.357422 0.656250 0.359375 0.656250 0.375000 0.662109 0.380859 0.662109 0.382812 0.666016 0.386719 0.666016 0.388672 0.664062 0.390625 0.658203 0.390625 0.654297 0.394531 0.654297 0.402344 0.658203 0.406250 0.673828 0.406250 0.681641 0.398438 0.681641 0.375000 0.675781 0.369141 0.677734 0.367188 0.681641 0.367188 0.685547 0.363281 0.685547 0.349609 0.681641 0.345703 0.681641 0.343750 0.677734 0.339844
0 0.326172 0.339844 0.322266 0.343750 0.322266 0.351562 0.326172 0.355469 0.333984 0.355469 0.337891 0.351562 0.337891 0.343750 0.333984 0.339844
0 0.273438 0.314453 0.269531 0.318359 0.269531 0.326172 0.275391 0.332031 0.275391 0.335938 0.279297 0.339844 0.287109 0.339844 0.291016 0.335938 0.291016 0.328125 0.285156 0.322266 0.285156 0.318359 0.281250 0.314453
0 0.515625 0.310547 0.513672 0.312500 0.503906 0.312500 0.501953 0.314453 0.500000 0.314453 0.498047 0.316406 0.496094 0.316406 0.494141 0.318359 0.492188 0.316406 0.484375 0.316406 0.480469 0.320312 0.480469 0.328125 0.484375 0.332031 0.492188 0.332031 0.494141 0.330078 0.496094 0.332031 0.503906 0.332031 0.505859 0.333984 0.513672 0.333984 0.515625 0.332031 0.517578 0.332031 0.521484 0.328125 0.523438 0.328125 0.525391 0.326172 0.564453 0.326172 0.568359 0.322266 0.568359 0.314453 0.564453 0.310547
0 0.335938 0.277344 0.332031 0.281250 0.332031 0.289062 0.335938 0.292969 0.343750 0.292969 0.345703 0.291016 0.347656 0.292969 0.347656 0.298828 0.345703 0.300781 0.345703 0.304688 0.343750 0.306641 0.343750 0.320312 0.351562 0.328125 0.363281 0.328125 0.365234 0.330078 0.365234 0.332031 0.369141 0.335938 0.376953 0.335938 0.380859 0.332031 0.380859 0.306641 0.375000 0.300781 0.367188 0.300781 0.365234 0.302734 0.363281 0.300781 0.363281 0.289062 0.359375 0.285156 0.351562 0.285156 0.349609 0.287109 0.347656 0.285156 0.347656 0.281250 0.343750 0.277344
0 0.636719 0.242188 0.625000 0.253906 0.625000 0.261719 0.628906 0.265625 0.638672 0.265625 0.642578 0.269531 0.667969 0.269531 0.671875 0.265625 0.671875 0.263672 0.673828 0.261719 0.687500 0.261719 0.689453 0.263672 0.708984 0.263672 0.712891 0.259766 0.712891 0.251953 0.708984 0.248047 0.697266 0.248047 0.695312 0.246094 0.673828 0.246094 0.669922 0.242188
0 0.238281 0.230469 0.234375 0.234375 0.234375 0.236328 0.228516 0.242188 0.228516 0.250000 0.230469 0.251953 0.230469 0.253906 0.232422 0.255859 0.232422 0.265625 0.236328 0.269531 0.240234 0.269531 0.244141 0.273438 0.248047 0.273438 0.253906 0.279297 0.253906 0.283203 0.257812 0.287109 0.265625 0.287109 0.269531 0.283203 0.269531 0.281250 0.271484 0.279297 0.279297 0.279297 0.285156 0.273438 0.300781 0.273438 0.304688 0.269531 0.304688 0.257812 0.294922 0.248047 0.285156 0.248047 0.281250 0.251953 0.281250 0.253906 0.277344 0.257812 0.273438 0.257812 0.271484 0.255859 0.271484 0.253906 0.265625 0.248047 0.265625 0.234375 0.261719 0.230469
0 0.802734 0.218750 0.798828 0.222656 0.798828 0.230469 0.796875 0.232422 0.791016 0.232422 0.787109 0.236328 0.787109 0.244141 0.785156 0.246094 0.783203 0.246094 0.781250 0.248047 0.779297 0.248047 0.777344 0.250000 0.738281 0.250000 0.734375 0.253906 0.734375 0.261719 0.738281 0.265625 0.787109 0.265625 0.791016 0.261719 0.794922 0.261719 0.796875 0.259766 0.800781 0.259766 0.808594 0.267578 0.808594 0.269531 0.812500 0.273438 0.818359 0.273438 0.822266 0.277344 0.832031 0.277344 0.835938 0.273438 0.835938 0.265625 0.833984 0.263672 0.833984 0.261719 0.830078 0.257812 0.822266 0.257812 0.820312 0.255859 0.820312 0.253906 0.816406 0.250000 0.816406 0.244141 0.822266 0.238281 0.822266 0.226562 0.818359 0.222656 0.814453 0.222656 0.810547 0.218750
0 0.886719 0.203125 0.884766 0.205078 0.878906 0.205078 0.876953 0.207031 0.875000 0.205078 0.863281 0.205078 0.859375 0.208984 0.859375 0.216797 0.865234 0.222656 0.865234 0.230469 0.871094 0.236328 0.884766 0.236328 0.886719 0.234375 0.892578 0.234375 0.898438 0.240234 0.898438 0.246094 0.900391 0.248047 0.896484 0.251953 0.861328 0.251953 0.859375 0.253906 0.855469 0.253906 0.851562 0.257812 0.851562 0.263672 0.849609 0.265625 0.847656 0.265625 0.843750 0.269531 0.843750 0.277344 0.847656 0.281250 0.861328 0.281250 0.869141 0.273438 0.869141 0.269531 0.871094 0.267578 0.906250 0.267578 0.914062 0.259766 0.914062 0.257812 0.925781 0.246094 0.927734 0.246094 0.929688 0.244141 0.933594 0.248047 0.941406 0.248047 0.943359 0.246094 0.947266 0.246094 0.951172 0.242188 0.951172 0.230469 0.949219 0.228516 0.949219 0.226562 0.947266 0.224609 0.947266 0.222656 0.941406 0.216797 0.931641 0.216797 0.927734 0.220703 0.927734 0.226562 0.925781 0.228516 0.921875 0.228516 0.919922 0.230469 0.917969 0.230469 0.916016 0.232422 0.914062 0.232422 0.910156 0.228516 0.910156 0.222656 0.908203 0.220703 0.908203 0.218750 0.902344 0.212891 0.900391 0.212891 0.898438 0.210938 0.898438 0.207031 0.894531 0.203125
0 0.792969 0.177734 0.789062 0.181641 0.789062 0.189453 0.792969 0.193359 0.806641 0.193359 0.810547 0.189453 0.810547 0.181641 0.806641 0.177734
0 0.957031 0.167969 0.951172 0.173828 0.951172 0.175781 0.949219 0.177734 0.949219 0.189453 0.951172 0.191406 0.951172 0.195312 0.953125 0.197266 0.953125 0.201172 0.955078 0.203125 0.955078 0.216797 0.957031 0.218750 0.957031 0.220703 0.960938 0.224609 0.970703 0.224609 0.972656 0.222656 0.974609 0.222656 0.980469 0.216797 0.982422 0.216797 0.994141 0.205078 0.994141 0.203125 0.996094 0.201172 0.996094 0.191406 0.992188 0.187500 0.982422 0.187500 0.976562 0.181641 0.976562 0.173828 0.970703 0.167969
0 0.417969 0.132812 0.414062 0.136719 0.414062 0.152344 0.412109 0.154297 0.410156 0.154297 0.408203 0.156250 0.404297 0.156250 0.398438 0.162109 0.398438 0.171875 0.402344 0.175781 0.410156 0.175781 0.414062 0.171875 0.417969 0.171875 0.419922 0.169922 0.421875 0.169922 0.423828 0.167969 0.425781 0.167969 0.431641 0.162109 0.435547 0.166016 0.443359 0.166016 0.447266 0.162109 0.458984 0.162109 0.460938 0.160156 0.462891 0.160156 0.464844 0.158203 0.468750 0.158203 0.470703 0.156250 0.498047 0.156250 0.501953 0.152344 0.501953 0.144531 0.498047 0.140625 0.462891 0.140625 0.460938 0.142578 0.458984 0.142578 0.457031 0.144531 0.451172 0.144531 0.449219 0.146484 0.439453 0.146484 0.425781 0.132812
0 0.347656 0.132812 0.343750 0.136719 0.343750 0.158203 0.345703 0.160156 0.345703 0.164062 0.349609 0.167969 0.359375 0.167969 0.363281 0.164062 0.363281 0.156250 0.359375 0.152344 0.359375 0.136719 0.355469 0.132812
0 0.589844 0.107422 0.585938 0.111328 0.585938 0.136719 0.587891 0.138672 0.587891 0.144531 0.585938 0.146484 0.585938 0.160156 0.589844 0.164062 0.597656 0.164062 0.601562 0.160156 0.601562 0.156250 0.603516 0.154297 0.603516 0.148438 0.605469 0.146484 0.605469 0.134766 0.603516 0.132812 0.603516 0.128906 0.601562 0.126953 0.601562 0.111328 0.597656 0.107422
0 0.037109 0.091797 0.033203 0.095703 0.033203 0.105469 0.037109 0.109375 0.037109 0.111328 0.039062 0.113281 0.039062 0.119141 0.041016 0.121094 0.041016 0.125000 0.042969 0.126953 0.042969 0.128906 0.046875 0.132812 0.046875 0.134766 0.048828 0.136719 0.046875 0.138672 0.042969 0.138672 0.041016 0.136719 0.041016 0.134766 0.037109 0.130859 0.033203 0.130859 0.031250 0.128906 0.015625 0.128906 0.011719 0.132812 0.009766 0.132812 0.005859 0.136719 0.001953 0.136719 0.000000 0.138672 0.000000 0.181641 0.023438 0.181641 0.027344 0.177734 0.044922 0.177734 0.048828 0.173828 0.048828 0.171875 0.052734 0.167969 0.058594 0.173828 0.060547 0.173828 0.068359 0.181641 0.068359 0.183594 0.072266 0.187500 0.072266 0.189453 0.074219 0.191406 0.074219 0.193359 0.072266 0.195312 0.060547 0.195312 0.054688 0.201172 0.054688 0.212891 0.058594 0.216797 0.060547 0.216797 0.062500 0.218750 0.070312 0.218750 0.074219 0.222656 0.082031 0.222656 0.087891 0.228516 0.087891 0.230469 0.089844 0.232422 0.089844 0.246094 0.091797 0.248047 0.091797 0.250000 0.101562 0.259766 0.101562 0.263672 0.103516 0.265625 0.103516 0.271484 0.109375 0.277344 0.109375 0.279297 0.113281 0.283203 0.115234 0.283203 0.117188 0.285156 0.117188 0.289062 0.121094 0.292969 0.125000 0.292969 0.128906 0.296875 0.134766 0.296875 0.136719 0.298828 0.136719 0.312500 0.140625 0.316406 0.146484 0.316406 0.148438 0.318359 0.148438 0.324219 0.152344 0.328125 0.152344 0.330078 0.156250 0.333984 0.156250 0.337891 0.160156 0.341797 0.160156 0.343750 0.167969 0.351562 0.167969 0.353516 0.169922 0.355469 0.169922 0.357422 0.166016 0.361328 0.166016 0.371094 0.171875 0.376953 0.169922 0.378906 0.169922 0.380859 0.166016 0.384766 0.166016 0.392578 0.169922 0.396484 0.181641 0.396484 0.185547 0.392578 0.187500 0.394531 0.187500 0.412109 0.191406 0.416016 0.191406 0.425781 0.193359 0.427734 0.193359 0.429688 0.197266 0.433594 0.197266 0.435547 0.199219 0.437500 0.199219 0.447266 0.201172 0.449219 0.201172 0.457031 0.205078 0.460938 0.205078 0.476562 0.207031 0.478516 0.207031 0.480469 0.208984 0.482422 0.208984 0.486328 0.210938 0.488281 0.210938 0.492188 0.203125 0.500000 0.203125 0.507812 0.207031 0.511719 0.210938 0.511719 0.212891 0.513672 0.212891 0.517578 0.210938 0.519531 0.205078 0.519531 0.203125 0.521484 0.201172 0.521484 0.199219 0.523438 0.197266 0.523438 0.193359 0.527344 0.191406 0.527344 0.185547 0.533203 0.185547 0.535156 0.173828 0.546875 0.171875 0.546875 0.164062 0.554688 0.162109 0.554688 0.158203 0.558594 0.158203 0.566406 0.162109 0.570312 0.173828 0.570312 0.177734 0.566406 0.183594 0.566406 0.185547 0.564453 0.189453 0.564453 0.197266 0.556641 0.199219 0.556641 0.203125 0.552734 0.207031 0.552734 0.208984 0.550781 0.212891 0.550781 0.214844 0.548828 0.216797 0.548828 0.218750 0.546875 0.220703 0.546875 0.224609 0.542969 0.226562 0.544922 0.226562 0.552734 0.228516 0.554688 0.228516 0.562500 0.232422 0.566406 0.240234 0.566406 0.244141 0.562500 0.244141 0.544922 0.240234 0.541016 0.230469 0.541016 0.228516 0.539062 0.230469 0.537109 0.230469 0.529297 0.228516 0.527344 0.230469 0.525391 0.230469 0.509766 0.228516 0.507812 0.228516 0.505859 0.230469 0.503906 0.230469 0.494141 0.226562 0.490234 0.226562 0.480469 0.224609 0.478516 0.224609 0.474609 0.222656 0.472656 0.222656 0.470703 0.220703 0.468750 0.224609 0.464844 0.224609 0.457031 0.218750 0.451172 0.218750 0.449219 0.216797 0.447266 0.216797 0.441406 0.214844 0.439453 0.214844 0.427734 0.212891 0.425781 0.212891 0.421875 0.210938 0.419922 0.210938 0.416016 0.208984 0.414062 0.208984 0.412109 0.207031 0.410156 0.207031 0.408203 0.205078 0.406250 0.205078 0.404297 0.203125 0.402344 0.203125 0.390625 0.199219 0.386719 0.197266 0.386719 0.195312 0.384766 0.199219 0.380859 0.199219 0.376953 0.201172 0.375000 0.203125 0.375000 0.205078 0.373047 0.207031 0.375000 0.207031 0.378906 0.208984 0.380859 0.208984 0.384766 0.212891 0.388672 0.214844 0.388672 0.222656 0.396484 0.222656 0.402344 0.226562 0.406250 0.226562 0.414062 0.228516 0.416016 0.226562 0.417969 0.224609 0.417969 0.220703 0.421875 0.220703 0.429688 0.224609 0.433594 0.236328 0.433594 0.238281 0.435547 0.238281 0.439453 0.232422 0.445312 0.232422 0.455078 0.234375 0.457031 0.232422 0.458984 0.232422 0.466797 0.236328 0.470703 0.240234 0.470703 0.242188 0.472656 0.242188 0.480469 0.234375 0.488281 0.234375 0.498047 0.240234 0.503906 0.240234 0.511719 0.244141 0.515625 0.251953 0.515625 0.253906 0.517578 0.253906 0.572266 0.259766 0.578125 0.259766 0.593750 0.261719 0.595703 0.255859 0.601562 0.255859 0.605469 0.253906 0.607422 0.250000 0.603516 0.242188 0.603516 0.238281 0.607422 0.238281 0.613281 0.236328 0.615234 0.228516 0.615234 0.224609 0.619141 0.224609 0.628906 0.222656 0.630859 0.222656 0.640625 0.226562 0.644531 0.234375 0.644531 0.236328 0.642578 0.238281 0.644531 0.238281 0.660156 0.234375 0.664062 0.234375 0.667969 0.232422 0.669922 0.226562 0.669922 0.222656 0.673828 0.222656 0.681641 0.226562 0.685547 0.234375 0.685547 0.238281 0.681641 0.238281 0.677734 0.240234 0.675781 0.242188 0.675781 0.244141 0.677734 0.244141 0.687500 0.242188 0.689453 0.236328 0.689453 0.228516 0.697266 0.228516 0.707031 0.230469 0.708984 0.226562 0.712891 0.226562 0.720703 0.230469 0.724609 0.238281 0.724609 0.242188 0.720703 0.242188 0.712891 0.246094 0.708984 0.246094 0.705078 0.250000 0.701172 0.250000 0.699219 0.251953 0.697266 0.257812 0.697266 0.261719 0.693359 0.261719 0.691406 0.267578 0.685547 0.267578 0.679688 0.269531 0.677734 0.271484 0.679688 0.275391 0.679688 0.277344 0.681641 0.277344 0.683594 0.281250 0.687500 0.281250 0.695312 0.277344 0.699219 0.277344 0.707031 0.281250 0.710938 0.283203 0.710938 0.285156 0.712891 0.283203 0.714844 0.281250 0.714844 0.277344 0.718750 0.277344 0.726562 0.279297 0.728516 0.277344 0.730469 0.277344 0.738281 0.281250 0.742188 0.285156 0.742188 0.287109 0.744141 0.287109 0.751953 0.289062 0.753906 0.287109 0.755859 0.287109 0.767578 0.285156 0.769531 0.281250 0.769531 0.277344 0.773438 0.275391 0.773438 0.273438 0.771484 0.271484 0.771484 0.265625 0.765625 0.265625 0.738281 0.261719 0.734375 0.253906 0.734375 0.250000 0.738281 0.250000 0.744141 0.248047 0.746094 0.246094 0.744141 0.238281 0.744141 0.234375 0.748047 0.234375 0.755859 0.232422 0.757812 0.232422 0.759766 0.228516 0.763672 0.226562 0.763672 0.222656 0.767578 0.222656 0.769531 0.220703 0.771484 0.220703 0.773438 0.216797 0.777344 0.216797 0.781250 0.208984 0.789062 0.207031 0.789062 0.203125 0.792969 0.203125 0.800781 0.199219 0.804688 0.199219 0.812500 0.203125 0.816406 0.210938 0.816406 0.212891 0.814453 0.214844 0.814453 0.216797 0.816406 0.216797 0.818359 0.218750 0.820312 0.218750 0.835938 0.222656 0.839844 0.222656 0.843750 0.226562 0.847656 0.226562 0.853516 0.230469 0.857422 0.238281 0.857422 0.240234 0.855469 0.248047 0.855469 0.253906 0.849609 0.257812 0.853516 0.261719 0.853516 0.263672 0.855469 0.261719 0.857422 0.261719 0.867188 0.259766 0.869141 0.259766 0.871094 0.255859 0.875000 0.255859 0.882812 0.253906 0.884766 0.246094 0.884766 0.214844 0.916016 0.214844 0.925781 0.218750 0.929688 0.236328 0.929688 0.240234 0.925781 0.240234 0.923828 0.246094 0.917969 0.255859 0.927734 0.259766 0.927734 0.267578 0.935547 0.275391 0.935547 0.279297 0.931641 0.279297 0.919922 0.277344 0.917969 0.279297 0.916016 0.279297 0.914062 0.281250 0.912109 0.294922 0.912109 0.298828 0.908203 0.298828 0.900391 0.294922 0.896484 0.298828 0.892578 0.298828 0.888672 0.302734 0.884766 0.304688 0.884766 0.306641 0.882812 0.308594 0.882812 0.310547 0.880859 0.314453 0.880859 0.318359 0.876953 0.320312 0.876953 0.322266 0.875000 0.324219 0.875000 0.328125 0.871094 0.328125 0.865234 0.330078 0.863281 0.330078 0.853516 0.328125 0.851562 0.328125 0.839844 0.326172 0.837891 0.326172 0.824219 0.322266 0.820312 0.322266 0.814453 0.324219 0.812500 0.326172 0.812500 0.328125 0.810547 0.332031 0.810547 0.333984 0.808594 0.335938 0.808594 0.343750 0.800781 0.353516 0.800781 0.357422 0.796875 0.357422 0.794922 0.359375 0.792969 0.361328 0.792969 0.365234 0.789062 0.365234 0.787109 0.367188 0.785156 0.367188 0.783203 0.375000 0.775391 0.375000 0.773438 0.376953 0.771484 0.376953 0.769531 0.378906 0.767578 0.386719 0.767578 0.394531 0.759766 0.394531 0.751953 0.390625 0.748047 0.390625 0.736328 0.386719 0.732422 0.378906 0.732422 0.376953 0.734375 0.375000 0.732422 0.375000 0.730469 0.371094 0.726562 0.359375 0.726562 0.355469 0.730469 0.355469 0.732422 0.353516 0.734375 0.353516 0.748047 0.355469 0.750000 0.355469 0.751953 0.353516 0.753906 0.353516 0.761719 0.357422 0.765625 0.357422 0.767578 0.351562 0.773438 0.351562 0.777344 0.349609 0.779297 0.347656 0.777344 0.347656 0.775391 0.341797 0.769531 0.337891 0.769531 0.335938 0.767578 0.314453 0.767578 0.312500 0.765625 0.314453 0.763672 0.314453 0.755859 0.310547 0.751953 0.310547 0.750000 0.308594 0.748047 0.308594 0.746094 0.304688 0.742188 0.304688 0.734375 0.300781 0.730469 0.300781 0.689453 0.298828 0.687500 0.298828 0.685547 0.296875 0.683594 0.296875 0.679688 0.294922 0.677734 0.294922 0.669922 0.292969 0.667969 0.292969 0.666016 0.287109 0.660156 0.287109 0.634766 0.283203 0.630859 0.283203 0.625000 0.287109 0.621094 0.287109 0.613281 0.285156 0.611328 0.287109 0.609375 0.287109 0.601562 0.283203 0.597656 0.283203 0.591797 0.281250 0.589844 0.283203 0.587891 0.283203 0.578125 0.277344 0.572266 0.277344 0.564453 0.273438 0.560547 0.279297 0.554688 0.279297 0.544922 0.277344 0.542969 0.277344 0.537109 0.275391 0.535156 0.275391 0.529297 0.269531 0.523438 0.269531 0.521484 0.271484 0.519531 0.271484 0.498047 0.267578 0.494141 0.267578 0.492188 0.271484 0.488281 0.275391 0.492188 0.294922 0.492188 0.296875 0.490234 0.302734 0.490234 0.304688 0.488281 0.310547 0.488281 0.324219 0.501953 0.332031 0.501953 0.335938 0.498047 0.335938 0.490234 0.333984 0.488281 0.333984 0.486328 0.326172 0.478516 0.330078 0.474609 0.341797 0.474609 0.343750 0.472656 0.345703 0.474609 0.357422 0.474609 0.363281 0.468750 0.363281 0.466797 0.365234 0.464844 0.369141 0.464844 0.378906 0.455078 0.378906 0.447266 0.375000 0.443359 0.376953 0.441406 0.376953 0.435547 0.378906 0.433594 0.378906 0.431641 0.380859 0.429688 0.380859 0.414062 0.376953 0.410156 0.369141 0.410156 0.365234 0.414062 0.363281 0.412109 0.355469 0.412109 0.349609 0.417969 0.341797 0.417969 0.337891 0.421875 0.337891 0.429688 0.335938 0.431641 0.332031 0.431641 0.330078 0.433594 0.312500 0.433594 0.308594 0.437500 0.304688 0.437500 0.302734 0.435547 0.302734 0.431641 0.298828 0.427734 0.291016 0.427734 0.287109 0.431641 0.287109 0.439453 0.291016 0.443359 0.289062 0.445312 0.285156 0.445312 0.283203 0.447266 0.281250 0.447266 0.279297 0.449219 0.275391 0.449219 0.271484 0.453125 0.271484 0.457031 0.269531 0.458984 0.265625 0.455078 0.265625 0.441406 0.263672 0.439453 0.263672 0.437500 0.259766 0.433594 0.257812 0.433594 0.255859 0.431641 0.255859 0.427734 0.257812 0.425781 0.261719 0.429688 0.275391 0.429688 0.279297 0.425781 0.279297 0.417969 0.275391 0.414062 0.271484 0.414062 0.267578 0.410156 0.251953 0.410156 0.248047 0.406250 0.244141 0.406250 0.242188 0.404297 0.242188 0.396484 0.238281 0.392578 0.240234 0.390625 0.250000 0.390625 0.253906 0.386719 0.253906 0.365234 0.251953 0.363281 0.251953 0.357422 0.250000 0.355469 0.255859 0.349609 0.259766 0.349609 0.263672 0.345703 0.263672 0.335938 0.265625 0.333984 0.265625 0.326172 0.263672 0.324219 0.263672 0.318359 0.259766 0.314453 0.259766 0.310547 0.255859 0.306641 0.248047 0.306641 0.240234 0.314453 0.238281 0.312500 0.238281 0.304688 0.234375 0.300781 0.232422 0.300781 0.226562 0.294922 0.222656 0.294922 0.218750 0.291016 0.216797 0.291016 0.212891 0.287109 0.199219 0.287109 0.197266 0.289062 0.191406 0.289062 0.189453 0.291016 0.187500 0.289062 0.181641 0.289062 0.175781 0.283203 0.175781 0.277344 0.177734 0.275391 0.177734 0.267578 0.173828 0.263672 0.142578 0.263672 0.138672 0.267578 0.138672 0.271484 0.136719 0.273438 0.136719 0.275391 0.134766 0.277344 0.128906 0.277344 0.126953 0.275391 0.126953 0.271484 0.125000 0.269531 0.125000 0.267578 0.123047 0.265625 0.123047 0.263672 0.119141 0.259766 0.119141 0.257812 0.117188 0.255859 0.117188 0.250000 0.111328 0.244141 0.111328 0.242188 0.105469 0.236328 0.105469 0.222656 0.103516 0.220703 0.103516 0.218750 0.101562 0.216797 0.101562 0.212891 0.099609 0.210938 0.099609 0.208984 0.091797 0.201172 0.091797 0.189453 0.089844 0.187500 0.089844 0.183594 0.087891 0.181641 0.087891 0.179688 0.085938 0.177734 0.085938 0.175781 0.080078 0.169922 0.080078 0.167969 0.076172 0.164062 0.076172 0.152344 0.074219 0.150391 0.074219 0.146484 0.070312 0.142578 0.068359 0.142578 0.066406 0.140625 0.066406 0.128906 0.060547 0.123047 0.060547 0.121094 0.058594 0.119141 0.058594 0.117188 0.056641 0.115234 0.056641 0.113281 0.054688 0.111328 0.054688 0.107422 0.052734 0.105469 0.052734 0.099609 0.044922 0.091797
0 0.585938 0.070312 0.582031 0.074219 0.582031 0.082031 0.585938 0.085938 0.583984 0.087891 0.583984 0.095703 0.587891 0.099609 0.595703 0.099609 0.599609 0.095703 0.599609 0.087891 0.595703 0.083984 0.597656 0.082031 0.597656 0.074219 0.593750 0.070312
0 0.050781 0.060547 0.046875 0.064453 0.046875 0.072266 0.050781 0.076172 0.056641 0.076172 0.058594 0.078125 0.058594 0.085938 0.060547 0.087891 0.060547 0.091797 0.066406 0.097656 0.066406 0.101562 0.068359 0.103516 0.068359 0.105469 0.070312 0.107422 0.070312 0.115234 0.076172 0.121094 0.076172 0.126953 0.080078 0.130859 0.080078 0.134766 0.082031 0.136719 0.082031 0.140625 0.083984 0.142578 0.083984 0.148438 0.085938 0.150391 0.085938 0.152344 0.089844 0.156250 0.089844 0.166016 0.095703 0.171875 0.095703 0.173828 0.101562 0.179688 0.101562 0.181641 0.107422 0.187500 0.107422 0.191406 0.111328 0.195312 0.119141 0.195312 0.123047 0.191406 0.123047 0.181641 0.121094 0.179688 0.123047 0.177734 0.134766 0.177734 0.136719 0.179688 0.134766 0.181641 0.130859 0.181641 0.126953 0.185547 0.126953 0.193359 0.128906 0.195312 0.126953 0.197266 0.126953 0.205078 0.128906 0.207031 0.128906 0.208984 0.132812 0.212891 0.140625 0.212891 0.142578 0.214844 0.142578 0.216797 0.138672 0.220703 0.138672 0.232422 0.142578 0.236328 0.152344 0.236328 0.156250 0.232422 0.156250 0.222656 0.158203 0.220703 0.162109 0.220703 0.167969 0.226562 0.175781 0.226562 0.179688 0.222656 0.179688 0.199219 0.175781 0.195312 0.160156 0.195312 0.158203 0.197266 0.154297 0.197266 0.152344 0.195312 0.150391 0.195312 0.148438 0.193359 0.150391 0.191406 0.150391 0.183594 0.152344 0.181641 0.160156 0.181641 0.164062 0.177734 0.164062 0.169922 0.158203 0.164062 0.158203 0.156250 0.152344 0.150391 0.152344 0.142578 0.150391 0.140625 0.150391 0.138672 0.148438 0.136719 0.148438 0.134766 0.144531 0.130859 0.142578 0.130859 0.140625 0.128906 0.128906 0.128906 0.123047 0.134766 0.123047 0.144531 0.119141 0.148438 0.115234 0.148438 0.111328 0.152344 0.111328 0.158203 0.109375 0.160156 0.105469 0.156250 0.105469 0.146484 0.099609 0.140625 0.099609 0.134766 0.097656 0.132812 0.097656 0.126953 0.095703 0.125000 0.095703 0.121094 0.091797 0.117188 0.091797 0.113281 0.089844 0.111328 0.089844 0.109375 0.085938 0.105469 0.085938 0.099609 0.083984 0.097656 0.083984 0.095703 0.082031 0.093750 0.082031 0.089844 0.078125 0.085938 0.078125 0.083984 0.076172 0.082031 0.076172 0.078125 0.074219 0.076172 0.074219 0.068359 0.066406 0.060547
0 0.005859 0.048828 0.001953 0.052734 0.001953 0.087891 0.005859 0.091797 0.013672 0.091797 0.017578 0.087891 0.017578 0.052734 0.013672 0.048828
0 0.099609 0.035156 0.095703 0.039062 0.095703 0.048828 0.097656 0.050781 0.093750 0.054688 0.093750 0.062500 0.097656 0.066406 0.101562 0.066406 0.103516 0.068359 0.113281 0.068359 0.117188 0.064453 0.117188 0.044922 0.113281 0.041016 0.113281 0.039062 0.109375 0.035156
0 0.320312 0.009766 0.316406 0.013672 0.316406 0.021484 0.320312 0.025391 0.328125 0.025391 0.332031 0.021484 0.332031 0.013672 0.328125 0.009766
0 0.343750 0.001953 0.339844 0.005859 0.339844 0.013672 0.343750 0.017578 0.353516 0.017578 0.357422 0.021484 0.365234 0.021484 0.369141 0.017578 0.369141 0.009766 0.365234 0.005859 0.355469 0.005859 0.351562 0.001953
0 0.847656 0.000000 0.843750 0.003906 0.843750 0.005859 0.841797 0.007812 0.820312 0.007812 0.814453 0.001953 0.806641 0.001953 0.804688 0.003906 0.796875 0.003906 0.792969 0.007812 0.791016 0.007812 0.787109 0.003906 0.767578 0.003906 0.765625 0.005859 0.763672 0.005859 0.750000 0.019531 0.750000 0.021484 0.742188 0.029297 0.740234 0.029297 0.734375 0.023438 0.732422 0.023438 0.730469 0.021484 0.724609 0.021484 0.722656 0.019531 0.722656 0.017578 0.720703 0.015625 0.720703 0.013672 0.716797 0.009766 0.708984 0.009766 0.705078 0.013672 0.703125 0.013672 0.701172 0.011719 0.693359 0.011719 0.689453 0.015625 0.689453 0.017578 0.687500 0.019531 0.644531 0.019531 0.640625 0.023438 0.603516 0.023438 0.601562 0.025391 0.595703 0.025391 0.589844 0.031250 0.589844 0.033203 0.587891 0.035156 0.587891 0.037109 0.585938 0.039062 0.585938 0.058594 0.589844 0.062500 0.597656 0.062500 0.601562 0.058594 0.601562 0.046875 0.603516 0.044922 0.603516 0.042969 0.605469 0.041016 0.609375 0.041016 0.611328 0.039062 0.650391 0.039062 0.654297 0.035156 0.675781 0.035156 0.677734 0.037109 0.677734 0.039062 0.681641 0.042969 0.689453 0.042969 0.693359 0.039062 0.693359 0.037109 0.697266 0.033203 0.699219 0.033203 0.701172 0.031250 0.703125 0.031250 0.707031 0.027344 0.708984 0.029297 0.714844 0.029297 0.716797 0.031250 0.716797 0.033203 0.714844 0.035156 0.710938 0.035156 0.701172 0.044922 0.699219 0.044922 0.695312 0.048828 0.695312 0.054688 0.689453 0.060547 0.689453 0.080078 0.691406 0.082031 0.687500 0.085938 0.687500 0.093750 0.693359 0.099609 0.693359 0.101562 0.697266 0.105469 0.699219 0.105469 0.701172 0.107422 0.701172 0.117188 0.703125 0.119141 0.703125 0.123047 0.701172 0.125000 0.699219 0.125000 0.695312 0.128906 0.695312 0.136719 0.697266 0.138672 0.697266 0.140625 0.703125 0.146484 0.703125 0.156250 0.701172 0.158203 0.701172 0.173828 0.703125 0.175781 0.703125 0.181641 0.699219 0.185547 0.697266 0.183594 0.697266 0.179688 0.695312 0.177734 0.695312 0.175781 0.687500 0.167969 0.673828 0.167969 0.671875 0.169922 0.667969 0.166016 0.658203 0.166016 0.654297 0.169922 0.634766 0.169922 0.630859 0.173828 0.626953 0.169922 0.613281 0.169922 0.607422 0.175781 0.603516 0.175781 0.597656 0.181641 0.593750 0.181641 0.589844 0.185547 0.589844 0.193359 0.593750 0.197266 0.607422 0.197266 0.613281 0.191406 0.619141 0.191406 0.621094 0.193359 0.636719 0.193359 0.638672 0.195312 0.662109 0.195312 0.664062 0.193359 0.673828 0.193359 0.681641 0.201172 0.707031 0.201172 0.708984 0.199219 0.710938 0.199219 0.716797 0.193359 0.716797 0.191406 0.718750 0.189453 0.718750 0.183594 0.720703 0.181641 0.722656 0.181641 0.726562 0.177734 0.726562 0.175781 0.732422 0.169922 0.732422 0.158203 0.734375 0.156250 0.734375 0.154297 0.736328 0.152344 0.738281 0.154297 0.738281 0.160156 0.744141 0.166016 0.753906 0.166016 0.755859 0.167969 0.755859 0.169922 0.759766 0.173828 0.767578 0.173828 0.771484 0.169922 0.771484 0.154297 0.769531 0.152344 0.771484 0.150391 0.771484 0.146484 0.773438 0.144531 0.773438 0.130859 0.771484 0.128906 0.773438 0.126953 0.775391 0.126953 0.777344 0.128906 0.828125 0.128906 0.830078 0.126953 0.845703 0.126953 0.847656 0.125000 0.849609 0.126953 0.857422 0.126953 0.861328 0.123047 0.861328 0.121094 0.867188 0.115234 0.871094 0.115234 0.878906 0.107422 0.878906 0.095703 0.875000 0.091797 0.871094 0.091797 0.867188 0.087891 0.865234 0.087891 0.863281 0.085938 0.847656 0.085938 0.839844 0.093750 0.835938 0.093750 0.832031 0.089844 0.822266 0.089844 0.814453 0.097656 0.808594 0.091797 0.800781 0.091797 0.794922 0.097656 0.792969 0.095703 0.781250 0.095703 0.779297 0.097656 0.777344 0.095703 0.773438 0.095703 0.761719 0.083984 0.757812 0.083984 0.751953 0.078125 0.742188 0.078125 0.738281 0.082031 0.738281 0.105469 0.736328 0.107422 0.734375 0.105469 0.734375 0.097656 0.730469 0.093750 0.728516 0.093750 0.726562 0.091797 0.726562 0.072266 0.730469 0.068359 0.734375 0.068359 0.740234 0.062500 0.742188 0.062500 0.744141 0.060547 0.746094 0.060547 0.750000 0.064453 0.763672 0.064453 0.767578 0.060547 0.769531 0.060547 0.771484 0.058594 0.785156 0.058594 0.787109 0.056641 0.798828 0.056641 0.800781 0.054688 0.812500 0.054688 0.814453 0.052734 0.820312 0.052734 0.822266 0.050781 0.837891 0.050781 0.839844 0.048828 0.843750 0.048828 0.847656 0.044922 0.851562 0.044922 0.855469 0.041016 0.855469 0.033203 0.857422 0.031250 0.861328 0.035156 0.869141 0.035156 0.882812 0.021484 0.882812 0.019531 0.888672 0.013672 0.888672 0.005859 0.884766 0.001953 0.880859 0.001953 0.878906 0.000000 0.871094 0.000000 0.865234 0.005859 0.863281 0.003906 0.861328 0.003906 0.859375 0.001953 0.857422 0.001953 0.855469 0.000000
0 0.443359 0.000000 0.441406 0.001953 0.439453 0.001953 0.437500 0.003906 0.431641 0.003906 0.429688 0.005859 0.427734 0.005859 0.421875 0.011719 0.421875 0.019531 0.425781 0.023438 0.435547 0.023438 0.437500 0.021484 0.439453 0.021484 0.441406 0.019531 0.443359 0.019531 0.445312 0.017578 0.451172 0.017578 0.455078 0.013672 0.468750 0.013672 0.472656 0.009766 0.472656 0.001953 0.470703 0.000000
0 0.150391 0.000000 0.150391 0.021484 0.154297 0.025391 0.162109 0.025391 0.164062 0.023438 0.166016 0.025391 0.166016 0.031250 0.169922 0.035156 0.179688 0.035156 0.181641 0.037109 0.181641 0.039062 0.179688 0.041016 0.179688 0.062500 0.181641 0.064453 0.173828 0.072266 0.171875 0.072266 0.167969 0.068359 0.175781 0.060547 0.175781 0.048828 0.173828 0.046875 0.173828 0.042969 0.169922 0.039062 0.162109 0.039062 0.158203 0.042969 0.158203 0.052734 0.150391 0.060547 0.150391 0.066406 0.148438 0.068359 0.123047 0.068359 0.119141 0.072266 0.119141 0.083984 0.123047 0.087891 0.130859 0.087891 0.134766 0.083984 0.158203 0.083984 0.162109 0.087891 0.185547 0.087891 0.189453 0.083984 0.189453 0.082031 0.191406 0.080078 0.199219 0.080078 0.201172 0.082031 0.201172 0.083984 0.199219 0.085938 0.199219 0.093750 0.203125 0.097656 0.218750 0.097656 0.220703 0.099609 0.228516 0.099609 0.232422 0.095703 0.232422 0.093750 0.238281 0.087891 0.238281 0.082031 0.240234 0.080078 0.242188 0.082031 0.246094 0.082031 0.248047 0.083984 0.248047 0.091797 0.255859 0.099609 0.253906 0.101562 0.236328 0.101562 0.232422 0.105469 0.220703 0.105469 0.216797 0.109375 0.216797 0.111328 0.210938 0.117188 0.210938 0.121094 0.208984 0.123047 0.208984 0.125000 0.207031 0.126953 0.207031 0.128906 0.205078 0.130859 0.205078 0.132812 0.203125 0.134766 0.203125 0.136719 0.201172 0.138672 0.201172 0.152344 0.189453 0.164062 0.189453 0.179688 0.191406 0.181641 0.191406 0.185547 0.193359 0.187500 0.191406 0.189453 0.191406 0.197266 0.195312 0.201172 0.207031 0.201172 0.210938 0.205078 0.224609 0.205078 0.228516 0.208984 0.224609 0.212891 0.222656 0.212891 0.220703 0.214844 0.218750 0.214844 0.214844 0.218750 0.214844 0.226562 0.218750 0.230469 0.230469 0.230469 0.236328 0.224609 0.238281 0.224609 0.244141 0.218750 0.250000 0.218750 0.251953 0.220703 0.271484 0.220703 0.275391 0.216797 0.275391 0.212891 0.277344 0.210938 0.277344 0.207031 0.281250 0.203125 0.283203 0.205078 0.283203 0.208984 0.287109 0.212891 0.294922 0.212891 0.302734 0.205078 0.304688 0.207031 0.304688 0.218750 0.308594 0.222656 0.316406 0.222656 0.318359 0.224609 0.345703 0.224609 0.349609 0.220703 0.349609 0.212891 0.347656 0.210938 0.347656 0.207031 0.343750 0.203125 0.341797 0.203125 0.337891 0.199219 0.332031 0.199219 0.330078 0.197266 0.330078 0.193359 0.322266 0.185547 0.314453 0.185547 0.310547 0.189453 0.310547 0.197266 0.306641 0.201172 0.304688 0.199219 0.304688 0.195312 0.300781 0.191406 0.291016 0.191406 0.283203 0.199219 0.281250 0.197266 0.281250 0.191406 0.283203 0.189453 0.283203 0.164062 0.279297 0.160156 0.279297 0.136719 0.277344 0.134766 0.277344 0.130859 0.275391 0.128906 0.275391 0.121094 0.273438 0.119141 0.273438 0.117188 0.269531 0.113281 0.269531 0.111328 0.265625 0.107422 0.263672 0.107422 0.261719 0.105469 0.259766 0.105469 0.257812 0.103516 0.259766 0.101562 0.304688 0.101562 0.306641 0.099609 0.310547 0.099609 0.312500 0.097656 0.314453 0.097656 0.316406 0.095703 0.318359 0.095703 0.324219 0.089844 0.398438 0.089844 0.408203 0.080078 0.414062 0.080078 0.416016 0.078125 0.419922 0.078125 0.423828 0.074219 0.423828 0.060547 0.425781 0.058594 0.427734 0.060547 0.427734 0.076172 0.431641 0.080078 0.449219 0.080078 0.451172 0.078125 0.457031 0.078125 0.460938 0.074219 0.474609 0.074219 0.476562 0.072266 0.478516 0.072266 0.480469 0.070312 0.515625 0.070312 0.517578 0.072266 0.541016 0.072266 0.544922 0.068359 0.544922 0.064453 0.546875 0.062500 0.546875 0.054688 0.542969 0.050781 0.533203 0.050781 0.531250 0.048828 0.533203 0.046875 0.537109 0.046875 0.541016 0.042969 0.541016 0.035156 0.537109 0.031250 0.484375 0.031250 0.482422 0.033203 0.468750 0.033203 0.466797 0.031250 0.455078 0.031250 0.451172 0.035156 0.451172 0.052734 0.449219 0.054688 0.447266 0.052734 0.447266 0.046875 0.435547 0.035156 0.410156 0.035156 0.404297 0.041016 0.396484 0.041016 0.394531 0.042969 0.392578 0.042969 0.382812 0.052734 0.380859 0.050781 0.371094 0.050781 0.365234 0.056641 0.355469 0.056641 0.353516 0.058594 0.339844 0.058594 0.335938 0.062500 0.328125 0.062500 0.324219 0.058594 0.322266 0.058594 0.320312 0.056641 0.289062 0.056641 0.277344 0.068359 0.273438 0.064453 0.263672 0.064453 0.261719 0.066406 0.251953 0.066406 0.250000 0.064453 0.242188 0.064453 0.240234 0.066406 0.238281 0.064453 0.238281 0.046875 0.236328 0.044922 0.236328 0.042969 0.232422 0.039062 0.232422 0.035156 0.228516 0.031250 0.228516 0.027344 0.226562 0.025391 0.226562 0.023438 0.220703 0.017578 0.220703 0.015625 0.212891 0.007812 0.212891 0.005859 0.210938 0.003906 0.210938 0.000000 0.193359 0.000000 0.193359 0.013672 0.191406 0.015625 0.189453 0.015625 0.187500 0.017578 0.185547 0.017578 0.183594 0.015625 0.183594 0.000000
0 0.091797 0.000000 0.089844 0.001953 0.085938 0.001953 0.080078 0.007812 0.080078 0.019531 0.083984 0.023438 0.091797 0.023438 0.095703 0.019531 0.095703 0.017578 0.097656 0.015625 0.101562 0.015625 0.105469 0.011719 0.119141 0.011719 0.123047 0.015625 0.126953 0.015625 0.128906 0.017578 0.138672 0.017578 0.142578 0.013672 0.142578 0.005859 0.138672 0.001953 0.136719 0.001953 0.134766 0.000000
0 0.019531 0.000000 0.017578 0.001953 0.017578 0.033203 0.021484 0.037109 0.031250 0.037109 0.033203 0.035156 0.046875 0.035156 0.050781 0.031250 0.050781 0.019531 0.052734 0.017578 0.052734 0.007812 0.050781 0.005859 0.050781 0.001953 0.048828 0.000000