0 0.433594 0.972656 0.427734 0.978516 0.425781 0.978516 0.421875 0.982422 0.421875 0.990234 0.425781 0.994141 0.435547 0.994141 0.441406 0.988281 0.445312 0.988281 0.449219 0.984375 0.449219 0.976562 0.445312 0.972656
0 0.335938 0.972656 0.332031 0.976562 0.332031 0.984375 0.333984 0.986328 0.333984 0.988281 0.332031 0.990234 0.322266 0.990234 0.318359 0.994141 0.318359 0.998047 0.361328 0.998047 0.361328 0.996094 0.357422 0.992188 0.349609 0.992188 0.345703 0.988281 0.345703 0.986328 0.347656 0.984375 0.347656 0.976562 0.343750 0.972656
0 0.865234 0.953125 0.859375 0.958984 0.859375 0.976562 0.863281 0.980469 0.878906 0.980469 0.882812 0.976562 0.886719 0.976562 0.890625 0.972656 0.890625 0.960938 0.882812 0.953125
0 0.582031 0.945312 0.578125 0.949219 0.578125 0.957031 0.572266 0.962891 0.572266 0.970703 0.576172 0.974609 0.580078 0.974609 0.582031 0.976562 0.582031 0.978516 0.585938 0.982422 0.593750 0.982422 0.597656 0.978516 0.597656 0.970703 0.593750 0.966797 0.589844 0.966797 0.587891 0.964844 0.587891 0.962891 0.593750 0.957031 0.593750 0.949219 0.589844 0.945312
0 0.814453 0.943359 0.810547 0.947266 0.808594 0.947266 0.806641 0.945312 0.796875 0.945312 0.792969 0.949219 0.792969 0.957031 0.798828 0.962891 0.800781 0.962891 0.802734 0.964844 0.802734 0.972656 0.806641 0.976562 0.816406 0.976562 0.818359 0.974609 0.822266 0.974609 0.824219 0.972656 0.826172 0.972656 0.830078 0.968750 0.830078 0.964844 0.832031 0.962891 0.832031 0.947266 0.828125 0.943359
0 0.986328 0.921875 0.984375 0.923828 0.982422 0.923828 0.974609 0.931641 0.974609 0.937500 0.972656 0.939453 0.972656 0.949219 0.976562 0.953125 0.986328 0.953125 0.992188 0.958984 0.986328 0.964844 0.982422 0.964844 0.980469 0.962891 0.972656 0.962891 0.966797 0.968750 0.966797 0.976562 0.968750 0.978516 0.968750 0.994141 0.970703 0.996094 0.970703 0.998047 0.998047 0.998047 0.998047 0.982422 0.994141 0.978516 0.996094 0.976562 0.998047 0.976562 0.998047 0.921875
0 0.580078 0.914062 0.576172 0.917969 0.576172 0.925781 0.585938 0.935547 0.593750 0.935547 0.597656 0.931641 0.597656 0.923828 0.587891 0.914062
0 0.556641 0.914062 0.552734 0.917969 0.552734 0.927734 0.554688 0.929688 0.554688 0.935547 0.558594 0.939453 0.566406 0.939453 0.570312 0.935547 0.570312 0.927734 0.568359 0.925781 0.568359 0.917969 0.564453 0.914062
0 0.871094 0.902344 0.865234 0.908203 0.865234 0.914062 0.863281 0.916016 0.863281 0.917969 0.861328 0.919922 0.861328 0.935547 0.867188 0.941406 0.869141 0.941406 0.871094 0.943359 0.882812 0.943359 0.886719 0.939453 0.886719 0.935547 0.888672 0.933594 0.888672 0.925781 0.886719 0.923828 0.886719 0.906250 0.882812 0.902344
0 0.753906 0.851562 0.750000 0.855469 0.750000 0.863281 0.753906 0.867188 0.751953 0.869141 0.750000 0.869141 0.746094 0.873047 0.746094 0.880859 0.750000 0.884766 0.746094 0.888672 0.746094 0.896484 0.750000 0.900391 0.757812 0.900391 0.761719 0.896484 0.761719 0.888672 0.759766 0.886719 0.765625 0.880859 0.765625 0.873047 0.761719 0.869141 0.761719 0.867188 0.765625 0.863281 0.767578 0.863281 0.769531 0.865234 0.769531 0.867188 0.773438 0.871094 0.773438 0.880859 0.775391 0.882812 0.775391 0.890625 0.773438 0.892578 0.771484 0.892578 0.767578 0.896484 0.767578 0.904297 0.771484 0.908203 0.779297 0.908203 0.785156 0.914062 0.792969 0.914062 0.794922 0.912109 0.802734 0.912109 0.806641 0.908203 0.806641 0.900391 0.802734 0.896484 0.794922 0.896484 0.792969 0.898438 0.789062 0.898438 0.787109 0.896484 0.792969 0.890625 0.800781 0.890625 0.804688 0.886719 0.804688 0.876953 0.802734 0.875000 0.802734 0.873047 0.804688 0.871094 0.804688 0.863281 0.800781 0.859375 0.792969 0.859375 0.789062 0.863281 0.789062 0.867188 0.787109 0.869141 0.785156 0.867188 0.785156 0.857422 0.779297 0.851562 0.771484 0.851562 0.767578 0.855469 0.765625 0.855469 0.761719 0.851562
0 0.609375 0.775391 0.605469 0.779297 0.605469 0.785156 0.601562 0.789062 0.601562 0.792969 0.599609 0.794922 0.597656 0.794922 0.593750 0.798828 0.593750 0.806641 0.597656 0.810547 0.603516 0.810547 0.605469 0.812500 0.601562 0.816406 0.601562 0.824219 0.605469 0.828125 0.613281 0.828125 0.619141 0.822266 0.621094 0.824219 0.621094 0.830078 0.625000 0.833984 0.625000 0.837891 0.628906 0.841797 0.640625 0.841797 0.654297 0.828125 0.654297 0.826172 0.656250 0.824219 0.656250 0.814453 0.654297 0.812500 0.654297 0.810547 0.656250 0.808594 0.656250 0.806641 0.658203 0.804688 0.658203 0.802734 0.660156 0.800781 0.660156 0.789062 0.656250 0.785156 0.648438 0.785156 0.646484 0.787109 0.642578 0.787109 0.640625 0.789062 0.636719 0.789062 0.632812 0.785156 0.632812 0.781250 0.626953 0.775391
0 0.943359 0.628906 0.937500 0.634766 0.937500 0.636719 0.935547 0.638672 0.935547 0.646484 0.933594 0.648438 0.933594 0.666016 0.939453 0.671875 0.951172 0.671875 0.953125 0.673828 0.953125 0.675781 0.957031 0.679688 0.980469 0.679688 0.982422 0.681641 0.990234 0.681641 0.992188 0.683594 0.998047 0.683594 0.998047 0.640625 0.996094 0.638672 0.988281 0.638672 0.984375 0.642578 0.982422 0.640625 0.982422 0.638672 0.978516 0.634766 0.968750 0.634766 0.966797 0.636719 0.964844 0.636719 0.962891 0.634766 0.957031 0.634766 0.951172 0.628906
0 0.978516 0.455078 0.974609 0.458984 0.974609 0.466797 0.978516 0.470703 0.978516 0.478516 0.982422 0.482422 0.990234 0.482422 0.994141 0.478516 0.994141 0.470703 0.990234 0.466797 0.990234 0.458984 0.986328 0.455078
0 0.886719 0.367188 0.882812 0.371094 0.882812 0.378906 0.886719 0.382812 0.894531 0.382812 0.898438 0.378906 0.898438 0.371094 0.894531 0.367188
0 0.951172 0.351562 0.947266 0.355469 0.947266 0.363281 0.951172 0.367188 0.958984 0.367188 0.962891 0.363281 0.962891 0.355469 0.958984 0.351562
0 0.931641 0.271484 0.927734 0.275391 0.925781 0.275391 0.923828 0.277344 0.921875 0.277344 0.919922 0.279297 0.917969 0.279297 0.914062 0.283203 0.914062 0.291016 0.917969 0.294922 0.927734 0.294922 0.929688 0.292969 0.933594 0.292969 0.939453 0.287109 0.941406 0.287109 0.945312 0.283203 0.945312 0.275391 0.941406 0.271484
0 0.976562 0.228516 0.972656 0.232422 0.972656 0.240234 0.978516 0.246094 0.976562 0.248047 0.976562 0.275391 0.980469 0.279297 0.980469 0.281250 0.982422 0.283203 0.982422 0.289062 0.986328 0.292969 0.994141 0.292969 0.998047 0.289062 0.998047 0.281250 0.996094 0.279297 0.998047 0.277344 0.998047 0.238281 0.988281 0.228516
0 0.957031 0.183594 0.953125 0.187500 0.953125 0.195312 0.957031 0.199219 0.964844 0.199219 0.968750 0.195312 0.968750 0.187500 0.964844 0.183594
0 0.826172 0.154297 0.820312 0.160156 0.812500 0.160156 0.808594 0.164062 0.808594 0.171875 0.812500 0.175781 0.814453 0.175781 0.816406 0.177734 0.816406 0.179688 0.818359 0.181641 0.816406 0.183594 0.816406 0.191406 0.820312 0.195312 0.824219 0.195312 0.830078 0.201172 0.832031 0.201172 0.833984 0.203125 0.845703 0.203125 0.849609 0.199219 0.859375 0.199219 0.865234 0.193359 0.865234 0.191406 0.867188 0.189453 0.867188 0.181641 0.863281 0.177734 0.853516 0.177734 0.849609 0.181641 0.847656 0.181641 0.845703 0.183594 0.841797 0.183594 0.839844 0.185547 0.837891 0.183594 0.833984 0.183594 0.832031 0.181641 0.837891 0.175781 0.837891 0.158203 0.833984 0.154297
0 0.923828 0.039062 0.919922 0.042969 0.919922 0.050781 0.923828 0.054688 0.931641 0.054688 0.935547 0.050781 0.935547 0.042969 0.931641 0.039062
0 0.000000 0.000000 0.000000 0.039062 0.001953 0.039062 0.003906 0.041016 0.011719 0.041016 0.013672 0.042969 0.013672 0.044922 0.011719 0.046875 0.009766 0.046875 0.007812 0.048828 0.007812 0.050781 0.005859 0.052734 0.005859 0.054688 0.003906 0.056641 0.003906 0.058594 0.001953 0.060547 0.001953 0.062500 0.000000 0.064453 0.000000 0.273438 0.005859 0.279297 0.005859 0.281250 0.003906 0.283203 0.003906 0.285156 0.001953 0.287109 0.001953 0.298828 0.003906 0.300781 0.003906 0.302734 0.005859 0.304688 0.005859 0.306641 0.007812 0.308594 0.009766 0.308594 0.011719 0.310547 0.011719 0.312500 0.013672 0.314453 0.013672 0.316406 0.015625 0.318359 0.015625 0.320312 0.019531 0.324219 0.021484 0.324219 0.023438 0.326172 0.025391 0.326172 0.027344 0.328125 0.029297 0.328125 0.031250 0.330078 0.031250 0.337891 0.033203 0.339844 0.033203 0.341797 0.035156 0.343750 0.035156 0.345703 0.037109 0.347656 0.039062 0.347656 0.042969 0.351562 0.037109 0.357422 0.037109 0.359375 0.035156 0.361328 0.029297 0.361328 0.023438 0.367188 0.021484 0.367188 0.019531 0.365234 0.019531 0.361328 0.013672 0.355469 0.013672 0.351562 0.007812 0.345703 0.000000 0.345703 0.000000 0.455078 0.001953 0.453125 0.003906 0.453125 0.007812 0.449219 0.021484 0.449219 0.023438 0.451172 0.023438 0.457031 0.021484 0.458984 0.021484 0.460938 0.019531 0.462891 0.019531 0.464844 0.013672 0.470703 0.001953 0.470703 0.000000 0.472656 0.000000 0.726562 0.001953 0.728516 0.001953 0.732422 0.000000 0.734375 0.000000 0.806641 0.001953 0.808594 0.005859 0.808594 0.007812 0.810547 0.011719 0.810547 0.013672 0.812500 0.015625 0.812500 0.017578 0.814453 0.019531 0.814453 0.021484 0.816406 0.039062 0.816406 0.041016 0.818359 0.041016 0.824219 0.042969 0.826172 0.042969 0.828125 0.044922 0.830078 0.044922 0.832031 0.048828 0.835938 0.050781 0.835938 0.052734 0.837891 0.054688 0.837891 0.056641 0.839844 0.058594 0.839844 0.060547 0.841797 0.083984 0.841797 0.085938 0.843750 0.123047 0.843750 0.125000 0.845703 0.125000 0.851562 0.126953 0.853516 0.126953 0.855469 0.128906 0.857422 0.128906 0.859375 0.130859 0.861328 0.132812 0.861328 0.134766 0.863281 0.136719 0.863281 0.138672 0.865234 0.144531 0.865234 0.146484 0.867188 0.154297 0.867188 0.156250 0.869141 0.156250 0.871094 0.154297 0.873047 0.152344 0.873047 0.150391 0.875000 0.144531 0.875000 0.142578 0.876953 0.136719 0.876953 0.134766 0.875000 0.132812 0.875000 0.130859 0.873047 0.128906 0.873047 0.126953 0.871094 0.115234 0.871094 0.113281 0.873047 0.111328 0.873047 0.109375 0.875000 0.107422 0.875000 0.105469 0.876953 0.105469 0.878906 0.103516 0.880859 0.103516 0.882812 0.101562 0.884766 0.101562 0.886719 0.099609 0.888672 0.099609 0.900391 0.101562 0.902344 0.101562 0.904297 0.103516 0.906250 0.103516 0.908203 0.109375 0.914062 0.111328 0.914062 0.113281 0.916016 0.115234 0.916016 0.117188 0.917969 0.128906 0.917969 0.130859 0.919922 0.132812 0.919922 0.134766 0.921875 0.140625 0.921875 0.142578 0.923828 0.148438 0.923828 0.150391 0.925781 0.156250 0.925781 0.158203 0.927734 0.154297 0.931641 0.152344 0.931641 0.150391 0.933594 0.148438 0.933594 0.146484 0.935547 0.142578 0.935547 0.140625 0.937500 0.136719 0.937500 0.134766 0.939453 0.132812 0.939453 0.130859 0.941406 0.126953 0.941406 0.125000 0.943359 0.105469 0.943359 0.103516 0.941406 0.066406 0.941406 0.064453 0.943359 0.058594 0.937500 0.056641 0.937500 0.054688 0.935547 0.052734 0.935547 0.050781 0.933594 0.048828 0.933594 0.046875 0.931641 0.042969 0.931641 0.041016 0.929688 0.039062 0.929688 0.037109 0.927734 0.035156 0.927734 0.033203 0.925781 0.031250 0.925781 0.029297 0.923828 0.027344 0.923828 0.025391 0.921875 0.023438 0.921875 0.021484 0.919922 0.019531 0.919922 0.017578 0.917969 0.015625 0.917969 0.013672 0.916016 0.000000 0.916016 0.000000 0.996094 0.003906 0.996094 0.005859 0.998047 0.097656 0.998047 0.097656 0.996094 0.099609 0.994141 0.099609 0.984375 0.101562 0.982422 0.136719 0.982422 0.138672 0.980469 0.140625 0.980469 0.142578 0.978516 0.146484 0.978516 0.148438 0.976562 0.152344 0.976562 0.154297 0.974609 0.160156 0.974609 0.162109 0.972656 0.166016 0.972656 0.167969 0.970703 0.169922 0.970703 0.171875 0.968750 0.173828 0.968750 0.177734 0.964844 0.179688 0.964844 0.181641 0.962891 0.183594 0.962891 0.187500 0.958984 0.189453 0.958984 0.193359 0.955078 0.195312 0.955078 0.201172 0.949219 0.203125 0.949219 0.207031 0.945312 0.208984 0.945312 0.210938 0.943359 0.212891 0.943359 0.214844 0.941406 0.216797 0.941406 0.218750 0.939453 0.220703 0.939453 0.222656 0.937500 0.224609 0.937500 0.226562 0.935547 0.228516 0.935547 0.230469 0.933594 0.232422 0.933594 0.234375 0.931641 0.236328 0.931641 0.238281 0.929688 0.242188 0.929688 0.244141 0.927734 0.246094 0.927734 0.248047 0.925781 0.250000 0.925781 0.253906 0.921875 0.255859 0.921875 0.257812 0.919922 0.259766 0.919922 0.263672 0.916016 0.265625 0.916016 0.269531 0.912109 0.271484 0.912109 0.273438 0.910156 0.275391 0.910156 0.277344 0.908203 0.279297 0.908203 0.281250 0.906250 0.283203 0.906250 0.285156 0.904297 0.287109 0.904297 0.289062 0.902344 0.291016 0.902344 0.292969 0.900391 0.294922 0.900391 0.296875 0.898438 0.300781 0.898438 0.302734 0.896484 0.304688 0.896484 0.306641 0.894531 0.308594 0.894531 0.312500 0.890625 0.314453 0.890625 0.316406 0.888672 0.318359 0.888672 0.322266 0.884766 0.324219 0.884766 0.328125 0.880859 0.330078 0.880859 0.332031 0.878906 0.333984 0.878906 0.337891 0.875000 0.339844 0.875000 0.343750 0.871094 0.345703 0.871094 0.349609 0.867188 0.351562 0.867188 0.359375 0.859375 0.361328 0.859375 0.363281 0.857422 0.365234 0.857422 0.367188 0.855469 0.369141 0.855469 0.371094 0.853516 0.375000 0.853516 0.376953 0.851562 0.378906 0.851562 0.380859 0.849609 0.382812 0.849609 0.384766 0.847656 0.386719 0.847656 0.388672 0.845703 0.390625 0.845703 0.392578 0.843750 0.394531 0.843750 0.398438 0.839844 0.400391 0.839844 0.402344 0.837891 0.404297 0.837891 0.408203 0.833984 0.410156 0.833984 0.414062 0.830078 0.416016 0.830078 0.419922 0.826172 0.421875 0.826172 0.431641 0.816406 0.431641 0.814453 0.433594 0.812500 0.435547 0.812500 0.437500 0.810547 0.439453 0.810547 0.441406 0.808594 0.445312 0.808594 0.447266 0.810547 0.449219 0.810547 0.451172 0.812500 0.462891 0.812500 0.464844 0.810547 0.468750 0.810547 0.470703 0.808594 0.472656 0.808594 0.474609 0.806641 0.476562 0.806641 0.480469 0.802734 0.482422 0.802734 0.484375 0.800781 0.486328 0.800781 0.488281 0.798828 0.492188 0.798828 0.494141 0.796875 0.496094 0.796875 0.498047 0.794922 0.500000 0.794922 0.503906 0.791016 0.505859 0.791016 0.507812 0.789062 0.509766 0.789062 0.511719 0.787109 0.515625 0.787109 0.517578 0.785156 0.519531 0.785156 0.521484 0.783203 0.525391 0.783203 0.527344 0.781250 0.529297 0.781250 0.531250 0.779297 0.533203 0.779297 0.535156 0.777344 0.537109 0.777344 0.539062 0.775391 0.541016 0.775391 0.548828 0.767578 0.552734 0.767578 0.554688 0.765625 0.556641 0.765625 0.558594 0.763672 0.562500 0.763672 0.564453 0.761719 0.568359 0.761719 0.570312 0.759766 0.572266 0.759766 0.574219 0.757812 0.576172 0.757812 0.578125 0.755859 0.580078 0.755859 0.582031 0.753906 0.583984 0.753906 0.585938 0.751953 0.587891 0.751953 0.595703 0.744141 0.597656 0.744141 0.599609 0.742188 0.605469 0.742188 0.607422 0.740234 0.613281 0.740234 0.615234 0.738281 0.621094 0.738281 0.623047 0.736328 0.625000 0.736328 0.626953 0.734375 0.632812 0.734375 0.634766 0.732422 0.638672 0.732422 0.640625 0.734375 0.642578 0.734375 0.644531 0.736328 0.646484 0.736328 0.648438 0.738281 0.667969 0.738281 0.669922 0.740234 0.681641 0.740234 0.683594 0.738281 0.685547 0.738281 0.687500 0.736328 0.689453 0.736328 0.691406 0.734375 0.691406 0.732422 0.693359 0.730469 0.718750 0.730469 0.720703 0.728516 0.726562 0.728516 0.728516 0.726562 0.734375 0.726562 0.736328 0.724609 0.738281 0.724609 0.740234 0.722656 0.742188 0.722656 0.744141 0.720703 0.746094 0.720703 0.748047 0.718750 0.750000 0.718750 0.753906 0.714844 0.755859 0.714844 0.757812 0.712891 0.763672 0.712891 0.765625 0.710938 0.777344 0.710938 0.779297 0.712891 0.792969 0.712891 0.794922 0.714844 0.806641 0.714844 0.808594 0.716797 0.812500 0.716797 0.814453 0.718750 0.822266 0.718750 0.824219 0.720703 0.822266 0.722656 0.820312 0.722656 0.818359 0.724609 0.816406 0.724609 0.814453 0.726562 0.814453 0.728516 0.812500 0.730469 0.812500 0.732422 0.810547 0.734375 0.810547 0.746094 0.812500 0.748047 0.812500 0.750000 0.814453 0.751953 0.814453 0.753906 0.816406 0.755859 0.818359 0.755859 0.820312 0.757812 0.822266 0.757812 0.824219 0.759766 0.828125 0.759766 0.830078 0.761719 0.839844 0.761719 0.841797 0.763672 0.839844 0.765625 0.839844 0.779297 0.841797 0.781250 0.839844 0.783203 0.830078 0.783203 0.826172 0.787109 0.816406 0.787109 0.810547 0.792969 0.810547 0.794922 0.808594 0.796875 0.808594 0.798828 0.806641 0.800781 0.806641 0.802734 0.804688 0.804688 0.804688 0.806641 0.802734 0.808594 0.802734 0.822266 0.806641 0.826172 0.818359 0.826172 0.822266 0.822266 0.824219 0.822266 0.826172 0.820312 0.841797 0.820312 0.845703 0.824219 0.839844 0.830078 0.839844 0.837891 0.837891 0.839844 0.837891 0.853516 0.839844 0.855469 0.839844 0.865234 0.843750 0.869141 0.867188 0.869141 0.873047 0.863281 0.873047 0.847656 0.896484 0.824219 0.896484 0.822266 0.902344 0.816406 0.902344 0.814453 0.906250 0.810547 0.906250 0.798828 0.902344 0.794922 0.902344 0.792969 0.900391 0.791016 0.900391 0.789062 0.898438 0.787109 0.900391 0.785156 0.902344 0.785156 0.904297 0.787109 0.906250 0.787109 0.908203 0.789062 0.910156 0.789062 0.912109 0.791016 0.914062 0.791016 0.916016 0.792969 0.917969 0.792969 0.919922 0.794922 0.921875 0.794922 0.923828 0.796875 0.925781 0.796875 0.927734 0.798828 0.929688 0.798828 0.933594 0.802734 0.935547 0.802734 0.937500 0.804688 0.939453 0.804688 0.943359 0.808594 0.945312 0.808594 0.955078 0.818359 0.957031 0.818359 0.958984 0.820312 0.960938 0.820312 0.962891 0.822266 0.964844 0.822266 0.968750 0.826172 0.968750 0.828125 0.970703 0.830078 0.972656 0.830078 0.974609 0.832031 0.976562 0.832031 0.978516 0.833984 0.980469 0.833984 0.982422 0.835938 0.998047 0.835938 0.998047 0.695312 0.982422 0.695312 0.980469 0.697266 0.978516 0.697266 0.976562 0.699219 0.974609 0.699219 0.970703 0.703125 0.968750 0.701172 0.968750 0.699219 0.966797 0.697266 0.964844 0.697266 0.962891 0.695312 0.960938 0.695312 0.958984 0.693359 0.949219 0.693359 0.945312 0.689453 0.945312 0.687500 0.943359 0.685547 0.943359 0.683594 0.941406 0.681641 0.939453 0.681641 0.937500 0.679688 0.935547 0.679688 0.933594 0.677734 0.921875 0.677734 0.919922 0.679688 0.917969 0.679688 0.916016 0.681641 0.914062 0.681641 0.912109 0.683594 0.912109 0.685547 0.908203 0.689453 0.900391 0.689453 0.898438 0.691406 0.896484 0.691406 0.894531 0.693359 0.892578 0.693359 0.890625 0.695312 0.886719 0.695312 0.884766 0.693359 0.882812 0.693359 0.880859 0.691406 0.880859 0.687500 0.882812 0.685547 0.882812 0.683594 0.884766 0.681641 0.884766 0.662109 0.882812 0.660156 0.882812 0.658203 0.880859 0.656250 0.880859 0.654297 0.878906 0.652344 0.880859 0.650391 0.886719 0.650391 0.890625 0.654297 0.890625 0.660156 0.894531 0.664062 0.902344 0.664062 0.906250 0.660156 0.910156 0.660156 0.914062 0.656250 0.914062 0.648438 0.910156 0.644531 0.910156 0.642578 0.912109 0.640625 0.912109 0.632812 0.908203 0.628906 0.904297 0.628906 0.902344 0.626953 0.902344 0.623047 0.896484 0.617188 0.892578 0.617188 0.890625 0.615234 0.890625 0.605469 0.886719 0.601562 0.875000 0.601562 0.871094 0.597656 0.863281 0.597656 0.859375 0.601562 0.859375 0.621094 0.857422 0.623047 0.855469 0.621094 0.855469 0.617188 0.853516 0.615234 0.853516 0.613281 0.851562 0.611328 0.853516 0.609375 0.853516 0.607422 0.855469 0.605469 0.855469 0.587891 0.853516 0.585938 0.853516 0.583984 0.851562 0.582031 0.851562 0.580078 0.849609 0.578125 0.847656 0.578125 0.845703 0.576172 0.843750 0.576172 0.841797 0.574219 0.830078 0.574219 0.828125 0.572266 0.828125 0.554688 0.826172 0.552734 0.826172 0.537109 0.824219 0.535156 0.824219 0.533203 0.822266 0.531250 0.822266 0.523438 0.820312 0.521484 0.820312 0.519531 0.818359 0.517578 0.818359 0.515625 0.814453 0.511719 0.812500 0.511719 0.810547 0.509766 0.808594 0.509766 0.806641 0.507812 0.791016 0.507812 0.789062 0.509766 0.787109 0.509766 0.785156 0.511719 0.783203 0.511719 0.781250 0.509766 0.794922 0.496094 0.794922 0.494141 0.798828 0.490234 0.798828 0.488281 0.800781 0.486328 0.804688 0.490234 0.804688 0.500000 0.808594 0.503906 0.816406 0.503906 0.820312 0.500000 0.820312 0.496094 0.826172 0.490234 0.826172 0.488281 0.830078 0.484375 0.830078 0.482422 0.832031 0.480469 0.832031 0.476562 0.837891 0.470703 0.837891 0.460938 0.839844 0.458984 0.839844 0.449219 0.837891 0.447266 0.837891 0.427734 0.833984 0.423828 0.826172 0.423828 0.824219 0.425781 0.820312 0.421875 0.820312 0.414062 0.816406 0.410156 0.808594 0.410156 0.806641 0.408203 0.806641 0.398438 0.804688 0.396484 0.804688 0.378906 0.802734 0.376953 0.802734 0.371094 0.800781 0.369141 0.802734 0.367188 0.808594 0.367188 0.812500 0.363281 0.812500 0.349609 0.816406 0.345703 0.820312 0.345703 0.826172 0.339844 0.826172 0.335938 0.828125 0.333984 0.828125 0.322266 0.824219 0.318359 0.818359 0.318359 0.816406 0.316406 0.816406 0.312500 0.818359 0.310547 0.818359 0.306641 0.820312 0.304688 0.826172 0.304688 0.830078 0.300781 0.830078 0.269531 0.826172 0.265625 0.818359 0.265625 0.816406 0.267578 0.814453 0.267578 0.812500 0.265625 0.812500 0.251953 0.814453 0.250000 0.816406 0.250000 0.826172 0.259766 0.833984 0.259766 0.837891 0.255859 0.837891 0.253906 0.839844 0.251953 0.839844 0.246094 0.841797 0.244141 0.851562 0.244141 0.855469 0.240234 0.855469 0.232422 0.849609 0.226562 0.849609 0.224609 0.839844 0.214844 0.832031 0.214844 0.830078 0.216797 0.828125 0.214844 0.828125 0.208984 0.824219 0.205078 0.816406 0.205078 0.812500 0.208984 0.810547 0.208984 0.806641 0.205078 0.798828 0.205078 0.796875 0.207031 0.794922 0.207031 0.792969 0.205078 0.789062 0.205078 0.787109 0.203125 0.789062 0.201172 0.798828 0.201172 0.802734 0.197266 0.802734 0.171875 0.800781 0.169922 0.800781 0.166016 0.798828 0.164062 0.798828 0.162109 0.796875 0.160156 0.796875 0.150391 0.794922 0.148438 0.794922 0.146484 0.792969 0.144531 0.792969 0.142578 0.794922 0.140625 0.796875 0.142578 0.818359 0.142578 0.822266 0.138672 0.822266 0.125000 0.818359 0.121094 0.816406 0.121094 0.814453 0.119141 0.818359 0.115234 0.818359 0.101562 0.820312 0.099609 0.833984 0.099609 0.835938 0.097656 0.839844 0.097656 0.843750 0.093750 0.843750 0.085938 0.841797 0.083984 0.841797 0.082031 0.843750 0.080078 0.851562 0.080078 0.855469 0.076172 0.855469 0.068359 0.851562 0.064453 0.837891 0.064453 0.833984 0.068359 0.833984 0.076172 0.832031 0.078125 0.828125 0.078125 0.826172 0.080078 0.824219 0.080078 0.820312 0.076172 0.822266 0.074219 0.824219 0.074219 0.828125 0.070312 0.828125 0.062500 0.824219 0.058594 0.822266 0.058594 0.820312 0.056641 0.818359 0.056641 0.816406 0.054688 0.808594 0.054688 0.806641 0.052734 0.808594 0.050781 0.818359 0.050781 0.822266 0.046875 0.822266 0.042969 0.824219 0.041016 0.826172 0.041016 0.830078 0.037109 0.830078 0.029297 0.826172 0.025391 0.822266 0.025391 0.818359 0.021484 0.812500 0.021484 0.810547 0.019531 0.810547 0.015625 0.812500 0.013672 0.814453 0.013672 0.816406 0.011719 0.824219 0.011719 0.826172 0.009766 0.828125 0.009766 0.830078 0.011719 0.832031 0.011719 0.835938 0.015625 0.845703 0.015625 0.847656 0.013672 0.849609 0.015625 0.849609 0.017578 0.845703 0.021484 0.845703 0.023438 0.843750 0.025391 0.843750 0.029297 0.833984 0.039062 0.833984 0.048828 0.837891 0.052734 0.843750 0.052734 0.847656 0.056641 0.859375 0.056641 0.863281 0.052734 0.863281 0.044922 0.865234 0.042969 0.867188 0.044922 0.867188 0.052734 0.871094 0.056641 0.878906 0.056641 0.882812 0.052734 0.882812 0.044922 0.876953 0.039062 0.878906 0.037109 0.880859 0.037109 0.886719 0.031250 0.888672 0.031250 0.890625 0.029297 0.892578 0.029297 0.894531 0.031250 0.886719 0.039062 0.886719 0.046875 0.890625 0.050781 0.898438 0.050781 0.900391 0.048828 0.904297 0.048828 0.908203 0.044922 0.908203 0.037109 0.906250 0.035156 0.912109 0.029297 0.912109 0.019531 0.916016 0.015625 0.916016 0.003906 0.912109 0.000000 0.863281 0.000000 0.863281 0.007812 0.867188 0.011719 0.869141 0.011719 0.871094 0.013672 0.875000 0.013672 0.876953 0.015625 0.876953 0.017578 0.873047 0.021484 0.871094 0.021484 0.867188 0.025391 0.865234 0.023438 0.865234 0.015625 0.861328 0.011719 0.853516 0.011719 0.851562 0.013672 0.849609 0.011719 0.849609 0.009766 0.853516 0.005859 0.853516 0.000000 0.730469 0.000000 0.730469 0.003906 0.728516 0.005859 0.722656 0.000000 0.357422 0.000000 0.355469 0.001953 0.349609 0.001953 0.347656 0.003906 0.343750 0.003906 0.341797 0.001953 0.339844 0.001953 0.337891 0.000000 0.257812 0.000000 0.257812 0.011719 0.259766 0.013672 0.259766 0.015625 0.261719 0.017578 0.261719 0.019531 0.263672 0.021484 0.261719 0.023438 0.250000 0.023438 0.248047 0.021484 0.248047 0.005859 0.246094 0.003906 0.246094 0.001953 0.244141 0.000000 0.115234 0.000000 0.113281 0.001953 0.113281 0.003906 0.111328 0.005859 0.111328 0.015625 0.105469 0.021484 0.105469 0.023438 0.101562 0.027344 0.099609 0.027344 0.097656 0.029297 0.095703 0.029297 0.093750 0.031250 0.072266 0.031250 0.070312 0.033203 0.060547 0.033203 0.058594 0.035156 0.056641 0.033203 0.056641 0.031250 0.050781 0.025391 0.050781 0.023438 0.052734 0.021484 0.052734 0.019531 0.054688 0.017578 0.060547 0.017578 0.062500 0.019531 0.064453 0.019531 0.066406 0.021484 0.068359 0.021484 0.070312 0.023438 0.082031 0.023438 0.083984 0.021484 0.085938 0.021484 0.087891 0.019531 0.089844 0.019531 0.091797 0.017578 0.091797 0.015625 0.097656 0.009766 0.099609 0.009766 0.101562 0.007812 0.101562 0.005859 0.103516 0.003906 0.103516 0.001953 0.105469 0.000000