0 0.644531 0.984375 0.640625 0.988281 0.640625 0.992188 0.634766 0.998047 0.656250 0.998047 0.658203 0.996094 0.658203 0.988281 0.654297 0.984375
0 0.166016 0.982422 0.162109 0.986328 0.162109 0.994141 0.166016 0.998047 0.173828 0.998047 0.177734 0.994141 0.177734 0.986328 0.173828 0.982422
0 0.003906 0.660156 0.000000 0.664062 0.000000 0.677734 0.003906 0.681641 0.011719 0.681641 0.013672 0.679688 0.025391 0.679688 0.029297 0.675781 0.029297 0.667969 0.025391 0.664062 0.015625 0.664062 0.011719 0.660156
0 0.005859 0.625000 0.001953 0.628906 0.001953 0.630859 0.000000 0.632812 0.000000 0.654297 0.007812 0.654297 0.011719 0.650391 0.011719 0.648438 0.013672 0.646484 0.015625 0.648438 0.023438 0.648438 0.027344 0.644531 0.027344 0.634766 0.025391 0.632812 0.025391 0.630859 0.019531 0.625000
0 0.054688 0.613281 0.050781 0.617188 0.050781 0.625000 0.054688 0.628906 0.087891 0.628906 0.091797 0.625000 0.091797 0.617188 0.087891 0.613281
0 0.000000 0.496094 0.000000 0.513672 0.005859 0.513672 0.007812 0.515625 0.007812 0.521484 0.005859 0.523438 0.003906 0.523438 0.000000 0.527344 0.000000 0.535156 0.001953 0.537109 0.001953 0.539062 0.007812 0.544922 0.007812 0.546875 0.011719 0.550781 0.011719 0.552734 0.015625 0.556641 0.023438 0.556641 0.027344 0.552734 0.027344 0.542969 0.033203 0.537109 0.033203 0.529297 0.029297 0.525391 0.025391 0.525391 0.023438 0.523438 0.023438 0.515625 0.019531 0.511719 0.015625 0.511719 0.013672 0.509766 0.015625 0.507812 0.015625 0.500000 0.011719 0.496094
0 0.042969 0.445312 0.039062 0.449219 0.039062 0.457031 0.037109 0.458984 0.035156 0.458984 0.031250 0.462891 0.031250 0.464844 0.027344 0.468750 0.000000 0.468750 0.000000 0.484375 0.033203 0.484375 0.039062 0.490234 0.046875 0.490234 0.052734 0.484375 0.052734 0.478516 0.056641 0.474609 0.060547 0.474609 0.062500 0.472656 0.066406 0.472656 0.070312 0.468750 0.070312 0.460938 0.066406 0.457031 0.056641 0.457031 0.054688 0.455078 0.054688 0.449219 0.050781 0.445312
0 0.039062 0.400391 0.035156 0.404297 0.035156 0.412109 0.039062 0.416016 0.039062 0.417969 0.041016 0.419922 0.041016 0.427734 0.044922 0.431641 0.052734 0.431641 0.056641 0.427734 0.056641 0.412109 0.052734 0.408203 0.052734 0.406250 0.046875 0.400391
0 0.076172 0.246094 0.072266 0.250000 0.072266 0.255859 0.070312 0.257812 0.058594 0.257812 0.054688 0.261719 0.054688 0.267578 0.052734 0.269531 0.048828 0.265625 0.046875 0.265625 0.044922 0.263672 0.037109 0.263672 0.035156 0.261719 0.019531 0.261719 0.017578 0.263672 0.009766 0.263672 0.005859 0.267578 0.005859 0.281250 0.011719 0.287109 0.023438 0.287109 0.025391 0.289062 0.025391 0.298828 0.027344 0.300781 0.027344 0.306641 0.031250 0.310547 0.033203 0.310547 0.037109 0.314453 0.041016 0.314453 0.046875 0.320312 0.056641 0.320312 0.060547 0.316406 0.060547 0.308594 0.054688 0.302734 0.052734 0.302734 0.048828 0.298828 0.044922 0.298828 0.042969 0.296875 0.042969 0.292969 0.041016 0.291016 0.042969 0.289062 0.042969 0.285156 0.046875 0.281250 0.048828 0.281250 0.052734 0.277344 0.052734 0.271484 0.054688 0.269531 0.058594 0.273438 0.060547 0.273438 0.062500 0.275391 0.072266 0.275391 0.076172 0.271484 0.076172 0.263672 0.078125 0.261719 0.080078 0.261719 0.082031 0.263672 0.095703 0.263672 0.097656 0.261719 0.103516 0.261719 0.107422 0.257812 0.107422 0.250000 0.103516 0.246094
0 0.039062 0.185547 0.031250 0.193359 0.021484 0.193359 0.017578 0.197266 0.017578 0.199219 0.015625 0.201172 0.015625 0.222656 0.021484 0.228516 0.029297 0.228516 0.031250 0.230469 0.046875 0.230469 0.050781 0.226562 0.052734 0.226562 0.054688 0.224609 0.058594 0.224609 0.068359 0.214844 0.068359 0.197266 0.064453 0.193359 0.062500 0.193359 0.060547 0.191406 0.056641 0.191406 0.050781 0.185547
0 0.068359 0.128906 0.064453 0.132812 0.064453 0.140625 0.068359 0.144531 0.076172 0.144531 0.078125 0.146484 0.068359 0.156250 0.068359 0.166016 0.072266 0.169922 0.101562 0.169922 0.105469 0.166016 0.105469 0.148438 0.103516 0.146484 0.105469 0.144531 0.105469 0.136719 0.101562 0.132812 0.099609 0.132812 0.095703 0.128906 0.087891 0.128906 0.083984 0.132812 0.083984 0.142578 0.080078 0.146484 0.078125 0.146484 0.076172 0.144531 0.080078 0.140625 0.080078 0.132812 0.076172 0.128906
0 0.035156 0.113281 0.031250 0.117188 0.031250 0.125000 0.035156 0.128906 0.042969 0.128906 0.046875 0.125000 0.046875 0.117188 0.042969 0.113281
0 0.064453 0.109375 0.060547 0.113281 0.060547 0.121094 0.064453 0.125000 0.072266 0.125000 0.076172 0.121094 0.076172 0.113281 0.072266 0.109375
0 0.095703 0.089844 0.091797 0.093750 0.091797 0.115234 0.093750 0.117188 0.093750 0.119141 0.099609 0.125000 0.109375 0.125000 0.113281 0.121094 0.113281 0.119141 0.115234 0.117188 0.119141 0.117188 0.123047 0.113281 0.123047 0.097656 0.117188 0.091797 0.115234 0.091797 0.113281 0.089844
0 0.058594 0.000000 0.058594 0.019531 0.066406 0.027344 0.070312 0.027344 0.072266 0.029297 0.076172 0.029297 0.083984 0.037109 0.083984 0.042969 0.087891 0.046875 0.089844 0.046875 0.095703 0.052734 0.103516 0.052734 0.107422 0.048828 0.109375 0.048828 0.111328 0.050781 0.128906 0.050781 0.132812 0.046875 0.132812 0.044922 0.134766 0.042969 0.142578 0.042969 0.146484 0.039062 0.152344 0.039062 0.154297 0.041016 0.162109 0.041016 0.164062 0.039062 0.166016 0.041016 0.166016 0.044922 0.164062 0.046875 0.156250 0.046875 0.142578 0.060547 0.140625 0.060547 0.138672 0.062500 0.136719 0.062500 0.132812 0.066406 0.132812 0.078125 0.136719 0.082031 0.136719 0.085938 0.138672 0.087891 0.138672 0.089844 0.140625 0.091797 0.140625 0.095703 0.142578 0.097656 0.142578 0.101562 0.138672 0.105469 0.138672 0.115234 0.142578 0.119141 0.142578 0.121094 0.134766 0.128906 0.132812 0.128906 0.123047 0.138672 0.123047 0.140625 0.121094 0.142578 0.121094 0.144531 0.117188 0.148438 0.117188 0.185547 0.125000 0.193359 0.126953 0.193359 0.128906 0.195312 0.144531 0.195312 0.146484 0.193359 0.148438 0.195312 0.148438 0.199219 0.152344 0.203125 0.167969 0.203125 0.169922 0.201172 0.179688 0.201172 0.181641 0.203125 0.175781 0.208984 0.146484 0.208984 0.138672 0.201172 0.130859 0.201172 0.128906 0.199219 0.115234 0.199219 0.109375 0.193359 0.089844 0.193359 0.085938 0.197266 0.085938 0.199219 0.083984 0.201172 0.080078 0.201172 0.074219 0.207031 0.074219 0.220703 0.078125 0.224609 0.095703 0.224609 0.097656 0.222656 0.099609 0.222656 0.101562 0.220703 0.103516 0.220703 0.105469 0.218750 0.113281 0.218750 0.115234 0.216797 0.117188 0.216797 0.119141 0.214844 0.125000 0.214844 0.126953 0.216797 0.128906 0.216797 0.130859 0.218750 0.130859 0.222656 0.136719 0.228516 0.148438 0.228516 0.150391 0.230469 0.162109 0.230469 0.164062 0.232422 0.167969 0.232422 0.171875 0.236328 0.171875 0.251953 0.166016 0.257812 0.166016 0.269531 0.169922 0.273438 0.181641 0.273438 0.183594 0.275391 0.177734 0.281250 0.175781 0.281250 0.173828 0.283203 0.171875 0.281250 0.166016 0.281250 0.162109 0.277344 0.154297 0.277344 0.150391 0.281250 0.150391 0.292969 0.154297 0.296875 0.160156 0.296875 0.162109 0.298828 0.160156 0.300781 0.152344 0.300781 0.144531 0.308594 0.140625 0.308594 0.138672 0.310547 0.136719 0.310547 0.132812 0.314453 0.130859 0.314453 0.128906 0.316406 0.126953 0.316406 0.123047 0.320312 0.123047 0.328125 0.126953 0.332031 0.134766 0.332031 0.136719 0.330078 0.142578 0.330078 0.146484 0.326172 0.148438 0.326172 0.150391 0.324219 0.152344 0.324219 0.160156 0.316406 0.169922 0.316406 0.171875 0.314453 0.173828 0.314453 0.175781 0.312500 0.177734 0.312500 0.179688 0.310547 0.181641 0.310547 0.191406 0.300781 0.193359 0.300781 0.197266 0.296875 0.197266 0.294922 0.201172 0.291016 0.201172 0.289062 0.203125 0.287109 0.203125 0.285156 0.207031 0.281250 0.207031 0.273438 0.210938 0.269531 0.210938 0.265625 0.214844 0.261719 0.214844 0.257812 0.218750 0.253906 0.218750 0.251953 0.220703 0.250000 0.220703 0.248047 0.230469 0.238281 0.230469 0.236328 0.234375 0.232422 0.234375 0.230469 0.236328 0.228516 0.236328 0.222656 0.240234 0.218750 0.240234 0.214844 0.242188 0.212891 0.242188 0.210938 0.248047 0.205078 0.250000 0.205078 0.253906 0.208984 0.277344 0.208984 0.283203 0.203125 0.283203 0.193359 0.279297 0.189453 0.279297 0.177734 0.275391 0.173828 0.273438 0.173828 0.271484 0.171875 0.263672 0.171875 0.259766 0.175781 0.259766 0.181641 0.257812 0.183594 0.255859 0.183594 0.250000 0.177734 0.240234 0.177734 0.234375 0.183594 0.224609 0.183594 0.220703 0.179688 0.216797 0.179688 0.214844 0.177734 0.218750 0.173828 0.218750 0.171875 0.220703 0.169922 0.220703 0.160156 0.222656 0.158203 0.226562 0.158203 0.230469 0.162109 0.232422 0.162109 0.234375 0.164062 0.251953 0.164062 0.255859 0.160156 0.255859 0.152344 0.250000 0.146484 0.246094 0.146484 0.244141 0.144531 0.244141 0.142578 0.242188 0.140625 0.242188 0.138672 0.244141 0.136719 0.246094 0.138672 0.250000 0.138672 0.251953 0.140625 0.265625 0.140625 0.267578 0.142578 0.267578 0.146484 0.271484 0.150391 0.271484 0.152344 0.275391 0.156250 0.277344 0.156250 0.281250 0.160156 0.285156 0.160156 0.287109 0.162109 0.300781 0.162109 0.302734 0.164062 0.304688 0.164062 0.306641 0.166016 0.310547 0.166016 0.312500 0.167969 0.320312 0.167969 0.322266 0.169922 0.322266 0.171875 0.324219 0.173828 0.324219 0.179688 0.320312 0.183594 0.320312 0.185547 0.318359 0.187500 0.318359 0.189453 0.312500 0.195312 0.306641 0.195312 0.304688 0.197266 0.300781 0.197266 0.296875 0.201172 0.294922 0.201172 0.291016 0.205078 0.291016 0.207031 0.287109 0.210938 0.287109 0.212891 0.285156 0.214844 0.283203 0.214844 0.279297 0.218750 0.279297 0.220703 0.275391 0.224609 0.275391 0.226562 0.273438 0.228516 0.273438 0.230469 0.269531 0.234375 0.269531 0.238281 0.251953 0.255859 0.251953 0.257812 0.248047 0.261719 0.248047 0.263672 0.246094 0.265625 0.246094 0.267578 0.244141 0.269531 0.244141 0.271484 0.240234 0.275391 0.238281 0.275391 0.232422 0.281250 0.232422 0.283203 0.228516 0.287109 0.228516 0.291016 0.226562 0.292969 0.226562 0.314453 0.228516 0.316406 0.228516 0.320312 0.232422 0.324219 0.232422 0.326172 0.234375 0.328125 0.234375 0.333984 0.236328 0.335938 0.236328 0.339844 0.240234 0.343750 0.240234 0.345703 0.244141 0.349609 0.246094 0.349609 0.250000 0.353516 0.253906 0.353516 0.255859 0.355469 0.271484 0.355469 0.273438 0.353516 0.277344 0.353516 0.279297 0.351562 0.281250 0.353516 0.281250 0.357422 0.285156 0.361328 0.285156 0.363281 0.289062 0.367188 0.291016 0.367188 0.294922 0.371094 0.298828 0.371094 0.300781 0.373047 0.316406 0.373047 0.318359 0.371094 0.320312 0.371094 0.322266 0.373047 0.326172 0.373047 0.328125 0.375000 0.363281 0.375000 0.365234 0.376953 0.363281 0.378906 0.361328 0.378906 0.357422 0.382812 0.355469 0.382812 0.347656 0.390625 0.345703 0.390625 0.343750 0.392578 0.339844 0.392578 0.337891 0.394531 0.333984 0.394531 0.330078 0.398438 0.322266 0.398438 0.320312 0.400391 0.316406 0.400391 0.312500 0.404297 0.310547 0.404297 0.306641 0.408203 0.304688 0.408203 0.300781 0.412109 0.298828 0.412109 0.296875 0.414062 0.294922 0.414062 0.292969 0.416016 0.289062 0.416016 0.287109 0.417969 0.275391 0.417969 0.273438 0.419922 0.269531 0.419922 0.267578 0.421875 0.255859 0.421875 0.253906 0.423828 0.238281 0.423828 0.236328 0.425781 0.232422 0.425781 0.228516 0.429688 0.226562 0.429688 0.222656 0.433594 0.222656 0.435547 0.218750 0.439453 0.218750 0.441406 0.214844 0.445312 0.212891 0.443359 0.208984 0.443359 0.207031 0.441406 0.197266 0.441406 0.195312 0.439453 0.193359 0.439453 0.189453 0.435547 0.189453 0.433594 0.187500 0.431641 0.187500 0.429688 0.183594 0.425781 0.181641 0.425781 0.179688 0.423828 0.167969 0.423828 0.164062 0.427734 0.160156 0.423828 0.160156 0.421875 0.162109 0.419922 0.166016 0.419922 0.167969 0.417969 0.169922 0.417969 0.173828 0.414062 0.173828 0.404297 0.177734 0.400391 0.177734 0.396484 0.179688 0.394531 0.179688 0.384766 0.177734 0.382812 0.177734 0.378906 0.171875 0.373047 0.167969 0.373047 0.162109 0.367188 0.160156 0.367188 0.158203 0.365234 0.156250 0.365234 0.154297 0.363281 0.150391 0.363281 0.144531 0.357422 0.144531 0.355469 0.136719 0.347656 0.126953 0.347656 0.123047 0.351562 0.121094 0.351562 0.117188 0.355469 0.117188 0.357422 0.111328 0.363281 0.111328 0.365234 0.107422 0.369141 0.107422 0.371094 0.103516 0.375000 0.103516 0.382812 0.099609 0.386719 0.099609 0.390625 0.097656 0.392578 0.097656 0.404297 0.099609 0.406250 0.099609 0.408203 0.103516 0.412109 0.103516 0.416016 0.107422 0.419922 0.109375 0.419922 0.113281 0.423828 0.115234 0.423828 0.117188 0.425781 0.123047 0.425781 0.125000 0.427734 0.125000 0.429688 0.123047 0.431641 0.123047 0.433594 0.121094 0.435547 0.121094 0.437500 0.119141 0.439453 0.119141 0.441406 0.111328 0.449219 0.107422 0.449219 0.097656 0.458984 0.097656 0.460938 0.093750 0.464844 0.093750 0.466797 0.091797 0.468750 0.091797 0.470703 0.083984 0.478516 0.083984 0.480469 0.082031 0.482422 0.082031 0.486328 0.076172 0.492188 0.076172 0.517578 0.074219 0.519531 0.070312 0.519531 0.068359 0.521484 0.066406 0.521484 0.066406 0.523438 0.062500 0.527344 0.062500 0.529297 0.058594 0.533203 0.058594 0.535156 0.056641 0.537109 0.056641 0.539062 0.046875 0.548828 0.046875 0.552734 0.044922 0.554688 0.044922 0.574219 0.046875 0.576172 0.046875 0.578125 0.050781 0.582031 0.052734 0.582031 0.058594 0.587891 0.060547 0.587891 0.062500 0.589844 0.064453 0.589844 0.066406 0.591797 0.078125 0.591797 0.082031 0.587891 0.082031 0.582031 0.091797 0.572266 0.091797 0.560547 0.093750 0.558594 0.093750 0.550781 0.095703 0.548828 0.111328 0.548828 0.113281 0.550781 0.113281 0.554688 0.117188 0.558594 0.119141 0.558594 0.121094 0.560547 0.123047 0.560547 0.126953 0.564453 0.134766 0.564453 0.142578 0.556641 0.142578 0.554688 0.144531 0.552734 0.144531 0.529297 0.148438 0.525391 0.150391 0.525391 0.152344 0.523438 0.156250 0.523438 0.158203 0.521484 0.160156 0.521484 0.162109 0.519531 0.166016 0.519531 0.169922 0.515625 0.169922 0.513672 0.179688 0.503906 0.183594 0.503906 0.185547 0.501953 0.199219 0.501953 0.201172 0.500000 0.208984 0.500000 0.212891 0.503906 0.208984 0.507812 0.208984 0.509766 0.189453 0.529297 0.189453 0.531250 0.185547 0.535156 0.185547 0.539062 0.183594 0.541016 0.183594 0.546875 0.181641 0.548828 0.181641 0.550781 0.179688 0.552734 0.179688 0.554688 0.175781 0.558594 0.175781 0.562500 0.173828 0.564453 0.173828 0.576172 0.171875 0.578125 0.171875 0.580078 0.169922 0.582031 0.169922 0.585938 0.167969 0.587891 0.167969 0.591797 0.166016 0.593750 0.166016 0.595703 0.162109 0.599609 0.162109 0.601562 0.158203 0.605469 0.158203 0.607422 0.154297 0.611328 0.154297 0.615234 0.152344 0.617188 0.152344 0.621094 0.148438 0.625000 0.148438 0.628906 0.146484 0.630859 0.146484 0.634766 0.144531 0.636719 0.144531 0.650391 0.142578 0.652344 0.142578 0.654297 0.138672 0.658203 0.136719 0.658203 0.132812 0.662109 0.132812 0.664062 0.126953 0.669922 0.125000 0.667969 0.125000 0.666016 0.121094 0.662109 0.121094 0.660156 0.113281 0.652344 0.111328 0.652344 0.107422 0.648438 0.105469 0.648438 0.103516 0.646484 0.101562 0.646484 0.099609 0.644531 0.093750 0.644531 0.091797 0.642578 0.072266 0.642578 0.070312 0.644531 0.064453 0.644531 0.062500 0.646484 0.060547 0.646484 0.058594 0.648438 0.056641 0.648438 0.052734 0.652344 0.050781 0.652344 0.042969 0.660156 0.042969 0.662109 0.039062 0.666016 0.039062 0.667969 0.037109 0.669922 0.037109 0.671875 0.035156 0.673828 0.035156 0.679688 0.033203 0.681641 0.033203 0.693359 0.031250 0.695312 0.031250 0.699219 0.029297 0.701172 0.029297 0.707031 0.027344 0.708984 0.027344 0.716797 0.025391 0.718750 0.025391 0.738281 0.023438 0.740234 0.023438 0.742188 0.021484 0.744141 0.019531 0.744141 0.011719 0.751953 0.011719 0.753906 0.007812 0.757812 0.007812 0.759766 0.003906 0.763672 0.003906 0.765625 0.000000 0.769531 0.000000 0.998047 0.111328 0.998047 0.113281 0.996094 0.113281 0.994141 0.115234 0.992188 0.128906 0.992188 0.130859 0.990234 0.136719 0.990234 0.138672 0.988281 0.140625 0.988281 0.142578 0.986328 0.144531 0.986328 0.148438 0.982422 0.150391 0.982422 0.154297 0.978516 0.156250 0.978516 0.164062 0.970703 0.164062 0.968750 0.167969 0.964844 0.167969 0.962891 0.169922 0.960938 0.169922 0.958984 0.173828 0.955078 0.173828 0.953125 0.175781 0.951172 0.175781 0.949219 0.177734 0.947266 0.177734 0.945312 0.181641 0.941406 0.183594 0.941406 0.193359 0.931641 0.201172 0.931641 0.203125 0.933594 0.203125 0.937500 0.201172 0.939453 0.201172 0.943359 0.199219 0.945312 0.199219 0.951172 0.197266 0.953125 0.197266 0.962891 0.195312 0.964844 0.195312 0.966797 0.193359 0.968750 0.193359 0.972656 0.191406 0.974609 0.189453 0.972656 0.189453 0.966797 0.185547 0.962891 0.177734 0.962891 0.173828 0.966797 0.173828 0.974609 0.177734 0.978516 0.185547 0.978516 0.189453 0.974609 0.191406 0.976562 0.191406 0.980469 0.189453 0.982422 0.189453 0.998047 0.628906 0.998047 0.628906 0.996094 0.632812 0.992188 0.632812 0.990234 0.636719 0.986328 0.636719 0.984375 0.638672 0.982422 0.638672 0.980469 0.644531 0.974609 0.644531 0.972656 0.648438 0.968750 0.648438 0.966797 0.662109 0.953125 0.662109 0.951172 0.667969 0.945312 0.669922 0.945312 0.677734 0.937500 0.677734 0.935547 0.681641 0.931641 0.681641 0.929688 0.683594 0.927734 0.685547 0.927734 0.693359 0.919922 0.695312 0.921875 0.695312 0.923828 0.683594 0.935547 0.683594 0.937500 0.677734 0.943359 0.677734 0.945312 0.673828 0.949219 0.673828 0.951172 0.671875 0.953125 0.671875 0.955078 0.669922 0.957031 0.669922 0.962891 0.667969 0.964844 0.667969 0.984375 0.669922 0.986328 0.669922 0.992188 0.671875 0.994141 0.671875 0.996094 0.673828 0.998047 0.998047 0.998047 0.998047 0.000000 0.699219 0.000000 0.695312 0.003906 0.693359 0.003906 0.687500 0.009766 0.685547 0.009766 0.681641 0.013672 0.679688 0.013672 0.675781 0.017578 0.673828 0.017578 0.666016 0.025391 0.664062 0.025391 0.660156 0.029297 0.656250 0.029297 0.652344 0.033203 0.650391 0.033203 0.644531 0.039062 0.640625 0.039062 0.638672 0.041016 0.636719 0.041016 0.632812 0.037109 0.632812 0.031250 0.634766 0.029297 0.634766 0.027344 0.638672 0.023438 0.638672 0.021484 0.640625 0.019531 0.640625 0.017578 0.642578 0.015625 0.642578 0.013672 0.646484 0.009766 0.646484 0.007812 0.648438 0.005859 0.648438 0.001953 0.650391 0.000000 0.582031 0.000000 0.580078 0.001953 0.580078 0.005859 0.576172 0.009766 0.576172 0.013672 0.574219 0.015625 0.572266 0.013672 0.572266 0.011719 0.570312 0.009766 0.570312 0.005859 0.566406 0.001953 0.566406 0.000000 0.185547 0.000000 0.185547 0.013672 0.183594 0.015625 0.181641 0.013672 0.181641 0.000000